xf
-192.307543292319
14.612986290567
-37.576479076479
-0.05077199296
-159.053201296113
-94.119389605213
-34.234397546898
113.477817473129
14.642608964598
-151.833883840972
-172.727637097949
-196.833600275788
-96.230771279094
-42.809347054659
-198.135300149477
-34.96365802147
-172.457322505645
-44.716085845774
-172.920674626101
-36.6389112734
-87.979621224933
15.815044016721
-25.500883145766
-176.415223665224
-192.672694041099
-34.164321789322
-31.305108153631
-85.553658080135
-46.49233759086
-40.981150793651
-176.90844440185
-184.879490649373
-152.48538961039
-165.321683940089
-175.080176767677
8.281182640043
-199.441007985009
-35.397251741539
-31.424873737374
-156.867582351442
-192.33641490551
-104.779945815968
-184.524611881113
-36.532016594517
10.318023709164
-196.268868004605
-28.318794333057
-29.124011641113
141.959492804512
-148.394931457431
-111.500112690451
22.379313910678
-78.440395402014
-91.446627744865
-161.518650032913
-40.433693322956
-134.047145606807
-124.96845314169
-154.641053391053
-109.443546273148
-132.682714363197
48.782377344877
24.825306637807
-186.672074217473
-29.101299462036
-30.685429390031
-46.631313131313
-26.482503607504
-191.989466850204
-37.340458152958
-155.788874555976
142.864352306074
-38.235769159006
-91.862084376348
-142.29907144819
-163.46617965368
-91.554834054834
-195.617965367965
-33.733771928289
-99.422034680585
-38.42937742236
5.04273965486
-143.380790804028
-101.540836180099
-24.935245310245
-153.863095238095
-97.631204145467
3.57014714691
-17.230252622354
-143.817986349351
-193.795999375601
-32.78363997114
-29.069715007215
-77.155596095934
-138.338113275613
-97.170183982684
-178.414885417724
-170.602088647487
-204.615804570406
-187.62152963008
-85.106616825252
-153.708793670412
-180.46392866853
13.061945770726
-185.553282067545
-152.059707889309
-136.70454915915
-189.210302366667
-93.422547658284
4.971410533911
-136.142229534331
-83.874720038102
-33.244212900577
-89.171807359307
-166.071338383838
-183.991056334921
-191.758838383838
-33.305903202183
-27.949494949495
-163.361652236652
14.052566261347
-157.673720096957
-157.092697749062
-38.730083636219
-171.125112690451
-191.988794235956
-197.324246889585
-83.376969033333
-26.971919757463
-184.386457528559
-144.512054999325
-93.924133438397
-144.966559202296
-185.759108946609
-116.801497113997
105.33883848094
-28.210768398268
-39.493416305916
38.790400335799
-30.871302308802
-106.768834112699
-42.412450352788
-196.539769022668
-27.233489976473
-193.094494091656
-172.599867800097
-81.689300047199
106.810515873016
-35.416914726577
-31.726712803476
-3.143916891079
-165.986761222498
-57.100645646044
58.729176065794
-145.148452478054
-191.11929368904
-33.301335537072
-40.741774131037
-36.530663780664
-83.026158105759
-144.163671677935
-109.597427090181
-188.304811551973
-258.389787060186
-165.943069127731
-209.174165340385
-206.57458884169
137.657448734212
-193.429668773304
106.272208650047
-200.254686050085
-31.860028860029
-25.660082972583
-92.710302366667
-182.594787157287
12.24646958025
-101.445346320346
-144.546987734488
-197.042046215283
108.495590207209
-37.055551850951
-37.261002886003
-198.998121154257
-40.620757478656
17.60283265107
-147.012595084494
-175.13474025974
-158.373831265933
4.213744588745
-104.541847041847
-45.581165126564
-76.534000721501
-59.091724483826
-97.960339963178
-97.583799364935
-97.265132716896
-98.159996489598
-152.123733669132
-196.134046683924
-193.012294334423
-122.012720154821
-33.392969833308
-26.594629284967
-39.858585858586
-200.317347627009
-143.989880191643
-185.755190669028
-137.414881713119
-90.621576576178
-80.919909715308
-24.922960999724
-140.308734624073
-189.35049147833
-164.449314574315
135.246206154211
-103.508368647632
103.38474938639
-94.936252467388
-191.137896825397
-174.117604617605
-135.384653776755
-103.856231309635
-26.970978394215
118.066648629149
-158.912232381097
-160.826948812686
-153.280287936652
-197.84848114388
-41.040426543265
-137.933355075456
-36.165742287904
-36.574942182841
10.118051850951
69.598304473304
-34.871321107058
-75.836935414896
101.880572832336
-202.527569929071
-89.722312409812
-147.157557720058
-164.138963982828
7.670026110364
-187.163870851371
-150.707431457431
-185.650774852538
-144.264771966535
-34.089556277056
-163.195883741282
5.760555652657
-199.500901875902
-32.061692016293
99.600729866633
119.232030166692
-15.133928571429
-180.142763250662
-154.667369369132
139.844520299122
2.496208416607
14.834680180185
-186.102524491788
-1.317456612855
-161.597872333609
-36.135206291342
-185.485930735931
-158.070368823207
-156.482151983792
-87.932092449194
0.641395343158
-77.403029542293
-154.83910904371
-31.793917651816
108.83439678616
15.322492024255
-38.380121894385
27.226930775168
-37.339033949771
-206.823570570732
6.29067830778
-38.155396922498
-32.712485667087
-145.108942904342
-211.902687590188
-183.537683319048
-94.015527359163
2.397528099291
-144.973684021921
-28.111577142713
-26.515155219757
95.944899087
-177.998846359583
-38.280554794818
-121.784177392076
-30.60058166592
-170.71401144691
-36.8993355557
-42.917673823809
-38.845228423632
-126.147537225941
108.934610292509
-92.040310148209
-27.606605436207
-32.598199192064
-28.510717229582
-141.801064974302
0.291847041847
-155.565994813157
-87.273439101843
-118.682458621599
-106.585569224832
-168.380587925987
-31.557069946333
-187.577380952381
-121.721786377922
-31.248395421632
-35.577561327561
51.208513708514
-37.569444444444
-181.85101010101
-99.12752154792
-28.52904040404
96.943262879123
-76.658891735655
-147.583780566679
-89.517293514455
-146.776060508959
-41.795364357864
-147.217893217893
98.642663936422
-92.656385281385
-36.845144203043
-155.489831305169
-187.68315590202
-39.347831032493
-197.629223723088
105.897982741847
60.656855017592
-193.943922117159
-92.388253871153
139.110299422799
41.76174318498
-193.572243964345
-15.470879079976
-25.168853671692
-164.968051090213
0.40333399697
-194.168921356421
-175.201858625095
-97.933167291066
-135.574694122931
-161.758004192666
-161.176425724663
15.648035432009
-196.035353535354
-156.558712121212
10.964944952322
-38.899914277752
-28.68262987013
-145.773908838049
-142.884924339526
-86.152531435307
-32.224659643132
-27.040656349876
-138.634286965815
-100.30211017383
-31.804493913747
-35.444173881674
-87.980341461314
99.249026189807
-82.733241005549
-139.306457431457
-134.766576263296
-119.776598568431
-145.316558441558
-160.809253246753
-67.131132756133
-22.801154616935
14.068875938955
-169.185603704631
-28.580176767677
-146.920364357864
-172.795995670996
-32.938961254742
153.945977633478
-165.760297282606
-159.694171525699
-29.022438456658
-120.497113997114
-146.121931265959
-203.949226742699
-186.73340783938
-30.956184728493
-142.82954781052
-40.167661086133
-159.974902825954
-29.219609138081
140.972294156514
24.796626984127
-177.314303751804
101.908568036849
-19.73547979798
-33.731890547671
108.498753271062
-144.624384584193
-73.399330040077
-72.972030364418
-166.42794011544
-30.85371808469
2.165207767899
-29.661056782776
-110.318521959269
-193.668112024084
-162.560774953162
-30.865782612502
-95.300613491394
114.008366836614
-35.721681096681
-131.744748510496
-210.124997644025
-38.358403127431
-41.232055025527
113.666326525579
-185.562953293926
-103.821083718392
-177.829619744811
-15.817640692641
-28.655483405483
-87.019374434566
-159.680174195921
-107.766666450886
-33.410515657235
-91.588113275613
-116.245851370851
117.215656781437
-37.485930735931
-133.813420129201
-84.547547113328
110.021913228441
-31.088894138088
-50.718506277726
-141.366182225435
-185.716632947605
-164.425396609616
-144.335410003882
-30.866792929293
-71.662790956263
-114.043305940614
-40.676115754363
43.940476190476
-139.99090930669
-143.414143770116
-177.902509570982
9.82403252892
-189.368975684756
-23.699494949495
-201.383836027864
-138.608766233766
-42.129692110664
-150.911976911977
-175.759812194032
-44.510080400827
-52.96356185759
-32.767657424464
23.928663972136
-34.541946356087
-33.019857167166
-145.310786435786
-101.53578857598
-97.353463419244
-83.777976406257
-168.944694397941
-88.362211615492
-163.027401130093
-185.32233044733
-176.43901257976
-29.459057190029
-192.050703678984
-153.233874674655
-87.786796536797
-84.42803030303
-38.078210893992
-202.809255602728
-30.402978762232
-95.637445887446
-72.893467846715
-178.676205941953
-173.595328282828
-31.1783191191
-151.783686242922
-15.326267875462
-30.253339296812
-158.047080278053
-108.572075781884
-190.507395382395
15.670276526249
54.266687060159
-122.866973304473
-186.190852838161
105.89898989899
-202.766596872569
-140.745583164055
-37.339745778886
-182.80266955267
-30.452383308356
-190.847134390607
-26.968346511819
-90.358215981576
-96.644279535027
-203.699206133426
-159.837662337662
-106.207614188586
-163.642297764017
-197.25243742091
-84.968442204023
-164.931277056277
-36.292101707293
-75.970598845599
-37.133313155622
26.996031746032
-91.595578236325
56.724675540456
-34.52408008658
-157.188871067152
-76.4715189748
-36.75965007215
3.657557720058
-38.266055747028
-91.072140945501
-100.127969419801
-36.025414647134
31.032377344877
11.012064527812
8.731782106782
-157.444805194805
-194.775162337662
-118.761994949495
-87.993127489847
-89.315115440115
-160.065097186817
-193.43993742091
-188.623358370078
13.239827055608
-136.400340356868
-87.178663972136
51.245930075817
33.179112554113
-164.890040718288
-156.674512987013
43.161444913085
-53.021374458874
-104.218954859702
-41.659553329666
-83.995127514155
-0.749889203136
-37.359848484848
-187.345039466759
-30.251623376623
-183.321338383838
-27.255300458548
-133.484938672439
-182.488744804525
-139.122204184704
-181.730323208015
-34.487736843709
21.904827068378
-39.852795599515
-192.438420129201
-199.522907647908
-41.96888763736
-154.048178426459
-43.407828282828
-29.737012987013
112.543921356421
-98.223646970366
-162.562842497062
-42.641702957484
-203.584845913093
-186.272255725503
-170.454184704185
7.311455345429
-169.470686677214
12.01994971073
-47.596861471861
-37.46428807026
-31.817439708187
-187.400597378289
-79.935242954271
-40.73230262305
-151.669714791434
-154.374821980794
-99.344588528808
-42.010279029307
-174.476368495396
-54.896122149403
-162.349296536796
-33.509578137859
3.676478860698
-90.904313322786
-121.175234487734
-159.543472774445
-172.875543481516
-70.690025252525
-139.644387975916
-152.427509786763
-71.110567629595
-191.127978546451
1.208766017985
-169.858206854926
4.75009018759
-35.482892827726
-93.573685617158
-195.765077224886
-149.211762817735
-166.624007936508
-38.100899304146
-145.978100312909
-138.942908899437
-200.021554834055
-37.995920949168
-19.855591414811
-113.324675324675
-74.104236244983
-23.981851685099
-180.240097618378
-192.005846296038
137.443380446661
-38.568903318903
-27.736393156506
-38.12276120757
-17.462301587302
-158.653138528139
-158.301857864358
-157.603834386168
-26.105801525914
-162.881042568543
-134.218443470084
-28.26217768065
27.39130334455
-171.761456179928
51.079617388837
-26.768777272058
-42.79310966811
-24.857591439119
-197.25721265124
-136.575468759688
-138.327182323902
-94.041414357195
-100.325288384508
-185.147005772006
-98.211510508263
-32.489270032742
-149.141339851148
44.026226335446
-197.564123376623
-31.606689563217
-173.674621427902
-149.462762741815
-38.461131504604
106.084251106559
-0.771376814849
-96.271913228441
-83.630684174156
-43.003499062718
-148.627597186817
-40.162499784219
-201.822041631261
2.667478354978
-106.025613275613
-79.823972077253
-193.956006709287
-108.744334079142
-195.552942471415
-41.705256738704
-31.9613997114
-78.582457571319
18.885477657786
-190.038151706624
105.508660364633
-160.46571046243
-192.973412914194
-40.253156565657
-116.412589971809
-162.068991150519
-153.845596489624
-190.816200047172
-33.964628211348
105.714355292602
-49.549316714508
-150.108874674655
-151.561255627036
-153.086940836941
-103.043021836494
-26.929024722497
-164.849386724387
133.162536290817
-165.375252309472
134.92840930669
-161.663961038961
-157.56185043357
-164.647981938174
-164.387984657012
-194.602381168162
92.520199664227
-174.02886002886
10.114621656454
-32.325561303253
15.93759018759
-47.706168831169
-155.443454736927
-163.580174411702
-33.914772727273
-84.865077009105
-194.684526165498
-173.954346826066
-161.652796031077
-177.135301994555
-88.46917174148
-132.267514645795
-28.610919253307
-150.29769098191
-116.395923520924
-168.644482875455
-182.51161830181
-108.358694299475
-29.559056974249
77.22748392829
-28.761121543455
-187.552019986239
-174.577427224163
0.749907456435
-38.765509909538
-183.883588254194
-94.434822555916
-90.531753782242
-29.871392496392
-30.633920820933
-146.271464646465
-29.890081760687
-33.528401340413
-98.794024226641
-39.475399221005
-34.892869825487
-192.094516594517
-94.810072685561
-84.512327516234
-86.341422032828
-31.247265902433
-159.518308080808
-31.029880275974
-151.303669366658
-46.51270869972
137.241259840488
-196.075556767451
-176.022276334776
16.394743331755
-37.675615671221
-157.82892189191
43.305091934975
-200.698335193452
-42.461788645382
-41.547699018646
-153.531295093795
-30.92306998557
-38.821518759019
-100.855040358947
-43.460304777688
116.188664401936
-146.517468208874
-154.821817505411
-151.038620721726
-182.438339871934
-116.887809103874
-159.799963924964
278.147026205132
-28.970495975379
-135.856581298476
-40.75268519458
-26.774884024396
153.495282061688
-41.319715007215
-35.284985034497
-96.390429828418
-38.1403938943
-163.383276825171
20.818702510597
-108.351809106692
151.403318903319
-40.515880766369
-61.831341455853
-34.62987012987
-197.645943954049
-135.274633894751
-83.0625
-34.808060374955
-165.376713564214
-26.673188356782
-29.450293955177
-45.903922032828
-159.857073102679
-161.612623867018
-36.140803261409
-84.32053719833
-165.074494949495
-32.547180792298
-37.089035584641
-143.379800375406
-86.445998066604
-205.023366336355
-73.438652005547
-102.59585672574
-93.316898758793
-107.024793836806
-192.722783780889
-170.48556998557
-179.158542033054
-156.407106782107
-127.116161616162
-26.301149046266
-163.089674648268
-187.481040172935
11.414620821954
140.849415194249
-41.041486291486
-42.773088023088
9.053140923746
24.740800865801
-177.592893217893
-161.986500045094
55.004308571203
-145.331627519616
1.612922613411
-30.075605384199
-34.914981286075
48.420176232188
-182.339375901876
-37.176968485074
-73.429125236742
-29.468003838609
-190.096340779446
-33.104256854257
-153.840360214872
-185.23547979798
131.173902107008
-34.525002395608
-70.564404155957
77.075948167501
-107.11734180533
-33.29607810809
-78.396222267316
-175.785804473304
-81.310343248332
-101.556998270759
1.484856235345
-81.98537692776
-189.456810360863
-171.818722943723
-147.453360333243
-38.209886955492
-58.068632756133
-193.595258528364
-30.88092419733
-198.283016408505
-38.919302539908
30.363427804834
-107.90167509357
-39.621482683983
-31.639347577336
-25.411497790404
-44.118388122294
-24.80313317325
-204.883407879013
-171.660222129216
-174.010670319264
73.571688917636
-189.763146955042
-174.952589511183
-139.113808988321
-131.650984242537
-39.904393403905
-156.635183447195
-117.763257575758
-50.061487503382
-88.471039566987
-102.550054112554
-82.410075222087
-87.80266955267
-41.350025788014
-158.646923334912
-138.656284877232
-99.729256854257
-95.742591934975
-198.55554780506
-178.575314388303
-63.099850344968
-180.474386724387
-194.993235930736
-156.884199134199
-159.564664502164
-164.349739724251
-158.526577155483
-44.924861054744
-31.009036726078
-39.439373506268
-26.79023141572
73.927919682314
-32.285008572225
-32.659021154627
-34.436598124098
-148.988115671221
-41.854465413059
-78.103896103896
-35.047799422799
-153.258039378157
-167.128336940837
-164.880238630727
-83.749737187725
75.47113997114
-170.323773448773
-24.8777880648
0.953164457071
57.033106596095
137.815375786323
-188.462863145969
131.767955080943
-188.979617604618
-148.660340852724
-40.591790533685
-73.810745217239
-33.553329049423
-162.77685546875
-115.989996927985
-35.339195526696
-37.548881673882
-186.411976911977
-138.272444027327
-172.258547387942
-138.595689033189
-28.603555786661
-28.104978354978
-128.818722943723
-33.179555741567
-188.023428340323
-30.789973535579
137.044635106647
-166.983392800776
-28.903671616944
-196.079697646104
-34.62682418493
17.336038961039
-169.232774170274
-162.431560301678
-26.646788890228
-133.308552179158
-31.38944269706
-142.864365614854
-145.92047497858
112.529393403905
8.356593981106
-141.890352323458
-169.3988997114
51.322601010101
-33.964909276921
-172.4613997114
-190.344413724297
-142.407086348981
-148.740607807991
-178.427218614719
108.315726320121
-36.221889655483
2.93281024531
-30.340177373625
-191.163953288465
-101.062922754329
-175.92611593051
-141.139901385507
-75.238455988456
-159.025432900433
111.401247054811
-163.070985383974
-90.976891543786
-39.298528674017
-153.548520923521
-190.924783549784
-194.983315295815
13.794442048837
-146.146456895969
-94.936036565431
-36.948781199269
-155.396915584416
-155.926595338323
-34.41620797822
58.55410233755
-94.984626891121
-79.024010332116
-159.337031024531
-99.140684890197
-191.176829680736
-79.229617604618
9.740249523697
-188.507472887356
-95.832874644886
-142.393738585633
-176.285000535489
-104.283830562883
-32.622466996979
-160.79156872858
-26.887778167945
-38.103195036301
47.735590418696
-85.415674603175
-39.277708023313
100.909021154627
-30.665113044508
45.073392265287
-33.469127660534
-4.516032957927
-31.567271905544
-73.645714962121
-152.608864171852
-137.263819134425
-99.042630546537
-93.425054112554
-37.713564213564
-192.95298408189
-36.597229972718
-184.038592538104
-144.196789321789
-85.718893031881
20.194354256854
-40.62277131404
-44.752156751668
-30.613275613276
-48.36135349026
-161.940829190341
-92.376881256764
-202.293017014453
-21.315135873241
-152.709353580447
-29.506416001533
-90.48347523787
-144.478994041982
-158.622397242514
-154.817439884334
-107.663788414277
-119.074036261048
-152.211136899125
26.962469279852
-153.33163245175
-107.513089883207
-134.33163245175
-120.590999278499
-22.15975872882
-92.480267171048
-78.373799377706
-137.299783549784
-92.874729437229
-180.754447375541
100.406024531025
-156.655205092217
-35.424861054744
-70.893849206349
-33.353998974116
-166.08659276921
3.405741285624
21.627994157535
-95.185799118416
31.040602382643
-122.786984662473
46.500992063492
-165.840741398359
-139.448044197556
-154.670745541351
-180.977030348124
-167.752976190476
-47.142697200803
-176.185245310245
-178.944457127074
9.49903612013
-201.686237373737
-154.614525556908
-107.593802844291
-34.084165454771
-94.513798701299
-28.151322093705
130.716171903184
-31.221438717532
-116.472582972583
-189.511105756223
-114.977202972808
-90.867125496032
-33.981138111021
13.499298932404
-194.84632034632
-136.034985034497
-186.104326608721
-36.951909581304
-156.721611342217
106.870372249278
97.959415584416
-39.740058931953
-60.254620000225
-140.276257271374
-42.024247779131
-32.819887631899
131.795712425595
-32.633949004554
-88.149731832837
-99.574126448638
-32.786533724522
10.255411255411
-149.363095238095
-36.612123607729
-70.857433853039
-24.229970604482
-194.17325036075
-39.766053391053
13.119511239628
-186.992895613501
-149.872753060741
-30.049234673746
-0.592290088384
-36.26902958153
6.271645021645
-34.482212611607
101.143939393939
-171.68099874301
-192.759822696834
-164.093053159948
-106.482150607639
107.53642803594
-169.270299958288
-195.487762671356
-185.068825813943
4.571809754915
-161.148278614831
-197.356351601957
-118.431887936282
132.395202020202
-135.032578153184
-94.801837431232
159.755493692505
-30.847500535489
-39.084402901786
110.817001629013
-93.635662568768
-144.786275844381
-146.189574314574
-25.912247474747
139.990422148381
-38.220238095238
-129.007382699766
-35.205869798536
-120.854326608721
-10.207328587211
52.91198712854
-38.518918960813
-166.581168831169
-90.540854978355
-192.013986826975
-169.24425617785
-34.687049062049
-95.843537213654
-166.500721500722
-78.193341760236
-134.279491341991
-180.004349437455
-98.689775122881
-107.382583508072
-142.776327025839
113.575487012987
2.422438672439
-37.909701789096
-187.936134503517
-191.207439207927
112.536866291261
-32.91340723079
-182.442828818317
-111.017488642
-174.05657580267
-95.965658961264
29.288079596185
-31.77589158888
-24.140252205545
-83.97688379329
5.845431153048
12.725948097042
-194.135531514926
-37.592171717172
-204.581689523584
-88.078192640693
-184.240447865936
-165.328192640693
-71.653671903184
-142.801788109894
152.10101010101
-159.464736652237
-86.630681818182
-156.823605756223
-51.055395613501
-152.095967346456
-38.192931688537
-71.510281385281
-150.63570413961
142.924170203711
-118.436119002525
-146.654499092487
-102.443264255276
-177.903581715593
-37.000520406175
-26.715818903319
-41.681810431322
-30.081065960949
-146.108323046311
110.687041311553
-59.942702696609
-41.699945887446
-62.194707256719
-36.659078226461
-37.272727272727
-83.669282393022
-170.544712611607
-38.417498788104
-99.964077155483
-191.20966571406
-173.903228715729
-138.18003486314
-69.085067330673
-170.061147186147
-31.928952612058
-175.713113275613
-133.079094516595
-180.029241212347
-46.375172624684
112.63953288465
122.281954590548
-17.311590373602
-149.958271329365
-89.514630822736
-156.978994041982
-193.24321549761
-182.300054112554
-87.144841269841
-166.287350344968
-174.048520923521
-28.436688311688
-185.021296953914
10.173139740034
-17.910915094021
97.35073953824
30.749371152936
112.989448051948
-105.22409572849
-88.580550200667
-10.283070661977
-28.124881342548
-202.185245310245
-93.428501674107
-196.968253968254
144.38377637987
-173.835760647772
-198.289411976912
61.037788600289
-31.228166852679
-199.12240499301
-78.134928385417
-75.750458688447
-33.158026625068
-2.671356421356
17.431539868552
-99.482967228084
-84.877267372385
-161.676394243777
-38.068341760236
-39.066855008124
-35.561056998557
-197.462190966585
-190.052120676632
-37.618887676993
-151.741710492199
-160.219496161391
-160.596771284271
-188.202852323458
-94.065594561688
-167.445977633478
-96.001643809749
-196.192661125767
-185.872536751443
-88.446781571293
-187.922266047754
-165.890422077922
-40.1231884977
-44.232233044733
-180.134490130096
-30.549262857368
-15.70940754768
-148.292777387611
-37.533902783414
-34.202533143939
-34.3970882091
-160.210239955357
-48.692452566964
-88.810642280964
-170.165015106421
-36.113726551227
-44.66063184862
-96.906836219336
-34.932297303391
-163.556630056142
-31.86707124256
-16.149981962482
-154.702540894435
-177.496565121077
-84.96808134357
112.53267637751
-132.688783059389
-31.515942770337
-117.767857142857
-151.724505095599
83.413489667884
-207.013868455763
-31.850837476326
-90.873466810967
-156.722520968615
-184.137716450216
-197.137556508162
-134.396284271284
-32.450585237313
-189.161956478851
-151.866862331462
-26.899523274035
-142.029401154401
-31.664953102453
-83.438582251082
-137.538059163059
-35.687237187725
-31.131042568543
-136.798871457319
-25.851030534136
132.044199669688
-88.478535353535
-204.133317691423
-24.822892005997
-34.758407879013
-83.437868500857
99.734508167614
-33.05772005772
-51.857233044733
9.629128196023
-202.245511053617
-164.068625005637
-178.221410533911
-186.882292512175
-31.618388122294
-102.515053577065
-190.82511851213
-31.568542568543
-132.427148860254
-33.292305730294
-20.131313131313
-96.387154891549
-28.892447423453
-32.446977733706
16.142578829591
-46.703290578779
-139.848124098124
-47.157029277146
-40.217885467397
24.507655442363
-169.556194619183
-34.508305008793
-204.012064703959
-76.777499464511
-177.840125586219
-194.998634503517
-161.39411976912
-166.758920820933
108.923771053166
-149.129140878653
-155.36056998557
-190.065574128562
-158.190323998918
-59.991592120987
-176.738337264949
-34.358598541216
104.367625050731
-193.638909322015
-84.503795629284
-98.517316017316
-208.140873015873
-162.534279034767
-87.664862914863
11.095972278589
-192.99243199292
-205.682178932179
-52.113976680871
86.477981545364
-32.659160663555
115.622294372294
-82.515615135732
-160.368235930736
55.871925871438
-42.438484312996
-179.123036306142
111.90978422619
-146.184265929383
-137.697441068047
-202.643315831304
-29.164071659677
-42.631063001668
-37.105457476551
-200.039953102453
106.528978400072
-39.582181327787
-134.986020923521
82.972833102228
-151.99505236517
-106.2551586597
-185.376380997475
-192.820096190702
-169.410095655213
-158.452048385642
-184.551767676768
-33.08467839669
-192.027499464511
-162.641424357977
-33.37012987013
-186.668372480384
-175.294733044733
48.055478050595
-191.92020441581
-38.454996392496
113.477813852814
-10.650342712843
-196.994666249549
-161.73269173318
-28.707160894661
-172.071539192145
-182.012203508297
-41.591983591495
-93.112201112689
-162.941578874684
78.952721269616
-31.129710187816
-196.705114763708
-193.038157101145
-164.048007981602
-82.707792207792
-10.738899175911
-181.260724572736
-108.174693362193
39.126791069174
-169.376373246979
-159.994478123873
-138.55581836783
-182.399087837076
-181.943784947691
-181.848276289683
-188.715790719697
-56.614427618822
-181.926669738681
-194.088113275613
-155.553009869904
-85.554896058802
-144.782209652327
-167.883227503833
-149.907926220914
-155.362616116522
-161.540960316104
-53.033919911751
-166.695816018236
-197.267658003481
-38.907647907648
-103.731592358019
121.247204184704
-157.959073581221
-156.279444438038
-155.83396826678
-143.685068555381
-166.007846320346
-29.253314556326
-157.415295088618
-40.837466818602
-164.420007227819
-36.294552669553
-92.540137097949
-34.16341991342
-139.172077922078
-38.578557011369
-57.070887445887
-127.620674615987
-80.514246103223
-144.702452409835
-163.805393910511
-28.642496392496
104.738888196271
-126.805104617605
-30.567479047596
-83.009217864335
-92.172506593867
-114.802650822534
-138.771013708514
-42.542748917749
-93.742221601082
-93.501191168808
-20.751284892425
-135.013152194058
-162.818290735908
-154.124166045526
-81.843956738839
-139.06919261181
-96.107033939417
-189.838474025974
-28.599815159477
-98.215529542293
-53.125761374767
-26.458171756409
-30.225450177213
-164.056344741007
-74.058308129359
-141.301207752971
-196.053733005496
-206.711238134475
-23.582702020202
-45.96870861081
-109.434610292509
-34.71192574329
-201.0868355557
-83.023178210678
-45.114624722523
-28.864560742399
-30.935155122655
-32.394841269841
-143.873579501418
-178.324865098984
-169.799313813577
-149.343329062193
-77.053111227732
-93.919391092628
-98.84875911586
-94.07683982684
13.901956690338
-31.505777700295
-160.222041847042
-159.533121348459
14.055014430014
-161.102520787183
-201.71854332928
-99.947961760462
-205.32927118717
-99.386649292785
-164.474296536797
-167.883481338083
-102.359311063912
-106.622655122655
-76.780483405483
-18.124259701023
-152.071049022812
20.225923618025
-146.669611091394
-185.893420771259
-28.00268682945
-66.076933719035
73.711129148629
-84.628521020622
-88.658083751948
-56.000251764515
-155.20427118717
-143.476727897127
23.113711457576
-34.35335868296
-141.136367340969
-100.399531024531
-171.619408369408
-88.713393237512
-92.467006435642
-33.787536835774
-36.011021684259
-138.951550465814
-103.249477672715
-107.614898989899
-150.405938048039
23.598388966372
-186.969963827863
-195.31240981241
-31.268683924819
-33.720422175023
-37.051692582828
45.712297882697
-34.003791583393
-176.562049062049
-30.752904801142
-170.409992784993
-162.361024628126
-179.940130533766
-116.151875901876
-181.85840918801
-160.72113997114
-113.214394700132
-41.733202605364
-148.641968370688
-169.315746753247
-183.131876759715
-175.237103174603
-185.631512304749
116.439953863191
-100.008751900853
14.387536075036
10.845418470418
-33.430217308055
-202.62037793004
-185.650342712843
144.82196969697
-22.070774755437
-30.421337623101
-144.442655786291
19.845875102892
-27.699224386724
137.958152958153
-107.294011544012
0.005407550806
-31.560083733321
-154.198950119349
-145.456236515898
-35.695241039105
-33.020946023784
-179.126642174879
-176.612012987013
74.027755274917
-144.794530166692
-169.545283569402
-162.118232226131
-38.232789263925
-104.460584318483
-34.330154264816
-107.984033091932
-92.382395382395
-168.435087437926
-155.946158008658
-83.947691197691
-181.455988455988
-171.767402500301
-169.052150929989
111.181457431457
-36.97375911586
-124.681727994228
116.223009417755
-88.426857864358
93.679631176793
-20.647095959596
-113.624455169854
-88.043583108921
-184.717171717172
-150.756294333058
-64.381677586279
-143.388325260487
-156.315761846897
-33.437049062049
-147.712643539407
-31.871035450637
-155.098105299868
-39.09823308397
-155.304920537819
-36.283658769396
-151.493239635341
-31.720147907648
-165.755054209656
-94.813473265236
-194.274459635196
-34.785714285714
-102.624094419493
-154.670106898827
-178.375360750361
-37.270044147882
102.715202683838
15.467803030303
23.608694844432
-117.549851234513
11.240804570406
-175.890888109524
-181.38508591645
-28.423182676021
-1.205640809361
-145.539487070852
-157.299621972859
-176.260367868267
-47.332363772702
-110.148516458178
-34.238922020058
38.981060606061
-172.753445926683
-94.262351995251
-86.142316017316
-25.402939354703
-87.973199192064
-187.880591630592
-81.936504231903
140.703438983163
-37.325310342412
-97.397926446163
-51.740263444865
-40.475653055254
-73.343269061905
-31.462861511098
-156.759037557274
-81.376709859609
-32.379761144024
-96.657103077502
-152.123827561328
-140.899241663505
-1.157576518313
-159.533008658009
-174.778029542293
-145.294819527718
-194.509289321789
-33.617585819349
-30.737373737374
-85.585952478054
-28.404694220032
-32.326118326118
-160.604369544708
-66.794285811387
-101.845437268674
-203.307069946333
-25.669026637662
-148.793383935485
-29.239196287433
-38.845713253489
-139.372098903463
18.126638470274
-119.494517355254
-166.325302933202
-170.30753968254
-69.741251803752
-39.802688350925
-28.612037207313
-37.12238085528
-140.100198412698
52.546788561052
19.6920995671
-34.238005050505
-184.865240942004
-165.402691294793
-115.117766194529
103.329474065211
-175.826370090633
1.173607406506
-2.751101049338
-34.537766097428
97.124387485124
-96.927737237399
-160.861182500446
-172.516684704185
10.761634199134
-193.505212081975
-30.631583694084
-168.365278538515
-204.157480363722
-140.320436507936
13.316003939806
-40.822939257601
-34.531817421081
-143.670364357864
-142.198157229293
-82.607071467808
-196.806532525397
-192.637987012987
-104.345888206625
-116.371046839682
-130.600036835774
-187.839372197271
20.641684704185
-73.201497874735
-44.013640828979
7.020311006048
-32.317569303306
-84.002179595815
112.781931828971
-89.826777564155
-141.552853632455
-17.695507897271
-171.577106685005
-158.443978412843
-156.891774891775
52.953457236462
-0.780660076059
-46.332164599266
-192.796063355725
-43.326655747054
-197.650996528835
-132.728554151791
-196.888428279332
-38.510367868267
-117.559713311354
-23.679383116883
-196.46123442987
12.401135602899
-40.519660894661
-158.876352813853
-35.758045493782
-26.865536270032
-183.615782067545
-35.413603993205
-96.200378027141
-140.202290764791
-160.17760186794
-152.42557643984
-36.521284271284
-32.84370861081
-70.649527319926
-92.891774891775
-24.199840606205
-138.995599606336
-38.702452341716
114.602069849232
-194.008928571429
-31.549437893073
-34.539701337938
133.881574022477
43.226570024807
-124.55260186794
23.969065656566
-52.953553391053
-194.792365664528
-36.015061327561
-34.24731317055
-32.845238095238
-36.216810966811
-184.890328185727
-165.448247416883
-187.566393160029
-96.775414102177
-192.470132813997
-35.552233708369
-157.736385378487
-164.65108301182
-40.030569888469
-77.835313755712
-165.036691255556
-33.042403261039
-163.766214967978
-39.50496031746
45.871411294648
11.799174739513
-134.425880894516
114.715010919612
-211.667857903595
-88.318095335197
111.744849635753
83.899098884836
-177.515779123678
-19.561124683287
-184.015066749606
-51.977795054558
-136.629761144024
-81.313952128092
-147.196702838804
-165.089665262902
-34.479640107478
-32.841630591631
-104.108918684042
-42.546285032022
-169.960152178788
-91.375830486567
-195.11257291081
99.093614718615
87.479829609308
4.669304609643
-195.790839884704
-36.004257614994
-156.345144203043
-159.606041807805
-141.629039643303
-184.789321789322
-147.514268437505
-90.176204048366
-177.051876662614
-75.900261651902
-193.99990981241
101.447533325371
-36.14908008658
-193.777345638082
-81.464191822091
-143.02426046176
-34.136457528559
-29.697691197691
94.918302874544
-179.824603935341
9.625744003582
-165.504419191919
10.290407745009
4.197168870406
-101.858116122379
2.241888538928
-73.21130952381
-196.656930111531
6.304824383228
7.869878105615
-153.559613997114
-131.104869914089
193.193161208908
-154.653303005995
-173.692300551553
-46.325198196918
113.697411508271
-169.994212096904
-163.997111641139
-36.704653895435
-159.907289513262
-38.148448773449
17.644011328231
-173.128068734041
117.494230350203
-185.375811688312
109.845330638803
-91.799713971467
-202.357954545455
-89.141414141414
-157.351819433347
111.280467508159
-35.776316523036
-167.957271691525
-39.921374674655
-94.038870851371
-153.910783864031
-23.191380422353
-182.747384559885
-185.734503631812
-146.605718108999
-107.174621427902
-74.021266017985
-175.105792399265
-164.614739223992
-177.623295562436
-91.719065656566
-102.580625349653
138.162626478407
-66.127795815296
-84.151875901876
-26.948144491617
-162.164324145296
-188.114736868018
-27.480792399265
-175.057560291813
-196.672438672439
-143.068738841047
-168.064844877345
12.404421763675
-35.657557720058
-31.664844661564
-152.87012987013
9.703949381951
-38.028147654788
-41.684070515598
-123.537809209562
-90.258477633478
39.857774170274
44.607524216777
-30.836686171495
6.415025036744
11.649262817735
-139.726188120216
-159.770373268733
-78.826548654796
-37.317890646138
-166.63717768065
-182.477654086907
-167.778931963151
-203.586778715059
-177.161976911977
-92.827108033636
-176.311598124098
153.227455458428
-161.338365585085
-166.247224793978
-37.408207286488
-91.366885472858
-141.674512987013
-159.30349949428
-98.00812709968
-34.06540190021
-35.608673690201
-127.705068326788
-175.883658008658
-175.325306637807
-37.51658303397
-30.036967785327
-170.356874650347
-88.080634476302
-96.273807167835
-101.385626238318
-35.508387445887
-29.532546237434
100.817029988783
-118.340636172164
-145.641215512935
-36.57467768065
113.098683476964
-197.60101010101
-216.89467914796
-157.599548846268
-88.849749830722
-35.279401154401
-163.873554642582
107.772005772006
-88.722763347763
-153.652597402597
-174.289502164502
-152.26911976912
-102.786976911977
-104.958495455215
-40.420898712731
-108.59848720446
-39.794032153285
-104.185946201693
-184.419841485622
-77.014718830499
-163.842063276283
-37.793738625266
-35.750811688312
-26.202092136312
47.226733957706
-41.862463924964
-151.218272221553
17.83667027417
-202.18300887379
-188.114466305247
-172.362373737374
-50.391700601509
-29.400543697297
-16.768467846715
-152.385822510823
114.850757791538
-171.02398989899
-158.765782828283
-90.997835497836
-32.633385089913
-39.131836003555
113.7226525509
-31.448433307686
-40.80988220391
-28.279836195028
-27.73566017316
-36.258044948826
-26.679762120543
-35.758565465093
-36.367992747914
-157.907916114444
-78.423252716725
-181.62274766622
-198.185443938725
-147.766684704185
-176.633181408198
-39.214447836167
-197.467803030303
-48.056114934396
-69.942534607726
-38.371121933622
-148.745474723166
-167.882663589191
-203.885191197691
-38.021563960704
-121.243416305916
-198.808080808081
-142.783552139524
-194.907848892102
-32.266684704185
-3.013981432454
2.524799231327
-184.096951659452
-34.544392903646
-40.992045238765
-36.3683467276
-162.786190886174
-29.099188095907
-217.875829941611
-142.886275804748
-90.049873737374
-75.206818397599
-172.481060606061
-27.472113781333
15.053643362863
-33.825214094242
-99.748915392943
-170.805194805195
-93.450646778894
106.712412384165
-141.219969888442
114.698410342438
-183.176515367296
-90.544119984901
15.169570922852
-189.341901154401
-49.022574277495
-199.106322042182
-164.533186677214
23.849298892771
-178.391231410259
-128.917836749364
4.100200768673
-163.598618951883
-180.025164693637
-32.277310942503
-36.526355385608
-179.850448366195
-115.551945695973
-81.310966810967
-23.181205121986
-92.522456709957
-185.912407240654
-89.17812049062
-95.499461230434
-191.86470036142
-28.443885065604
66.743668615388
-170.236636339328
-171.422005987787
-26.589015151515
-37.903318903319
-29.581547834828
-190.318172691532
-87.635283741256
-16.070073401601
-86.774621212121
-38.741161616162
-28.650703463203
-142.717189970471
-101.974116161616
-115.32674963925
-65.270091223338
-132.942730880231
-91.664157311466
-179.897026381279
101.065486407039
-155.61066017316
-32.918576503385
-31.609587048727
84.419626959819
-169.529042760015
-158.470325926854
-33.824737042404
-116.831351562324
-44.678573784546
-90.837050367743
-201.430826118326
136.958766017985
-87.985188625936
-93.162608225108
-30.142498748471
-113.587752525253
-39.561076341769
-32.138417341664
-30.991520010548
-171.871861687642
-68.095895522257
-172.91163205894
-148.744678932179
-46.405950240759
-176.480805940614
-37.703373015873
-138.077744058716
-160.787788600289
-161.366885472858
-190.227473711727
-179.799242424242
-149.569536988009
-177.340004859033
-79.936579870799
-38.567576618938
-34.579895988343
-92.145199664227
-149.55564809912
-1.239989177489
-98.686780855253
-35.661162867691
-0.467613528473
-83.170433936181
-105.21645021645
-42.934345790318
-37.687139249639
-149.354238600958
-175.301966305247
-168.953715512935
-185.919101731602
-24.677391129311
-156.663674578866
-190.147093603621
-26.631130400158
-169.315187374407
91.662677803425
-86.345869408369
-193.670547089019
-196.619156059937
-190.717881735269
-85.891702957484
-96.853803560331
-39.668107312135
-196.221410533911
-155.506132756133
-143.073368782605
104.856333524806
137.329443784331
-35.826731385951
-27.448701514482
-36.492171932953
50.923090594844
-119.381421572202
-205.297446533027
-203.278048340548
-37.790040934069
-160.215442255634
-36.502002380283
-187.711600695854
-38.501242016989
-140.457720273501
-161.8704004329
-123.428770057051
-39.650881482409
-100.186237373737
-182.563922392169
-33.662231577423
-2.239896633924
-26.983854065382
-191.157916114444
68.733583502611
-28.308709765237
-145.408998365526
-31.184704184704
-141.638958467206
-195.052292904985
-20.458603896104
-160.76199259352
-53.194534632035
-184.78804090976
-79.297891966364
3.693287903096
-197.048881673882
-143.494843410035
-179.739466305247
-42.159632034632
-87.189396295369
-25.828645934618
-171.135026719835
-179.391973520254
-49.829256638476
-80.138259931732
-37.565649794982
-92.555900408592
-33.142424458205
18.139538455319
-31.809361687642
-146.503625756906
-165.015043074262
-42.377976190476
-37.485134944943
-153.108114487509
-30.792287763235
-30.059585813492
-9.613553926542
-1.984838268286
110.972685842803
-150.695137761544
-157.116875366387
-24.494601427219
-193.452643764655
-191.582993016098
-38.494387936282
-87.778687404176
-66.394488269977
-159.441808571203
-195.326409322015
-33.947031700938
-29.689283318678
-163.699863450352
-139.414752294147
-139.86839587279
-100.570514012897
-154.364981140753
-187.339035584641
-29.466171903184
107.772005772006
-28.651355209461
-194.802780173386
-207.826832076344
99.566759249865
-179.800517733135
-53.491153865666
-1.613924893466
-162.523386769481
-166.133838383838
-89.200827330222
-140.525330030213
-72.20689033189
-72.197232509244
-36.687677909113
-172.476038284632
-186.265610203598
-197.326118326118
-184.555743681232
-24.209879204996
-165.299963924964
-37.268570893083
100.042125355114
-36.309683751578
-173.226711168606
10.363012801001
-18.222410347899
-156.277576969472
-82.260809828193
-38.043560892301
-55.478202786797
-31.447428385417
50.246402712955
-95.641955266955
-203.234495484984
-87.937041311553
-34.651839681518
-204.645833333333
-107.337211399711
-36.786358281475
-30.91656872858
-148.826922263934
-126.627615440115
-29.575847763348
-39.97418591608
-159.350912162924
-163.682817995806
-184.929916491928
-149.196158008658
-137.09692347583
-203.026056463068
-30.221943908956
-168.382936507936
-190.238636363636
-33.321338383838
102.367133246528
-177.768939393939
-2.304210492199
47.405140622182
-151.44887138686
-32.63837594697
-135.46130952381
-100.841207837302
-178.31729262491
-150.28632516572
106.208325582837
-161.071075571564
-149.26902958153
-173.881305380817
-54.008720012626
-47.076118326118
-158.258858816964
-28.373807128202
45.119699365305
-32.357774170274
95.015164197781
-178.535435972448
-30.009188631396
-187.21826171875
-40.461371527778
-155.2472119352
-156.663677793561
-143.497925685426
-159.530926592938
-176.762827070933
-30.621034212099
-94.332091140197
-198.672528860029
23.653306220689
-155.566661311778
-168.958964646465
-151.559253246753
-128.082542078148
-71.918130101236
46.796529046041
-156.916486291486
-100.88770869972
-151.966429783324
-133.303272682179
-32.887626262626
133.481158544147
-37.005403504915
39.442169321564
4.243789738907
-180.215007215007
107.588912281295
-163.909188847177
29.015352323458
-176.25660412721
-206.379852162811
19.57061441705
-39.191710633117
-41.92116829568
-141.574044011544
85.057248686643
-35.513778268173
6.004697505186
-26.769320577426
-27.157287157287
-154.510974702381
-175.874348253743
-87.630681818182
-87.48356542546
-33.101530793425
-181.007756132756
-50.784090909091
-90.782106782107
18.352362914863
-93.068472814078
-100.755939698322
-1.039584601596
-154.440566378066
-28.832501211896
22.15672559862
-38.650059467442
-80.411087718705
-138.900314242981
-39.554633246528
109.365793115305
-84.967249222132
-147.176497113997
-72.872113997114
-39.837855395473
-76.828643578644
-86.808353836918
-145.109758297258
-31.619117373512
-200.364329394496
-146.547861426768
-199.241690059073
-178.093725339331
-86.429501488095
-104.819243636138
139.04338023088
-144.50746513686
-40.730962667974
-28.677932364944
-170.968725339331
-96.533168600063
-123.446067821068
-41.112546362058
-184.197157822646
-59.994671181683
-145.272186147186
1.126012496618
-34.985098614493
-84.554104803617
-155.997807314214
-156.788321975334
-35.327027952516
-165.0622167546
-197.388450633568
-178.086740028635
25.270132265738
-0.93958206507
-84.644833519345
-88.449036261048
-97.46626984127
-95.242133246528
-162.105179163285
106.39612432923
1.195103941198
-156.846972092578
-144.128615254104
-62.486013173025
-198.99053030303
-156.811077431683
118.473755411255
-199.331898082386
-201.7959879205
-36.487824675325
-31.658799913194
-70.295704675099
-99.653118095013
-174.426948051948
-181.952852323458
-136.300497300009
-33.70461520901
-201.092810780799
-191.614017547123
-195.281655844156
-180.594176277282
23.652679839692
16.037878787879
-202.720536841631
-103.868333868822
-108.552136177624
54.917228225334
-162.526445397051
-96.114870806277
-61.093983219472
-184.774551457657
-180.110832797845
-191.499466911195
-28.536087718705
79.496232554338
-158.844586062741
-29.680743681232
-158.301649305556
-188.942890822285
-101.843622469111
-39.28365265377
-87.478445165945
-22.991432178932
50.759497880592
2.402679839692
4.619421052038
-197.308822741928
-155.015409395292
-136.615502119408
-138.054653679654
-190.165571732955
-173.015865265377
-149.936216940611
-186.830238771645
-158.812742379149
-158.845889841495
7.142919146825
-16.461912653319
-24.763355513844
-173.318460131448
-78.103416982323
-150.848201603084
-82.031503652597
-88.502537935155
-85.327478890467
-126.113997113997
-28.180756363862
-34.49025974026
9.00565363456
111.508227503833
-23.398629148629
-164.297155427038
-29.761892079275
-103.201035889024
-79.051226551227
109.663870851371
-172.442668876263
-82.295794862689
-86.012355986096
-200.008379695391
-118.49027242289
22.883191283475
-38.18922131471
-91.046147862554
-41.848665223665
-27.826581946699
-197.756382885777
-32.069805194805
-26.608122238005
-190.979514734398
-163.970578412473
-44.387536075036
-24.639229206124
-94.00782588722
-41.512007632125
-119.616251803752
-13.743936998332
-159.416867474973
-22.61563317325
-176.427280618687
-39.740432364944
-36.814586997204
-33.36734180533
-169.056207301813
-98.484930921943
-102.398247965142
-69.983503421492
-96.221500721501
-187.123634503517
-169.213556463068
-150.614440301452
-150.302517361111
101.491243767016
11.326659451659
-108.734770979888
-101.494756437139
-78.613067054473
-130.900064399576
142.98374580064
3.413177534271
-18.393666365102
-156.025633708739
-153.480818226912
-35.276577155483
-196.789855164367
-163.679300679789
-74.896103896104
-158.372474747475
-159.813574500586
-176.71454852656
-36.258469882982
-179.481302985209
-87.3664941829
-140.859585672574
-150.152228901741
-140.830718179458
-31.948863636364
-98.131403318903
-75.812938255321
-87.696899942505
-48.155465152185
-37.322510822511
-116.107039986923
-160.506854256854
-31.662858354753
-152.328455452967
-80.690128122745
-141.326126076614
-34.918532422439
-142.653208282603
-45.245871803977
-158.969364402958
-37.56240981241
-196.316107503608
-164.039973535579
-83.496753246753
100.621503117109
-159.373750056367
3.692738630727
-144.055457617469
133.380619814214
-28.30675617785
-98.38743813695
-157.15586458897
-29.888244893128
-36.575687821293
-133.450605384199
-34.138187821293
-193.086211585723
-88.627102498196
-32.993416305916
-33.917478354978
-177.742694805195
-137.488636363636
-173.16829004329
-32.710510518128
125.464906810854
-134.167187359082
-108.963203463203
-164.111111111111
18.66081251004
-174.470488224883
-102.585206839601
-83.839383652372
7.729875484758
-194.939033189033
-172.112172929067
-40.00208206507
-165.477826535444
-31.218614718615
-162.878968253968
24.143488455988
-144.913512567077
106.509309754915
-62.254071124188
-169.912046666441
158.508449449856
-26.011433390828
-156.88437950938
7.140434760552
-183.156547689507
4.275072150072
-31.353097098214
-161.600461224973
-153.338924963925
-98.330455080943
46.996753246753
28.048077736066
-30.034443908956
-91.973492598981
-152.62769787721
-194.186848253743
110.92306998557
-35.014409581304
-46.825569450081
-33.224484662473
-152.598378873663
-26.593877530889
-35.734098800505
-131.51920995671
-150.053911745806
1.025912022006
10.624196062184
-132.65376984127
-25.932359307359
-39.469594099477
-41.264422263934
-32.717635337753
-103.061139435651
9.954455266955
-0.128349623467
175.118596967337
-142.984868917974
-198.826035889024
-164.340208023314
-40.817127750722
-204.07388406949
-145.931748427354
-74.029310966811
-40.742715238321
-36.113102988591
-175.531266910173
-31.12213443024
-91.643841455853
-174.044565352183
-170.708673650568
-94.31537825239
111.069802728738
-153.85856542546
-157.800775613276
-86.099316969922
-35.580274705763
-175.648608715503
-32.413391729798
-165.92028192077
45.793478168966
-7.960838152733
-189.794031977137
-29.587481962482
-197.260358890242
-189.581501397908
-36.252963507846
-47.229437229437
-131.129898313492
-38.169444228664
-127.351628731512
-170.521492830087
-155.072621443227
-97.983606291712
-24.316919191919
-183.129128196023
-26.348701444023
-179.484828051723
-180.744199810606
-191.651236838249
-146.706807894796
-190.497307054924
-153.109475051858
-117.380890376984
17.438401875902
-85.062860750361
-34.993506493506
-189.615751896758
-145.05084536774
14.405413651019
-35.877893753382
50.396103896104
-157.612845108451
-91.530034933599
-63.120470187365
-179.697593259605
-154.138917072511
-37.113463738952
-86.412778383726
-36.44992545432
-205.102793419688
20.109487734488
-160.256854256854
-35.186327561328
-162.659173346185
-85.175234487734
-190.400896521014
-195.866050995446
-29.705710142722
-194.754038008433
-172.077311197917
-167.864267676768
18.214654215142
1.222513218119
-36.162989408595
-55.073683261183
-148.747023809524
-33.080872264603
-127.034201529807
-37.48528674017
-91.640324139836
109.690463507846
-157.473242469336
-41.386219481541
-185.12005236517
-97.171897546898
-39.330238771645
-36.914571918966
-38.212281154176
-94.324487198999
-26.770292207792
-147.409915280032
-181.60978648088
-51.281217588835
-116.299319929203
-37.195645066739
-102.10761422822
-26.915210982594
-157.110098614493
-39.709312714196
-154.142156075262
-81.474469161481
-193.015865265377
115.411423103806
-174.208894892
-170.343266650884
-73.050221805105
-141.70661976912
-187.852022597628
-29.579635642136
-37.644841269841
-32.730818226912
105.772825210814
-141.714022902011
-42.344995716089
7.65863997114
-80.503940070346
-79.845328282828
-82.482052669553
-178.632325627931
-151.052780173386
-152.556625124008
-27.810245310245
-28.070173695662
-33.114898989899
24.761453823954
-160.341901154401
115.7757112137
-181.698412698413
-137.557699624594
-40.109016363411
-40.527347272953
-29.002783132666
-80.575196017091
-88.645583203689
-34.896825396825
-57.56102846264
-178.764139018534
-87.997835497836
158.017865179593
-143.968704906205
-131.454635642136
-177.288059163059
-145.150535770653
-67.73965661075
-110.21931578621
-134.91646585836
-36.638167388167
-39.831599335994
-91.784070475965
-161.490280173386
-50.093176463294
-30.564040939529
-161.079934388528
-201.168019480519
98.443702510597
-26.989169738681
-163.803481240981
-166.045627170139
-96.072871572872
-28.08630952381
-116.556359493371
-27.128176998782
-144.038427663916
-38.557441744453
-85.032709911616
-38.64603414164
-80.174595424107
-106.300476866883
-109.843524531025
-173.058073057585
-161.807782061688
-157.431908369408
35.46714353355
-146.404048154536
-119.293838919327
-170.153471094877
14.109229854347
-173.171975051858
57.852793419688
-162.5193001443
-35.130591916832
-77.775414933374
17.07302376443
-30.667019666531
-78.172368917974
12.812868500857
-46.858606644007
-33.654581529582
-189.078290578779
-29.41619529559
-96.143947144435
-202.107142857143
-157.091548154536
-155.81231962482
-42.5085058171
-30.958134991094
-39.513450633568
-162.784923030528
-75.945776825171
-185.858225108225
73.242993837827
-38.320047573954
114.547348484848
-75.4368066829
78.917588975694
-166.741001674107
2.631581228017
-45.628246753247
-34.198801632395
-194.462141645247
-92.172188542794
-93.088002654897
-205.338842526831
-36.235209235209
-35.047369204214
106.278130777642
-199.576118326118
-42.061958874459
-196.052316552805
-163.638881138393
-101.693181818182
-207.011273448773
-41.310072685561
-182.87672131471
-41.739801051813
6.350548660256
-92.75268519458
-51.280310780799
-3.23269173318
-39.217269655258
-28.557691874098
-178.527888398494
-171.837121212121
-162.191308311914
-150.840187590188
-157.953401199495
-166.920266419778
-27.276064213564
-29.375
-27.840208023313
-40.064115626127
-39.460976957071
-27.421433926317
-41.457091140197
-169.68740981241
-85.848214285714
-126.210149767767
-17.446067821068
-119.272108642226
-194.54502404063
-103.069292252886
-147.049603174603
-176.24531024531
-34.433712121212
-141.461752711264
-182.807096495085
-46.131313131313
-169.457792207792
-48.895299958288
-197.441135687229
-156.450146695752
-187.455717893218
-78.132387631899
-74.348296722808
-14.363558858676
-194.657840965458
-145.563422309028
-31.996454500361
-195.949294141189
-102.341422032828
-153.173711515264
-157.574432945527
-182.159729972718
-192.620420866026
-174.644550273945
19.374368686869
-32.707722453328
-30.006882440476
-164.355248917749
-48.908299653905
-49.064692685786
-34.32014551204
6.67957124256
-89.85568717307
-31.02955334596
-33.595147907648
-124.180735930736
-37.965105153093
127.408387375428
-145.228687545094
135.927120390392
-46.828344832251
-166.604347041847
-201.453671762266
-165.043921356421
-190.36516955267
-34.715798470193
-39.81746031746
-161.039071659677
-190.764860519255
-149.053092306999
136.256052785106
-93.557261369273
-30.79060484871
-60.5579004329
106.917949726055
-165.141602267091
-40.923819669913
10.397887214782
-81.066710633117
-76.404601962707
-157.475288600289
-29.374765943827
65.903138528139
-74.162530720148
-179.109688542794
114.99990981241
11.43558562748
-75.354166666667
-85.255321067821
113.321808433808
-88.338834776335
-39.137536075036
-37.541305916306
-41.599744436201
-133.054112554113
-88.285353535354
-67.760194236238
96.63698191457
-192.461383637928
-100.257652910241
-166.208784271284
-162.06105396001
-135.584251282707
12.630163944129
-149.809542921542
24.438404914449
-36.477810814267
-29.143759018759
-40.57772562927
-207.077754737667
-107.382408417321
-196.236201298701
-155.70030359926
-139.225633277177
-32.836041999586
-33.332702020202
-75.528231754275
-34.04338023088
-88.472476711521
-28.814194452195
-1.68679457275
-39.05772005772
-196.156581730038
51.512987012987
-30.783379624932
-46.113565288065
-164.094625894125
-144.05275974026
-179.450577200577
1.490691566192
-89.725900801401
-82.136724386724
-163.095946561034
-91.938733297681
-192.051770715314
-183.260639097095
-94.120848332305
-150.895478439882
-162.052650440651
-38.681892295936
-197.172802461346
-32.088564213564
-150.869411407955
-167.513350801894
-99.997127032039
-97.324134199134
-30.829632603589
16.983859459903
-37.798894928991
12.338383838384
-24.046971661016
144.186955835912
-97.796701098245
-38.881249233758
-96.179218815175
-24.828537317582
108.232142857143
-173.103448204492
-90.649257423214
-31.206272053684
141.259730043177
-156.99034992785
-34.623453776042
116.61182239527
-167.603283902783
-38.049584062585
-189.260142228648
-39.669207992664
-105.432446456403
-201.6842562853
-91.625016073472
-31.587494997407
100.037430888475
-97.04310966811
-36.412298117193
-25.927038239538
3.814932026388
112.536529012573
-172.529114518159
-138.872925685426
-101.699131160587
-96.265766754811
-155.279130591631
-105.405228916185
-120.503623577079
-153.71069428415
-162.683258144714
-157.814844877345
-149.529671717172
-170.560409611954
-171.998270362315
52.025239490327
-28.608402444859
-31.909294535759
-187.783546745003
-172.026170474626
-58.050652530114
8.938025052069
-75.057107856607
-35.360025821482
-68.819144024649
-37.822614045026
-160.417552469097
-98.702094316139
-27.034467732924
-31.84460374356
-146.110753399297
-188.747922646879
99.151936760885
-195.927327914327
-92.432884359429
-173.529584568128
-39.248994901583
-182.711383637928
51.781008457553
-47.161976911977
-82.959866522367
42.326640339641
18.976458000414
-80.788149350649
111.358756017203
-77.587391774892
-99.885554986599
15.811330599874
-125.616812041312
-95.39439033189
-177.337105138649
-151.474312610268
-40.932269119769
-95.000357711814
-164.023822558735
-155.105596633185
-159.076913940958
-32.952564366108
-157.243609716022
-199.261888688433
-0.763621364665
-106.456078643579
-197.980323031867
-90.341991341991
-150.743957431457
-158.898793450338
2.513077200577
-91.322964799008
-100.205344107932
9.474914815003
-97.797544933501
-185.931982483527
-191.180738969283
-98.494930382931
-191.702113428157
-29.541937229437
-82.512085137085
-108.196534832491
-95.777581329126
149.543721869222
-165.05067239076
112.121385318376
-31.7513558524
-186.619949494949
-84.391414141414
-202.875376823833
145.650622171069
-163.503771805316
-53.760164907656
-183.430033542033
-191.70661976912
-185.326823753368
-185.486381673882
-27.040651131502
-141.119678932179
-178.981782106782
-29.58658008658
-19.402507215007
2.569982531439
-92.30284992785
-176.126874827375
-141.428104417149
108.591614518159
-32.724930888475
-37.740984279528
-79.856344203756
-177.15386002886
-163.732216971261
-145.748920787464
3.242713917213
-135.860917701006
-247.353544248991
80.490166514123
-101.14917027417
-28.041953302909
-175.316916153372
-33.385281385281
-74.748302509258
-179.836222374766
-163.988546176046
-156.453447129991
4.69334611989
-123.433547819504
-42.235763395676
2.984397546898
-86.168377192334
46.094216703164
-92.686311487856
-26.200473978062
8.601267628856
-33.652864926821
-100.261183261183
-183.652942079486
-153.758928571429
-135.907992584537
-163.997130070586
-79.3138558524
-142.790300817889
-159.591272879817
-167.753069416613
-50.326192440237
-176.083983758483
3.482787425384
-55.176686384633
-42.248991863036
-149.150793650794
-193.855177842177
-39.949224386724
99.204001290458
-187.802682587595
-37.147817460317
0.163130238631
-34.247832459289
-100.517225829726
-173.048343586887
-195.639410902411
-118.204458305502
-181.268021444566
-100.462304625848
2.850291638835
-155.130607704064
-71.717442279942
-60.509923673467
-168.283907495364
-190.993954392911
-74.535788399833
-35.332070707071
-38.056634768091
-192.448773448773
-176.892857142857
-32.760010822511
-123.578550352507
-37.602803636251
1.321802356714
-169.654475268519
-93.285337461882
-173.322436708393
-73.388450985863
-29.804759940716
-155.265695679239
-156.119392295936
-40.497294372294
-204.793370014317
-45.761077000121
-1.69139413985
-5.483869456282
-167.799496913541
-36.799783549784
-34.090261704306
-190.455524483112
-152.560712321668
-187.447794420207
-176.206635842592
-36.408623897668
-79.026428002472
-71.844713043169
-166.656388319932
-90.906295093795
-26.226386924843
-127.339900953945
-184.274257423214
-24.42613332509
-35.175250561206
140.079078443123
-27.452187542275
-156.067818029274
20.448139097095
-19.177566330154
-99.885114045026
-99.94218975469
-122.531839257883
-141.846587870544
-147.217168678625
-159.465264742853
-30.730516441973
-186.078917179961
-147.549963924964
-154.757862393818
-29.081967484555
-86.664679501136
-134.509466658423
-30.623556998557
-27.478354978355
-31.785082972583
-153.04653375799
109.256657808202
-76.171626984127
-37.841343955388
-153.983492632449
-42.577902965903
-198.902942079486
-42.900987060899
-165.335678210678
-148.36399407545
-119.198248396704
31.943104885701
-37.105500368501
-177.578898067942
-35.789337862794
17.12031024531
-37.381928370973
-154.744952533496
-37.141794003794
-27.630159804659
-86.111272374273
-178.895111832612
-79.340641566685
-30.881042568543
-185.858659972704
-197.515164550077
-176.36679596784
-131.663616362072
-200.867891253847
-208.237370698827
47.247294372294
-33.413584215128
-143.335877697877
130.477343802844
-164.529314005358
-140.377973151929
0.622400633356
-29.597505819918
-105.886469897426
-36.560054718502
-181.346304272848
-98.813041125541
-32.33630952381
-64.890853903854
-150.919282106782
-143.407451458996
-184.583964646465
-163.27092655947
-86.272637085137
-179.992060453517
-34.989535200991
-2.477182539683
-31.55049201558
-147.215805868394
-39.260262273263
-48.471136932593
-38.338216498129
-82.923987934944
3.558898353301
7.453823953824
-107.570781184825
-33.545187021231
-49.867530503486
-164.181815143271
9.86947944498
-205.769103695648
114.489451090495
-41.776872863329
26.772292408248
117.216527369115
80.749082050626
-156.344880383424
-99.176948051948
-34.465638528139
-34.783727120183
-38.9942440677
-167.785608024652
41.68903622758
-150.658162743154
-161.227543290043
7.479076479076
-192.504618679118
-82.316007099454
-181.476026174482
-137.773632187176
6.142154754154
-188.990636564092
-27.289862914863
-39.678465167509
-28.289701651701
-89.715274739231
-176.905409291365
-141.673321436322
-170.67557009302
-168.90389820886
-127.417571581115
-172.248086948587
-70.872742271699
-151.730155691612
-108.759376470833
-152.226370851371
-96.466469328469
0.686131112675
-171.083062770563
41.112267476312
12.068264827756
-153.320887445887
-124.579452228409
-133.098662185118
-137.918367195955
142.690762826719
-41.586396672853
25.772456709957
6.114344829433
-24.602633477633
-175.233572603476
135.491248765205
9.639864878909
18.574494949495
-27.566990267491
22.213193246641
-188.225307712307
-112.136018959475
100.153512313424
1.78780467376
-30.549690323647
106.931908369408
-185.062841638342
-38.544549631006
-172.257392343849
-149.75937950938
52.977901001857
-148.952306838263
-145.656124935178
-87.458059732016
109.327463961955
-69.568739017195
-104.087662337662
-135.38381927182
-72.224367612368
-181.049603174603
-92.669626783671
-77.393594717051
-162.752702589159
-196.682269119769
-168.491986339398
-187.085314421771
-160.676316738817
-151.265692640693
-81.601213727679
-87.365874979919
-189.774437798394
-166.710481762026
-19.339198565242
-67.228338904883
-160.325940989485
-37.5411125062
-79.097148108104
-154.860753399297
-88.721407495364
-160.569534632035
38.857139818596
-183.611999952088
-101.252792776749
135.793576679532
-33.071521797565
-36.947887646343
-85.754944243988
-139.005578595666
-165.804221853721
-51.762536075036
5.952397025853
-171.428297827254
-159.671266233766
-164.80819010769
-155.340097402597
-171.359397546898
-130.060586948587
8.785730359186
-144.482864357864
-93.035263347763
-149.745493659037
-42.73654597559
-27.294984495485
-101.489986138942
-95.378955219043
-24.79401740092
155.953659652115
-128.425144300144
-29.42153375799
-23.689497161909
-151.441468253968
-102.129867091323
-10.56259018759
-28.979150593195
7.69454766696
-192.313759587716
-79.742694805195
-24.387880751925
-139.980087654587
-85.318919392375
-152.3067440677
-27.860116009072
60.230883269427
-30.952377913834
-154.076659451659
-18.105803078215
-119.546807359307
115.532483605939
24.814380684284
103.759811335312
8.683712121212
21.245922446423
6.768748802196
-89.934887598431
-52.762011022967
-180.310786435786
-99.086773496686
-126.838312762812
-135.8203432818
-36.484400585444
-120.631689955146
-73.182195005651
-133.48556998557
-124.135172085673
-162.841814005358
-94.260912698413
-37.744859307359
-144.250901875902
-199.298807559763
103.377077353121
-39.138512065056
-149.109052870009
-161.457176968133
-31.622471708928
-190.632559684104
-152.403586427543
-119.37193666048
-160.79960621315
-74.951946087902
-187.26039068489
137.163319509267
-30.556550657594
-27.66838023088
-35.270849406805
-30.905212842713
-155.737283549784
-11.180284992785
-156.624262425807
-40.997471708928
-195.970779220779
-170.646119969576
-179.991525405069
132.330611632156
-35.835320498864
-145.363906926407
-99.877344877345
-145.783475669431
-183.437332659745
-138.884727224815
-131.604275966275
14.430462329419
-163.054218815175
-35.087858786315
-87.825216450216
-31.960407647908
-141.067746953703
143.957524463384
99.060229236773
105.538958000414
-34.834850448895
-163.661181297137
-196.978464277964
-147.656295093795
-145.671884511972
-26.774009011009
-54.437136211093
-184.965409183915
-33.658356373444
15.829561528017
19.050952949909
-190.664234640278
8.496750208207
-168.718347194391
-89.260909659866
-32.807001595545
-158.892132603589
-144.551780711693
-125.009382547926
-190.189574314574
-183.364071228115
18.753427128427
-28.163043089587
-178.995042721086
101.439661463618
-40.166393065349
-34.890869977326
-190.235747322204
-36.176587301587
-196.825142336098
-42.020727072271
-180.607252156752
13.583224033725
-118.048881673882
5.16016294361
-81.438221500722
-129.040407078951
-161.67549201558
-179.17306998557
-108.744047619048
-0.620777256733
-143.975755611711
-32.304096480641
-196.183905531318
-32.158194890098
-80.268684904641
-7.137371773328
-34.43903622758
145.498753447209
-25.177550036498
-180.240514229558
-40.528756806345
-163.503349975762
-36.382743097831
-93.318545607089
-33.470147907648
-145.091288953288
-196.940292776749
-35.407393418349
-38.549242424242
-37.805372141828
-100.058077769534
-193.631870330326
-95.328917179961
-26.02292372138
-26.284181096681
-37.590458152958
-112.964662538118
-143.103896103896
-182.241251803752
-39.227002164502
107.498560037104
-77.169820193776
-36.619753046297
-150.722962834962
2.489615172019
-123.388795662752
-104.779855130899
-135.570146833147
-158.477166466211
-40.369930382931
112.362981799017
-179.159252172253
-102.010554986599
-155.218975468976
-103.796733245189
110.365427080515
136.164775765819
-188.807162858707
7.280860229316
126.132756132756
-125.74261765253
107.945526695527
-40.6100999356
-30.683805347349
-38.646287309831
-81.138434912391
-149.004148629149
-148.053948252404
-163.835500874045
-186.051838752339
-197.939847915892
-97.320643173152
-37.149891774892
-104.907631834176
151.981257054713
-192.739882916427
-31.667024378481
-76.52018594673
-86.460407647908
-145.615153479198
-152.019660894661
-31.241084463497
-180.1146445006
-92.598842560299
-150.82926185685
-32.72582972583
-137.843234856235
-106.505047466504
-95.727256653801
-96.194718045762
-158.798504850049
-33.091363067407
-32.280196769241
12.830269993814
-28.674078122534
47.638525099981
-34.741789890746
-36.840551379095
-87.37518037518
52.264172486585
-32.012191398147
-198.855793081837
-198.607683982684
-156.497094885095
-28.746840395797
112.425485938486
-147.784087870544
-69.775355747768
-138.233872494828
-196.197858537946
-167.648732371144
-198.264697538654
-97.566738816739
-31.397904609361
-34.713007014551
-166.234471661016
-145.889790764791
-176.699224386724
-36.763440989485
-174.314651467239
-82.897005772006
-35.575322711279
8.967341875789
-36.434881521338
-37.634633998678
-141.026244588745
-92.675215375716
-19.055823079779
-199.497564935065
-180.376082251082
4.808184030596
-31.411361672317
-36.585230311274
-115.426065288065
-140.899531024531
-187.866686668231
-3.456784070828
-190.027037165038
-188.11951463047
-28.622394776448
45.85044986345
-153.236384712428
-39.923958826547
-32.411058962603
97.396116931029
4.949404761905
-21.685767323768
-151.285640171596
-76.592625693669
-132.807897394354
-40.960964846921
-143.302324875781
-38.771116931029
-169.619933421478
-35.610679285179
138.754426369935
-139.454184704185
-166.86437393783
-42.10472386568
-94.511814574315
-38.951949126449
102.562123176167
70.300401607805
-95.888888888889
11.239702541247
-102.429215776628
-172.297709235209
-37.94246031746
-96.565579412992
-169.195001643457
-173.623570033482
-196.010023857436
-183.121572871573
-122.594954277358
-32.299773333221
-156.154056477512
-26.863710477755
-41.18740981241
-160.847660125248
-146.352018237974
-40.848468775013
-30.348124098124
-87.203105491649
13.493938319439
-174.31952159711
-97.931077569078
-92.614251603296
-134.854002364958
29.123397056503
-187.256747995792
-4.867243867244
-34.565914093502
-91.154942279942
-184.073609147065
-157.91133256392
-162.218431304888
-37.394857343313
-43.650629349085
-195.827561327561
-138.277687590188
-136.452561327561
-181.431170795215
-153.143040556584
-32.841253767798
88.793370014317
-80.566664702621
-76.99016955267
-124.220614919071
-34.94302055502
-194.662717524717
-107.835426759926
-142.813839778928
-185.406491542447
42.64383595124
-159.917658730159
-46.061240412284
-143.652761704306
-178.886923873923
-163.129332042876
-32.259376470833
-151.044688787639
-152.185425685426
-75.371679132635
-83.78794986345
-34.762793602881
-77.698341622841
-24.508732122776
-33.289035153079
-191.233659972704
-200.761997988042
-34.940115440115
-38.770469544426
-76.705450368994
-25.384724186268
-176.143759018759
-115.456813179225
-28.970598845599
-101.235012786557
-201.774096160052
-36.253504281092
-38.055288031332
-167.278141566685
-33.9818562209
-95.486739385696
-31.382121781078
-28.943706870251
-189.078479276935
-165.012442848899
-140.057813283857
-22.842803030303
-58.982413419913
-178.546195158195
-200.819083694084
-22.001797894895
-87.612988977033
-154.126639450095
-86.207070707071
-31.594352292808
-107.166830968375
-23.059610958567
-181.377811888768
-182.059707223251
-40.427560253061
-146.536239337784
-28.398525926114
-239.823248396704
-30.278425164381
-27.132756132756
-202.614912024824
-72.061868686869
-16.674319576907
-2.058531746032
-140.140602453102
-162.434072871573
-83.050865800866
21.058908569864
-158.266777930322
-96.439017115561
-75.496214939574
-170.570781184825
-100.311237373737
-143.859941710985
-45.82350592455
-32.977253615254
-172.029607819616
-158.916109467654
-190.556727994228
-49.214372863329
-156.678316939273
-155.119885597394
-77.048414662459
-159.158620859121
-155.134215207671
102.541125541126
-114.509018759019
17.156204906205
-39.694518558563
-190.078534279035
-194.069354256854
-105.555011391468
-76.105809155309
-147.103687545094
-200.924767476312
-41.308367444323
-176.513257575758
-90.962752525253
41.07683982684
-40.050231449188
-88.613459027003
82.069070659159
-195.513257575758
-104.16908565813
111.430481441437
-102.039958959362
-93.358028659573
-159.009904561449
-167.389050152051
-160.69803587458
-149.045106830019
-187.840274739231
-132.425846688847
-181.100845799302
-86.866158577615
-194.612180327268
-186.672077922078
-170.197169184169
-41.749835698292
4.129686716143
-155.094700008244
-31.674149198105
-157.304276855821
-27.573773448773
-193.312516073472
-42.695439546483
-0.867965367965
-101.462823600824
-25.577938151394
9.752596328097
-197.83918249177
-34.967803030303
-171.27337465933
-30.984925637514
-39.461129148629
-140.177224471628
-29.55049201558
-33.554025405069
-146.914502164502
-143.431006493506
-144.395127906084
-137.8203432818
-33.944080655537
-87.414589313546
-38.984304320761
-31.288883886296
-147.770295246339
-183.002077353121
-95.359580960625
-32.707718093674
-120.095238095238
-184.475736499693
-41.840100441144
141.49341326737
-135.36688615543
-28.998008695
-152.490447293456
-66.688311688312
-32.34623015873
23.129071696668
-151.291863115319
-35.938505098417
-194.775088223544
-187.109217171717
-89.632289121333
-23.710227272727
-164.058457631913
-84.650239490327
-30.660420471456
19.482035274974
-191.991248765205
-209.907109820654
-48.632936507937
-202.014883990928
-159.782570754983
-195.535910734367
105.730065504022
-31.363275613276
-99.758007583508
-33.38293346939
-124.105426254383
-188.824762473719
-131.34206545611
-66.941993306038
-98.50083080033
-197.440369929414
-149.169217064267
-99.8807009302
-35.572617083573
-159.281913372001
-38.498180174724
-182.554128627584
-42.349476911977
-94.671372494828
30.098010659046
107.850633277177
-34.867891253847
-30.013888888889
-40.003607503608
-35.41930535827
-158.348104986105
-186.270727072271
-0.181818181818
46.50224165483
-86.00253828745
-79.427598477098
-188.442818029274
-156.941661664074
104.715999278499
-98.461779573779
-141.881560442596
185.887973978062
-159.681724955681
-162.546526579974
-145.795470618926
-96.288958000414
-81.257756132756
1.803374979919
-34.939210525667
-30.541128579672
-149.612444812945
-80.405303030303
-36.876156365201
-22.703266754811
-172.253681617726
6.982606830019
-31.384907599995
-82.134901522902
110.481962481962
-104.288332764376
-153.744302108346
-94.446625020081
-28.994227994228
-32.936778499278
-89.778334976791
-152.282467532468
-90.92533771025
-145.689754689755
-33.753246753247
-69.305101579058
-169.214717540218
-99.937773601317
-52.596948620905
-109.146013708514
-157.776334776335
-174.419720009808
-41.362012987013
-34.645904408905
-175.482065704478
-148.082702020202
107.702009985457
-149.160082972583
-153.745838115742
-163.249297611297
-101.713818702863
-30.012281585737
-27.780570554527
-132.800054112554
-37.466630591631
-175.519281032282
-35.199604249104
-35.454832090788
-162.933264221808
-181.26100592455
-59.798433774477
-87.177746705335
-184.713312762812
-35.55060827302
-174.252000200456
-39.591537365494
-59.170818334362
-8.642496392496
-143.903496239953
-195.391069464525
-106.523883637928
-160.721211046712
-94.746392496392
-137.759936708393
-76.608511744468
-165.365275813732
-146.621418786427
10.792748917749
109.829741903198
-163.701566225523
99.4806998557
-155.629957278914
-38.833603896104
22.63084611989
-162.137732523688
-158.84051297891
-29.908565857022
-81.050791686748
-34.067730880231
-157.64573292918
-179.124278499278
-44.758194035782
-98.74981962482
66.510464799008
-167.585208160709
-169.226373889918
-173.246318382274
-210.185702105105
-34.283366369823
-168.648886676475
-171.025448973905
-114.702741702742
-124.013186500186
-121.877254689755
-76.993064451011
-23.376530150486
106.739354825811
-35.787862714407
-178.402223617311
112.229598492599
-35.737103174603
-157.690492263948
135.969413151817
-158.81746031746
-115.385551948052
-107.030918269962
68.286539008951
-42.759015720472
-1.659000721501
-34.444624819625
-34.344880383424
-145.933799270256
-40.409093947638
-81.931927481427
113.150910128419
-110.281284877232
96.05033771025
-28.121302308802
-38.447056846013
50.914138375595
-82.651064213564
-86.494231032775
103.30223468819
-98.708349406805
-104.243583646172
-28.779868165824
-5.031201867658
-36.40738756144
-85.812770562771
-37.530573593074
-29.205985417442
-23.686884760341
-133.087121212121
-28.629325965782
-77.635188159144
-103.943381305381
-77.486316631367
112.605593594638
-188.045093795094
-25.518024483112
-32.547171148215
-161.262088175632
-73.075116046063
-98.89491538396
-177.300231449188
-47.7125560766
-26.080934774996
-163.558274218186
-38.279507415463
-139.66838023088
-187.397295446795
-125.079020402476
-128.053478202435
-126.543270931271
-173.351657487613
-154.793393265805
-40.817998404455
-150.154578491035
-187.296176046176
-92.877093426593
12.095238095238
159.87583080033
-105.553935217479
-103.774994997407
-138.102089313546
-28.224914815003
-161.046717171717
11.756747995792
-155.25162641517
-192.547873536918
103.001169400126
44.433701904649
105.005321067821
-28.671101932058
-28.786803714813
18.601983052484
-32.649186347642
-103.034287357743
-88.197513861058
-28.714359828404
-36.931364205321
-34.901859828404
-171.134111985156
-80.229614566071
-40.407751130163
-28.389504128548
-147.015892127892
-89.157210004622
50.791921155965
-69.421884511972
-39.829345967346
-99.896541578945
-129.385551948052
25.509817412405
-34.747909611954
-175.654855130899
-35.608769272313
-198.494498556999
-195.047725308681
-159.898448773449
-183.631313131313
-195.32693001443
-107.406404393404
0.449746400247
-31.847132034632
6.123199286743
-30.01665841415
-150.822401522902
2.935245310245
-171.787952901997
-166.241702741703
-48.811147186147
-155.069157808202
-33.049178526687
-39.827919039375
-30.969967532468
-100.88247253506
-162.351026174482
-65.349476911977
19.272891574436
-148.019464446009
-199.002254689755
19.801406926407
-196.618145743146
-32.710030824075
-61.165587454131
-93.671552870009
-185.679579565535
-152.518955467411
-94.41593213102
-153.484397546898
-120.911979950524
-159.801767676768
43.943800096388
-167.445887445887
-154.646934696434
-155.200776687776
-93.84929349825
-77.833081882581
130.495113796658
-71.282647907648
99.539051226551
141.145740107196
-160.663616362072
-46.07294568699
-189.296910581823
-178.734413620369
25.123714122249
-36.043918317875
-33.960842512387
41.440205627706
-100.553107455695
-211.20842655947
-36.310155122655
-38.872925685426
-185.948664149165
-28.166286804287
-40.230339105339
-39.591659920212
-37.561887798887
-162.486381673882
-87.815911054955
-159.771374458874
-35.750177336634
-172.006599767556
-165.483315295815
-1.025448973905
26.344519633063
-30.962842712843
-27.025613275613
-68.452455066499
-31.866776855821
-153.163252573165
-204.811958874459
-125.154945318489
-112.044713932714
-30.148287510287
-30.216266802723
-169.618960470004
-61.506246195211
-39.950937950938
-177.426948051948
-38.097309371266
136.792281906326
-102.858424595424
-3.26846934397
-169.012809676353
-170.808212214218
-81.242607656151
-39.482158930615
-199.672696200284
-66.226103327147
-87.915945165945
-35.737180327268
-29.605522519066
102.767663512567
-89.816386961834
-125.993970466383
-120.442202789615
8.680449294493
-111.408817307774
72.785372647372
106.121212121212
45.271828215188
-34.769580923634
-194.649183309095
-157.278502317046
-121.223848637392
-31.927830815831
-136.56653932954
151.359333649342
-35.490643962293
-34.864912024824
-143.794172807173
-97.185990062455
-169.122548861593
-171.957975621519
-151.363559431156
-73.740366001322
-38.835481762026
-33.719500521045
-40.704258818303
-137.514088376088
-170.579709756254
-61.188479028567
-196.097689233645
-167.955176767677
-153.358495670996
50.699656212657
-189.86850345496
-199.352043383049
-29.520398468854
-0.582431457431
-189.95202020202
-21.994211920756
-122.539489129577
3.651602300559
-39.235556950645
56.141398067942
-101.559523809524
-27.279507415463
-143.293820952268
-178.798266434222
13.879673681218
-50.069889525486
-104.936150224694
-40.328192640693
-173.951585337541
108.08333637188
-44.207866321911
-97.135658209114
-168.656926406926
-180.237898789443
-38.749793334785
-171.640602453102
-209.206255980212
-36.264867917456
-150.029130591631
-34.3885992141
-29.4296567182
-162.001172438672
-179.605696817153
-133.047258297258
-80.931457431457
-35.076730527231
-182.951842865387
-27.032483605939
22.771899510944
-33.200760614304
-183.046913620369
-232.031311167267
-189.948966858879
-91.021732170688
-161.314951138407
-151.229543490499
-183.354272927729
82.738365800866
-170.231617805074
-200.536635273635
-157.551860902905
94.980065504022
-32.270366321911
-117.250273601317
-27.609029618521
-80.734648997649
140.042839105339
-79.300955988456
5.677415063371
184.600288600289
-25.188308649765
-30.970611880524
-4.475378787879
-194.429128627584
-82.753069416613
-98.38113579468
-187.20777613432
-193.232307158851
-157.732400384988
-28.978442127398
-171.716627553084
-41.195863974215
-157.108859459903
-186.135983773984
-190.815946240446
-118.7042879267
89.008567821068
-95.923266434222
-137.34548954599
-26.681727994228
64.992249724153
-195.275974025974
-161.411886724387
-151.898719336219
-23.507962797971
-95.308080808081
-30.850813652358
-36.720418470418
-174.627976190476
-152.780921308509
-145.856041494042
-37.640138480226
-103.751459074915
-113.548433774477
-158.808985722529
-154.411515757463
-1.373647186147
-32.327380952381
-187.843002517502
-110.87481962482
-152.164138375595
-37.392928218429
-57.631670843127
-122.182282154694
0.904564135002
29.118329156873
-30.069280142736
-31.130230880231
-206.692730880231
-186.330012465968
-164.386183261183
-169.622004697505
8.472322626375
-148.466614518159
-47.873270362315
-142.337317660774
-102.524421724922
-82.155953455453
-34.582428418885
-161.338834776335
0.983418518331
-55.632859355271
-93.594880383424
-182.536960838505
-31.166847041847
-45.74188615543
-25.693365231909
-146.059526848071
-38.53753411099
-139.453988255532
-36.906188832733
-37.143955467411
-134.129403118447
-86.993307006308
-142.932826318782
-33.742240828697
144.068887245431
-16.898632187176
-147.896355346856
113.891703816203
-33.814468053512
-37.573680222637
-187.898638044085
-35.549857663902
-201.704832090788
-181.589813804902
106.585230311274
-145.714900953945
-93.025162337662
-182.83875762367
-32.420077721622
-187.872655122655
-178.662318550319
-37.471065857022
-31.41369047619
-80.080070506615
-161.486851723851
6.819354256854
-45.549587101131
-161.477710630298
-84.09677714118
-94.833584784085
139.647549936094
-113.316455219043
-96.521505865012
-98.119933421478
-100.555654638601
-41.813746552791
-79.729275966275
-38.143936355393
-199.690205627706
-26.726477112433
-198.510371572872
13.361033958446
-149.078733766234
13.880392143393
-159.6785553551
-31.181618694619
-96.018472382517
-12.708049515453
-95.595689033189
-109.832502533003
-1.171807359307
-35.467728916185
-195.831874258418
-149.73863332509
-40.109580960625
-178.772997835498
-28.667388167388
-10.786435786436
-38.264700577201
-38.88789378685
-124.420003607504
-196.816996344584
-165.050704537704
-145.925772574729
-149.681096681097
100.622931542335
-149.996766281678
-22.180735930736
-191.740166514123
-29.737463924964
-95.303101378602
-207.107957584001
-198.685593025681
40.363735446682
-75.848771484727
-170.322117176579
-161.668921356421
126.409077874166
61.532937582437
1.180916305916
-194.935158161202
-78.730967379924
-83.666956341456
-39.190369929414
-27.532196969697
-150.793093594638
92.889352861765
-206.494665897254
-84.1500560766
-93.280847194391
-37.972599046055
-146.34794676149
-94.736742424242
111.81179457275
-150.843160742117
79.672461923927
-189.450561127105
-36.710049936094
-87.675698460611
-155.629435265391
-146.114103375059
-39.37842408988
-38.738291686747
-197.970869408369
-70.847744235745
-100.202847963804
-89.847747274291
-176.128336940837
-95.410244235745
-45.199494949495
-47.450030218127
-148.139504128548
-28.028499278499
-165.223465736466
-101.373647186147
103.550756501257
-148.770034679947
-28.639533236945
-116.804383116883
-190.470975669431
-33.157464493921
-142.69056333952
-156.701298701299
4.066837899785
-83.272836572336
-37.060064935065
-97.954542415999
-81.57043346939
-178.786348637392
-171.46701045401
-35.454187742731
-141.541486291486
-92.772907647908
-93.403144385047
-181.804383116883
-206.581242945287
-149.576118326118
-42.382575757576
103.998031946488
-161.929292929293
6.064033189033
-92.817463356007
-147.409645069557
-186.365800865801
-101.576463003007
-157.15090427151
-38.32884438695
-174.225198412698
-156.243506493506
91.172348484848
-92.81268037518
-32.406753782242
-38.262368382486
-180.930903623286
-32.803731370626
13.055666176272
-73.953082019977
9.619588744589
-163.039079410173
80.155491155979
111.001242193137
-5.412169969787
-31.683712121212
-36.271853580447
-95.638909322015
-42.352661661255
-155.831328773223
-86.799074731692
-62.008727763122
7.065746753247
-85.693202251308
-50.748827561328
102.928488991477
-174.208230463113
51.72419859871
-177.871224803842
-123.580800330312
-40.231138111021
25.84395503585
-84.569805194805
16.56946487757
-50.009006076389
-36.944202065296
-152.237263116658
-0.067390562996
-69.617083925189
82.133186637581
-37.645763578869
-173.040875411481
-41.417019666531
-98.533529350424
-36.572080317686
-98.939040939529
-76.314030722966
-162.376881256764
-142.020825582837
-26.409889914773
-41.014783014295
-113.739898989899
75.305292743281
-163.421737604843
-159.805735930736
-95.458603896104
17.139311643218
-126.447954009966
-144.246760997249
-29.453991646374
92.899613461625
-138.595029536436
-117.921364171852
-41.055284992785
-146.732261228355
7.028849812297
-85.127602757486
-165.758477633478
-97.510443793403
-193.056990806502
-141.397304518398
-211.451809177151
-36.535345784858
-81.539489481872
104.196892192009
-160.707549828644
-162.921376854482
-3.43368393759
9.329094516595
-183.186049248061
-173.549443232549
-157.108967042073
-74.410706535218
-77.395583203689
-112.628447561553
-183.21130952381
21.734547272389
-166.798410302805
-200.554550809434
-176.201298701299
-46.164154096771
-35.847673160173
1.928231111337
-173.877435064935
108.100731787744
-149.268508889114
-135.589257530664
138.501512755907
-35.858753551136
-180.16332972583
-81.526605339105
-148.638798701299
-139.560433435922
-126.547951614358
-33.573121702516
-191.87327868529
-101.178038053526
-39.957694269706
-39.437950937951
-195.097054529672
135.997412743506
16.678782453441
-85.163767981151
-95.221869222358
111.803911745806
53.964195526696
-26.868055555556
-52.316025066513
-115.050587487599
12.279764370829
4.767395988343
-185.493707301813
-179.422619047619
-35.764540635146
-163.8795995671
-116.136987198999
-26.874381369499
-184.325476796424
-27.37002699991
-165.344864662248
-40.971943908956
-79.601842222448
6.92993199292
108.543658544147
-166.568792698187
-99.95137092183
-36.537685730069
-89.289870665359
-34.227515106421
-37.004300820707
-175.582722453328
-88.803751803752
49.464105339105
-35.586662523674
-26.227002164502
-32.656184473079
-113.559907459077
-182.630514125631
-175.645755828373
-177.879329004329
-156.646763392857
29.658848529942
-83.886912512401
-89.35657354798
-139.338030838519
-23.093983219472
-25.977914256967
-166.692009379509
-35.146165900072
-40.679555741567
-153.669101731602
-171.180354747249
47.805645743146
-145.923041801948
-190.38864650974
-182.134281571293
-156.555565772118
-52.573404947917
-98.515893448999
153.809433621934
-189.120580808081
11.777264835859
-15.255251313357
-152.795467228084
-157.339466089466
-30.51243813695
-195.931789998196
-156.476272913285
17.315767186373
-168.949072195166
-156.17756139802
-33.873036306142
-34.915236347854
-35.502406881313
-168.120789366883
-110.829725829726
-177.774621212121
-31.365772682179
15.094246031746
-86.209513522502
-152.93262987013
-38.107982729076
-183.052501860119
-199.202290764791
-88.832251082251
-82.189644069039
-37.920634920635
-92.741952871347
-33.91064453125
-189.600801542208
-40.531655844156
-199.636121257215
-47.992236116748
0.002533003021
-92.452581760687
-31.491584370491
-178.807006307495
146.785533910534
-92.451479076479
17.688950751939
136.832328587211
-87.418269610164
-173.316287878788
-138.667035167523
-162.388966393849
-83.733676046176
-168.142135642136
107.604166666667
-0.65854978355
-154.912427849928
-36.748095844043
-132.101461038961
-101.243944748828
-89.087293836806
-188.185413002796
-35.209325396825
-150.742313621708
19.657647907648
-156.733294862689
15.956988269977
-108.46617965368
-168.854048295454
28.625190591743
-150.819424011319
-37.97601010101
-71.121913188808
-172.764221455628
-96.955627705628
9.078483636589
-31.06231962482
-37.244859307359
-183.460580272592
41.959152772141
-81.002463248557
-105.612747170364
-36.832792207792
-65.196338383838
-146.122835497836
-163.740988991477
-41.407650373715
-120.540883161977
-29.084137271149
-48.569013939619
107.73365561305
-171.890602453102
-179.777860214872
-182.265622886228
-28.837572150072
-36.217261904762
-87.338682584776
105.994929061824
-173.913767981151
-92.981503793516
-87.273649581755
43.62050330312
-168.953885957792
-26.933642366748
-34.769189523584
-165.573703694309
-154.421147862554
-94.775170088158
-163.337649655032
-149.913169783775
-30.984856235345
-88.421454359443
-21.715728715729
-147.552288369183
-166.769292393804
-157.249742119859
-95.880132942145
-107.123348439755
-163.527687590188
54.031104502052
-98.170176232188
-125.520985524892
-178.299221991117
-201.150244774756
51.289600102588
-146.531495902101
-45.099747474747
-54.84021577381
-183.1252832454
-146.03554166103
-183.665916982323
-163.029651284046
-35.935433435922
-72.978166852679
-170.012904575893
-152.019562956575
-36.241050995446
-199.488816738817
-197.208062770563
-42.464937460543
14.79120797822
-35.921877113772
-53.577561327561
-158.688742193137
-192.290522411616
-105.455968022863
-53.212760275749
-27.36622362013
-170.838543780438
-168.49827868529
-58.457784457296
-27.893918960813
-146.779068587662
-160.694444444444
-63.82961520901
-29.98232569839
-169.193542568543
76.373309334979
-155.162948542343
-186.112886679293
-111.018841455853
-30.673418053301
137.222873968479
9.150280708874
-78.30753968254
-39.00487012987
-178.91550197849
-96.873134244228
-43.588543780438
-95.753669507576
-60.816931874549
-30.603084415584
-164.810786435786
-42.053223360841
-29.505772005772
-23.491985987103
-84.01652476213
-184.716207837302
-159.562111066017
-197.651417213429
-0.827483822601
-149.528529928188
-86.40357678346
-207.702561327561
-29.087283620243
43.407217402823
-91.864169738681
-26.369859307359
-188.062700808306
-200.900723896329
-190.130481009876
47.445616883117
-175.565767186373
-168.506320881809
-35.337031024531
15.618764373647
104.619470373377
113.592614904627
-27.27093127142
-31.958944213339
113.582890145878
-121.078914141414
-138.777875715864
-114.021686240192
-196.899799121235
-91.865447865936
-142.276314343209
-39.061167619273
-111.463924963925
-85.823683261183
-38.189656751668
-36.393300330312
-29.791937229437
108.731310735705
-40.458423520924
-23.567542754554
18.076479076479
-199.683912929518
-189.998634503517
10.883990575397
-167.928197995581
106.253048411007
-160.076507260101
-34.989025297619
18.293349581191
-39.300747429654
-34.973193852588
-67.813880997475
-188.784729972718
-189.540952916441
-88.58879637615
-25.513167388167
44.772013522502
105.253486666328
-46.115993923611
-22.489739047845
-151.87996031746
-168.854715542704
-174.955377575983
-34.027166897772
-128.646394892
-159.351363100875
-163.208353766459
-43.377484386273
-154.127783132666
-92.331341455853
17.289520131561
45.062659942054
-160.525585091991
138.233134920635
-31.647366522367
-82.363997113997
-106.713213679766
-154.645673391279
-173.714929710047
-30.649280894886
-188.231859259447
-183.640401644796
-25.876553622159
-156.180478050595
-213.07709770698
218.718073593074
-78.040022856917
-159.702651515152
-162.303182494589
-114.592073779086
-28.749811874324
-37.542225759267
-66.972119352002
-192.68253968254
-96.318431947826
-50.631112323007
-156.909000721501
-162.761002886003
-39.808614183126
-147.899724082341
-173.818272005772
-30.574953637942
-159.964375901876
-183.965728715729
145.370743216202
26.467614904627
-98.030462972358
-161.868784806773
13.821629379735
-43.722771098259
-146.791027603039
-60.946892192009
-27.883900387807
-34.576388888889
-36.615911486517
-96.368256363862
51.468947285354
-34.041403854392
-93.487554112554
-194.872412743506
-162.277486781881
-179.592643088249
-28.550788295905
-32.788128917523
109.765233952246
-176.294552669553
-195.833305149711
-157.478437415449
-38.429190059073
-191.115321744228
-179.895923520924
-32.70699320211
-37.957531861585
108.727723665224
106.362734487734
-31.840540590052
-34.860417794012
-31.701729206124
-35.095508658009
-33.807449494949
-41.111562049062
-30.208263578869
-190.509539451434
-191.767316017316
-36.539244284361
19.504169062275
-28.384539451434
-57.479367474973
-66.478365194918
-30.212842712843
-95.632457034068
-157.453932108473
116.23261422822
-158.88483044733
2.679736116748
-45.309245496257
-63.779303216315
-193.284820160308
-75.718436809501
-158.371823001218
-196.612734487734
-154.392955080943
-100.667686913781
-153.637085137085
-37.210428081034
-202.364697829297
-189.961239769345
-158.399518341901
-152.839306147412
-36.185433435922
-136.487353304248
-181.076561513573
13.86813799265
-32.264811197917
-110.080009075126
97.414218919102
-199.470889841495
-157.80485448796
-182.206279451885
-197.639041080447
-40.320456941062
-36.611090677985
-199.003234070617
-160.432622119634
-61.497183751578
-5.274822020427
-111.675043895991
-166.645472582973
-43.39716571406
105.252144069039
-178.88950751939
-105.917109854122
-49.291055786661
-99.825667388167
-161.900440650929
-188.328643578644
-38.24312531002
-142.462108529491
-192.868338800956
-85.463231646825
-171.860271239178
-33.850801542208
-162.391656520563
-179.822760952155
-31.892746522141
-116.993326118326
-48.549250174738
-32.603645974251
-35.331070893083
-166.751082251082
-146.181985874369
69.716262090774
-77.031016780528
-182.21245377886
-85.31050812252
11.887183075171
-71.853527603039
-196.573474702381
21.983392800776
-172.0625
-33.883544921875
10.634289321789
-36.345238095238
-190.424595424107
-170.510268702652
-83.126352813853
-28.860206769142
-32.330016825622
-165.587293836806
-162.89133170432
113.13943001443
8.577741702742
-40.436598124098
-194.895444399351
-28.24532292794
18.127988873106
-154.27991409632
-167.936154936643
-183.998286435786
-34.417285297168
-195.212600333694
-64.945178627796
-157.036095469201
-162.641602267091
-95.801649305556
-99.198863636364
-131.560536306142
-137.97382516572
-95.895202020202
-160.474767907873
9.708956895969
-167.997662873151
-38.342241471636
-94.80990499301
-170.225177979573
83.428202927715
-184.912620907738
-117.827311197917
-29.204996392496
-88.647899897412
-91.421508612915
-174.173247894683
-159.844086089692
-181.170462295951
-39.092261904762
-98.77617483428
-153.100731787744
-92.576661917726
-26.309335683847
14.228543104031
-31.078643578644
-177.087564399576
111.300963738952
-162.731032422439
-37.560876623377
-38.148837707431
140.502257155822
-106.153509495062
-86.976182725694
-204.653259365418
-192.884219567325
105.197601010101
-35.922881859894
-90.291455641797
-39.000623562635
-26.988636363636
-199.149801587302
-28.259371758883
-205.017053205042
-89.976342667749
-201.895853766459
-192.337461529356
14.80312049062
-93.500450937951
-119.896534400929
-41.787775917659
-43.365550736156
-30.776545801204
-26.911969161481
5.575036075036
-36.752803565792
-175.687688125676
-38.418261859668
-32.790313852814
-184.955460013077
-86.847763347763
-133.467602221997
-32.239968744363
48.801296305691
-193.905135337753
-182.624549062049
-35.598456664863
-80.740520086467
-99.445075757576
-32.968191964286
11.556359493371
-27.785431040314
0.22132034632
-29.781864402958
-76.299139554022
-119.842684659091
-139.376159756043
-74.08475590165
-75.972771098259
-177.973665223665
115.666105108
-100.127316693723
-176.971611342217
-106.346209725604
-30.668823418335
-159.876254875767
-185.542470604482
22.337481962482
-103.55076786278
-151.958235395247
106.913427663916
108.569632570121
-194.795794862689
-177.036724316265
40.756846506358
-197.92403386544
-7.667047850153
-196.630674067686
12.886884328779
-157.082980333469
-186.377344877345
-195.394944140061
-208.283036841631
-189.978605108
5.486111111111
-166.766504329004
-172.322503072015
-176.284464342082
-29.133678441784
-31.866444861562
-34.382944258433
29.293387981376
-187.689922382305
-154.607245727363
-159.999077690972
47.541578945143
-189.870588558577
-114.327569078057
-176.324883883478
-170.145910838294
-40.079344646239
10.767676767677
-165.743326118326
-141.910165409677
-149.81346387987
-177.722402597403
-34.113837171943
-31.330266955267
-174.174221991116
-107.1681998557
-33.189602498196
-176.910340852724
51.959438483608
-189.480519480519
6.745428616522
-155.471701529807
-29.710175485322
-181.18081836783
-42.49531024531
-199.220717216811
-179.420093795094
-150.097374413781
-118.089847272953
-100.665932483315
-161.107511358
-34.182457245446
-191.654060837166
6.772289017406
-35.949322324811
-38.086587837076
-81.438672438672
3.389538169079
-40.737726737238
-159.736935482053
-39.466019711625
-178.898920144526
-37.244650748557
-153.925943305826
101.069735440341
-19.776584905979
-145.314762440251
-73.683454241071
-162.348276289683
-83.585294561125
138.031813320143
-102.840347532242
-36.920967487374
-88.641622700216
-165.007784316378
108.438664688176
-91.644037332026
-154.166125541126
-195.187798746392
-32.030643347538
-37.944264069264
-162.455246522141
108.477009914998
-186.156142902237
21.672807173295
-32.766226015738
9.893029767541
-26.51939033189
-135.03442347583
-160.13150125699
-24.242516896081
-94.405483405483
-187.592983405483
-190.395562770563
-86.796717171717
54.399633894751
-5.102571473665
-191.649884024396
-85.452192826705
3.74092170308
-87.359224922213
-4.859036796537
-82.346951659452
-35.438053808171
-40.019057765152
-31.900876087888
-191.182740490846
-153.978375411481
-190.705529767542
-156.825064258658
-34.259719826614
-143.696961946474
8.698252756358
-95.706972768984
-35.021905367853
-71.402126031521
-88.84918591608
-86.721438717532
-156.552489177489
-28.03067153116
8.857753737148
-77.545196665314
-147.960214590097
-200.468233535128
-102.380733605587
-76.813930318813
-97.51702502142
-37.988989363501
-37.388860705267
-170.285804473304
-141.221410533911
-38.500381183487
2.095410719922
-138.683552179158
-198.68740981241
-2.638728946834
-159.384351325758
-145.12996031746
34.324793695887
-205.684265929383
-0.653839595734
-33.730499047394
-175.103076665088
-172.630493692505
-182.460217056164
-88.695366753472
49.247925685426
-161.483585858586
-127.771485079591
-103.023005585994
-153.388430200442
111.288680259628
-157.14428746167
-100.490450332003
-180.867133246528
-184.248827561328
-50.894488269977
-127.750110620716
16.311678095125
-92.061116536458
2.785333102228
-167.942730880231
-141.387056953463
45.180743681232
-146.790937415449
-100.89725590165
-97.738445771893
-35.032938903544
9.236283735795
-78.997943652485
-142.386724386724
-27.972124284136
-204.827012451524
-157.522546897547
16.872286621798
-29.968045409452
-109.41830272592
-20.088806592713
-172.777958152958
-153.050314458762
-1.636634199134
-104.299603174603
-22.623909998422
-145.120317995806
-0.677968299062
-6.765782828283
-81.454816017316
-182.815628382035
-39.102169857053
-32.620240490846
-74.345029536436
-151.460776148764
-19.094704720193
-194.669380044868
-130.632325627931
7.590991528003
-182.861902366297
-30.2086116466
-33.998647186147
122.51910708649
-50.943625005637
-197.730511730023
-45.38283856985
-165.524518341901
-163.476489222583
-34.267496392496
-191.307982869995
-201.244666249549
-174.149711399711
-85.012904575893
44.313652005547
107.183884745896
-192.111281269729
-175.977162106557
25.259920634921
-38.128579319986
-156.578643578644
42.849907416802
49.85675392316
-151.74791793493
111.759928385417
115.431117114223
-55.859835802219
-26.107240795229
-192.09117965368
-158.509948818543
111.776723710317
-194.578275077787
-32.006854256854
-172.043039913645
-134.241141183036
-163.978161920545
-73.279769655258
-190.364059117965
-194.516073824179
6.269771515377
-101.688574500586
-153.349685470779
-206.478535353535
-37.312711024869
-27.542117604618
-87.965458152958
105.148837707431
94.294823232323
-28.972312409812
8.609294676677
-136.378419377931
-155.532547503495
25.603202786797
-50.650425149937
-147.522739955357
-173.642148324766
-191.980519480519
-42.371663059163
-136.896645021645
29.740862869769
-150.89535421176
-176.608773984262
-192.879300820707
-5.404241212347
24.566911441423
-188.216991341991
-93.412046666441
-205.540326535444
-39.511281199269
-33.839736652237
-30.608856421356
-35.6808056852
-210.701167295161
0.433281616387
137.460149767767
-143.828352582747
-35.074667574179
-30.51252832454
29.274593028499
-113.061938441333
-76.158036841631
-173.931117114223
-32.905310780799
-168.242973118461
-167.833312900207
-90.973317155934
-134.552587115575
-148.55266955267
-139.774912208018
-170.490419682314
-171.568931502525
-15.675865800866
-39.598374227769
-79.644338544485
45.537054416937
-138.6895947477
13.178403736021
-85.896194083694
-162.67306998557
-200.981040172935
-84.631563260958
-155.367584184479
28.8079004329
28.194534632035
-43.104707792208
-90.796266233766
-26.255764255276
-43.454303075397
-90.342101962707
-34.952200577201
99.278038123985
-83.55675617785
-156.893398268398
1.595390286797
-35.344537027642
-91.983835988231
-187.221660663555
-78.831988269977
-93.232330982819
-34.589646464646
-33.299806448976
-99.196691383703
-28.99062049062
-34.648247965143
-59.032106782107
-173.968684473079
-166.818993506494
-36.69333400974
3.916022670905
16.696546942641
-92.889901385507
-1.272979868439
-188.51911976912
-193.648997649486
-36.181905903341
-17.905906159812
-150.635502979009
-149.055194805195
8.598095914502
-98.875200808306
-172.609307359307
-158.58083626443
-142.424873737374
-155.236742424242
-150.946428571429
-174.915383607278
-66.833505958018
153.611492294598
-140.508740445752
-32.225268167163
87.138157171604
-75.897276334776
20.725801542208
-169.497023809524
-31.015684890197
-31.089486522592
134.090267561215
-38.453470953959
-97.764048830943
-34.219246031746
-146.508297258297
-42.184876809389
-105.317029812635
-81.526507401019
-94.741509683892
-190.307367057855
-177.268931643443
-203.173041801948
-34.621946304563
134.092512034407
-116.188311688312
-162.63293404187
140.054623029965
-34.820268815386
46.599438511792
9.696140041599
8.044212352318
-103.800136549648
-195.380862193362
-149.045915699968
-166.619428802534
-150.134531700938
-148.780303030303
-41.028118095013
-137.950675138663
-27.452831890332
-126.595250777868
-34.406122469111
-106.087301587302
27.263427734375
-91.536997345103
-197.979045829388
-159.594258714376
-196.974116161616
-183.063574500586
-206.802226365215
-145.248376623377
-183.760260952155
-51.876061817956
-142.650342712843
-141.774871341766
-100.847866217983
-25.283650187703
-93.829267141279
-74.416728670635
-1.258047128653
64.100025788014
-38.940816507711
-194.942272191784
-166.791185079027
-203.590097402597
-157.941476004464
11.385289135777
-59.272747705853
110.528707837302
-120.731593981106
-22.401056463068
-79.866321558216
-121.408799913194
-31.413808847403
-38.907016594517
-32.014527952516
-134.267669017181
-139.850711354618
-68.908348975244
-77.23062235074
-116.03094209393
-38.819436693948
-37.886897011409
-29.632403132891
-34.485922985435
-31.356400923295
104.94725294237
-41.67172738828
-29.236389424378
-84.856589048972
103.757194574089
110.435606060606
-53.512188007305
-85.688873246979
-192.308634616252
-142.133998325893
-164.689373506268
-23.458591213474
-111.772894965278
43.429836520901
-45.476108039096
-29.336572336084
52.665862728851
-37.79788961039
-132.943439698322
-201.749847808442
-35.802599798205
-138.261183261183
-207.677321484939
9.321997880592
-2.089999464511
-21.212654587166
-180.171196479302
-138.392576363524
-210.971410533911
-91.251332380727
-29.286989594607
-202.149551457657
-35.9721940386
-34.147990085002
-30.3079004329
-41.150515337527
100.633309940927
-26.408382090999
-105.955815831304
-12.802496927985
-28.90195833897
-38.930014430014
-69.495830937725
-157.682199365305
-169.678362869769
-148.399350649351
-41.371660593096
-195.520271774666
-136.318091630592
-32.483327978445
-99.982204861111
-29.74034992785
-82.387064703959
-30.56509500699
-116.991514616026
9.71617965368
5.010814760326
-168.054104803617
-156.630874875992
-32.578383232436
-33.017774705763
143.031846435899
-37.394722898629
-97.373376623377
-88.017413955402
-26.86047979798
-93.240079365079
-160.212211399711
-94.969524345013
11.418220288826
-33.11534992785
-21.653499278499
-44.70888220937
-61.667400850018
-182.172521109533
2.349206349206
-99.154303216315
-38.814844877345
-34.824757761769
-151.541646233541
-28.094787157287
-101.564844877345
-158.450134013122
15.862623867018
-159.480491296898
-37.024801587302
106.201659451659
-35.338754805308
-176.306637806638
6.206792393804
-189.489808802309
-34.375703533663
-154.130862193362
-99.659271284271
-192.996663059163
-183.928362869769
-27.618887676993
-84.401785714286
-91.097214471726
-28.566169507576
-165.656926406926
-152.42765687004
-87.981449540043
-173.175705858811
-178.612747170364
-154.190406436012
-96.12509018759
-171.220147907648
-89.637868641775
106.637889074901
-144.982122424017
73.982864357864
-27.253246753247
-212.761932945527
137.34057652417
-147.704816017316
-182.491452612058
0.232864357864
-178.482954545454
-193.555194805195
139.264512451524
-167.457985265602
-143.839113089601
-34.65116215165
-99.028048340548
111.232606477724
113.465035398629
-145.15586458897
-158.02867965368
135.922709235209
-145.915785223891
-170.64142189191
-64.341803216315
-35.041403854392
-184.008297258297
-164.777417027417
-160.330328959235
-144.214909276921
-112.103354978355
-114.903130777642
-199.114517806412
-186.236451428346
-30.854016941175
-90.06900125699
-164.028048340548
-36.583415770427
-151.531676277282
-200.358232858721
-28.935265743371
-37.492362238456
-41.607503607504
-75.013049016955
26.254329004329
-47.066558441558
-36.914669857053
5.287685730069
13.15594209393
-189.704545454545
-39.601378601867
23.153048340548
-37.207431457431
-84.305096867109
-34.756673881674
-45.679112554113
-75.809425871438
-80.200597633703
-35.099845412834
-36.286082786571
-39.826631268038
-54.121462250857
-38.089133522727
-93.112123607729
-28.007215007215
-40.015524948142
-52.113476421582
-156.093697155709
-138.370928875812
-111.238095238095
-139.918310476416
-82.768315831304
-144.084977143083
-26.627442815431
-37.711046711535
-136.689365755772
-15.039411976912
103.77704852656
-161.074474516369
32.22527063323
-155.675878483496
-137.99312531002
-83.181637806638
-186.31231962482
-144.525260275749
-151.894660894661
47.014607923543
-99.801697922303
-85.785193593299
-23.819071011454
137.468434343434
-41.257908324315
-111.857856607368
-154.277617835723
-40.057387490981
69.414883347989
-96.282099031611
-34.462953333559
-43.809884559885
6.308712121212
-121.561500186012
-158.5193001443
-113.091622841135
-35.695238165697
12.672910043516
-152.170212166306
-153.806630056142
-166.787497604392
-43.905656030168
-38.056619839579
-0.798077736066
-159.837654587166
-41.799845553752
26.977643694196
-195.83371451682
115.16046415607
-38.046598800505
-205.115017361111
-146.484397546898
-53.548402552309
-186.084784085272
-34.631431502525
-194.674693362193
47.578751733293
-196.422139926046
-103.510531514926
-148.963543780438
-174.198170319264
-101.452860073954
-158.742043058938
-85.628525066513
-113.717359842848
-275.027687590188
-26.522013522502
-166.182248686643
-32.648739769345
-185.739448051948
-101.005710001804
116.684613997114
-168.274801587302
23.942542754554
-45.460928340323
90.329303075397
-102.929653679654
-155.847935972448
-134.780012034407
-146.393057951163
-33.54814749053
-163.283632220644
-98.146993089376
-27.137543825532
-31.559613997114
-146.568261789209
-103.178329049423
-187.71427796379
-164.345438903544
-80.199767978332
-28.658828096816
-91.856982915088
-157.306006493506
-104.287706163194
51.420544733045
-132.200474330357
-153.498294186282
-37.172910043516
-30.524162523674
-164.566906509289
-185.588667083784
-30.358856421356
-155.314512310606
-79.643050200667
-200.734647676542
-188.587662337662
-27.635371572872
106.72123015873
-186.534008471997
-29.908008658009
9.313110880005
-163.290326535444
-181.829205137311
-0.617083925189
50.541458107864
-192.856962481962
-34.879877880366
-195.325757575758
-76.606480894323
203.238067054473
-186.906372598755
-35.716983591495
14.700695571789
-174.748536565431
-151.106310735705
19.859835802219
-119.204463017451
-87.659353721365
-185.770181587076
15.238365800866
-193.621580622069
-199.867985801091
-135.510178515061
0.823683261183
-30.302579365079
-107.245583274148
-87.127806031859
-39.668761414367
-127.764540635146
-205.9632112137
-194.929473304473
-22.932820461873
111.614538239538
-161.59796415607
-24.387876392271
-94.161719031836
5.473484848485
-33.136716636228
-82.20689033189
-40.326298701299
-38.780310780799
-36.566280128292
-95.090880907287
-166.329836450442
-44.575334821429
-40.618514244003
-135.950737142632
-157.865051181457
-165.849407157513
-157.782797633139
16.881202510597
-193.649641645247
-158.700236883342
-41.418130101236
-113.802308802309
-82.171704489087
-46.335941022953
-197.279401154401
-32.143140388258
-190.524280894886
-1.684987430105
-148.38770869972
-179.211780894886
-162.469253782242
-32.289329539818
-154.708062770563
-37.961129148629
51.667395917884
-35.103883421266
26.038961038961
-163.738373551362
-76.721147721636
-41.377074314574
-165.955787647682
-39.993970114087
-166.399448587437
126.036623912112
-38.212499929541
-39.218614718615
-106.89698533888
-154.458854025749
-28.664981286075
-181.865017361111
-45.068903318903
-77.694957386364
-39.576007705402
-193.963564213564
-184.941558441558
11.379898313492
-158.234766047754
-161.546724922213
6.247422960069
-27.241710492199
-136.709436017541
-151.431978123873
-46.689512310606
-185.216290274396
-210.267143392632
152.023348369296
-145.966963158369
0.645915770427
-25.550582555465
-47.81918163217
-34.634588068182
-149.344696969697
-135.384018759019
-154.63846613456
-34.62231480542
-71.543934039051
-114.483614042208
-154.416916796311
-30.79921424062
-163.880370036864
-38.929112554113
-28.689131127119
9.919171486066
-192.82694269706
-175.510023505141
61.546897546898
-30.061319810832
-117.135649886138
114.853728411346
-198.910526160038
-87.234335542929
-168.135260952155
-33.363726551227
-196.373106060606
-176.796925730519
-147.91629816581
-107.553744053256
-106.293650793651
-100.138881138393
-39.237654516707
-139.295704675099
120.298498024328
-97.300407112419
-30.339185310133
-172.811438182044
-45.887917258523
-42.80313317325
-37.803473490485
-32.951306451795
-148.388069450081
-160.684356116973
-180.991159150095
-181.411275844381
-90.700950633568
-144.407029277146
87.494879740485
-39.448683261183
45.017967763573
-83.632485569986
-180.005321067821
-177.330176767677
-37.00200456011
-39.853264790765
-84.235139480745
68.520464832477
11.165226131291
-6.321346134334
-184.774879092262
-192.90126502187
-163.294282106782
-25.352893823841
-183.478555786661
-115.426968485074
98.687860750361
-167.420073361968
1.357022019864
-159.703020016008
0.09279281374
-150.513340012852
-30.266414141414
-175.329725829726
-158.443452380952
-153.81058562748
-36.220660849567
-2.20479558419
-36.636072640467
-28.790571732955
-172.073018480001
-2.692903504915
-39.955009075126
-32.687056812545
-163.49140399531
-151.956106827201
-193.174234673746
-164.629890562996
-36.286956478851
-164.315774936869
20.166586695639
-160.528220965233
-44.497763277304
-171.526076896194
-194.696691383703
-30.802870360976
-121.422418239313
-157.280691964286
-156.481769424152
-140.457181327787
-36.919220102814
-164.578435019841
-35.73843555533
94.457952149847
8.271163434005
108.766594516594
17.408487779582
-34.268586394075
48.550533234127
48.929202741703
-69.083436203553
-55.356691919192
-178.498925499414
-51.736652236652
4.850378787879
84.649891774892
-89.076038355091
-188.154318717307
115.586848183284
-25.875270562771
-88.372544501939
-174.028306220689
-115.427427173521
-186.794802799197
-172.63177181976
-179.405225525343
-87.694985569986
-91.828303261409
-36.813131313131
-37.201541080447
-146.471779034767
-200.538579855474
-35.151966089466
98.227009914998
-194.285894660895
-90.836740028635
-96.862451242334
-41.831356956845
-34.571067821068
-164.679903809298
-119.976288414277
-35.829988642
-82.462953333559
-129.066550691062
-196.833263578869
-172.684773939168
-40.785173160173
-33.665612599206
-92.46931578621
-37.576569264069
-164.207820391414
-139.970869408369
-148.948773448773
-152.337309337798
-33.140622886228
-88.649551457657
-28.991522366522
-67.469446840052
-64.604769796176
23.146467112532
-183.898822206439
-51.836149581755
-39.451228946834
-27.611812178707
-30.807727808216
-105.296278916396
-174.312139249639
-179.812061744679
28.991792929293
-34.323412698413
-103.258817950712
-16.599288786301
-166.83848177647
-95.455377575983
17.086427895022
-41.649428154311
-164.883137316243
-31.355158730159
-95.08504443148
-185.389007260101
-154.154749222132
-54.566578874684
-196.986373923386
-160.674701112689
-40.226453288465
-40.575847763348
-33.744748686643
-163.670462295951
-26.931978123873
-193.803841991342
-42.733977258635
-32.413842667749
-188.346070216676
-35.188971185065
-166.125721500722
-188.343622469111
-37.314677184794
-186.008387445887
-27.96521577381
134.675657242064
-91.729457662563
-193.162337662338
-189.988074804969
115.78068421379
-195.424319929203
-191.061245124233
-35.213736838249
-133.888626076614
111.57320413961
-189.726899294282
-38.007874503968
-36.404692150298
108.04128548318
107.032717662112
-33.493207747114
58.570318136724
-200.22112728851
-96.434343434343
-32.501955943362
-36.266393708288
-68.673902107008
-32.201919797867
2.804821372204
-45.135003072015
-76.699945887446
-193.607142857143
-165.188852813853
-150.689852627841
-197.427296119679
-35.713113275613
-184.143656148539
-33.085407647908
-169.611008240891
-40.758026695527
-173.475018037518
-35.725759971365
-28.830447330447
-84.403396408279
14.091880721275
-163.881764069264
-160.279228529717
-176.335858585859
-117.076687635281
-188.33343127142
-156.662788600289
-36.191087070482
-153.291506724612
105.238829421447
-185.402306406701
-145.736984803391
-136.889151701163
-52.468323722718
-166.482954545455
-193.289424659542
17.613486638145
95.930375180375
17.902700272817
-10.403602148719
24.983225108225
-160.345250777868
-160.694444444444
-180.21626984127
-184.121384745896
-163.433170995671
-187.825064258658
-100.480689639137
-153.188430059524
-187.145681141775
136.619789552895
-97.947510822511
-96.105346855835
-34.482663549558
-103.077290764791
-197.823593073593
79.029331399937
-33.429563492063
-123.234098800505
-28.940187660647
-158.4115055409
-91.668568356557
100.633207070707
-94.754038008433
138.820165945166
-189.270812900207
-20.188770376759
141.778409090909
-77.905586275703
-166.249840057946
-0.897444027327
-151.66361297123
-136.046376854482
-52.664855164367
-29.589646464646
-32.463633968029
-80.195099009064
134.737636549648
-28.183552179158
153.050968671086
-101.467913651019
-111.60119047619
-32.75747781949
17.15116215165
-156.492632801227
-87.746412929518
-203.529310966811
-83.310773753157
-69.351739352228
-138.808101593502
-148.973835382283
-32.749917562906
30.045214632373
-170.628710373828
139.138888888889
-180.532828282828
35.332431457431
-20.882104386499
-107.80693655303
-167.329192454681
-191.694604386499
-97.879045758929
-31.755488760372
-148.17463171052
-172.329913955402
-144.219508844021
-203.833681401064
-35.054112554113
-149.832964832477
-168.109668109668
-192.810613811102
-31.966617909001
-52.010399756494
-33.075646955041
-171.080898268398
-88.650592842487
-39.425853118236
-48.418581039186
-178.327999582882
-31.335387214782
-100.416944979933
98.692259509154
-160.344168526786
-169.084137271149
-103.832985265602
-200.50765819467
-147.788066913555
-41.813512496618
-43.549410116793
-37.242145929158
-36.787129103535
-10.654321183374
-86.957263764881
-99.986201298701
-111.045073361968
-163.983738050144
-42.593151098034
-107.155122655123
-32.351654096771
-172.115231556638
-94.485688356782
-190.218372339466
-181.523706653589
-74.272920330538
-183.406495902101
-115.957418774802
-165.092081529582
-185.0625
90.410090723079
-149.075396825397
116.215736466225
-193.07423213722
-23.047626798115
8.607753737148
-189.610147231241
-155.329303075397
-89.024711399711
-18.53362728851
-89.033758342352
-31.108418166035
-120.726538543921
-138.378960503472
-172.243769305781
-201.39211520901
-140.220766538149
-139.907890286797
-86.869019435426
-78.209796767902
-171.449592887581
-66.580717893218
-128.564927314439
-34.148997649486
-34.721791717397
7.12031024531
-0.973652541035
-104.029581529582
-200.667465672348
-184.962190966586
-161.453032698638
11.899523274035
-38.573392265287
-15.663628472222
-197.1011002886
-24.636544011544
93.15682846884
-174.599587532693
82.54624580064
-114.624270748782
-192.26738577178
2.415131011567
98.915932483315
19.915834545229
24.579968208874
90.455009075126
-155.005710001804
-190.556199551317
-28.530114904627
-162.666836825284
-24.851092538104
-33.785804473304
-101.209776334776
15.979444979933
-25.891032957927
-205.82971807923
5.669539986923
-198.333055020067
-146.504517130005
-100.733294862689
-116.763597892992
-147.882114603062
-186.769689078283
-125.15186815138
-162.505612063718
-183.548909857504
-94.596590909091
-203.221488038871
14.860358960701
27.390752178594
-37.57424481985
-27.830877835272
-40.831086394075
-89.86248435809
-150.334242959731
-156.315836940837
140.105779826727
-181.338113275613
-100.340007215007
-31.824404761905
-176.825695924085
-200.62578350469
-109.691849437455
-34.462041241094
158.810077617695
-164.422521109533
-194.143037518038
-170.332964832477
-40.731761673656
-95.285423289818
-38.170104011657
4.973747660759
-201.093253968254
-175.363193176181
-35.901682844066
140.088394054947
-53.17107810809
-153.129787692776
51.028970649576
-190.928308616297
-205.244769119769
-146.247176001082
105.022108642226
-38.879078874684
-43.372286621798
-149.462038775027
-141.714909276921
-121.151453147547
-164.115502119408
-38.429112554113
-21.262257761769
-172.931916119904
-82.589826839827
-38.781475468975
-157.423603360615
101.025785900298
5.703553391053
-190.58449802151
-182.404138342127
-151.208936462843
-161.607155539773
-194.91532160331
-183.842089280078
-106.716442465954
-110.04737666847
10.348665223665
-39.885711890106
-200.188061558667
-88.361373923386
-198.800615671221
-40.033722408234
-192.812659942054
-205.532658124211
-93.639048830943
-174.789953102453
-154.203205323323
-24.583874458874
-168.472041847042
-195.342983405483
-163.14879684118
-0.255050505051
-148.798438486427
70.772629334641
-41.492805425911
-34.485487548476
-143.083346015963
-156.613886493281
-202.964383652372
-141.544089048972
104.789950636386
-86.837842712843
-39.124709004104
-31.273510777417
-200.130058255547
-190.601399034993
-171.484217171717
-164.089716219111
-38.226932410038
-29.305117300234
-169.611742424242
-101.485209235209
76.331176581665
-121.498799377706
-72.615378111472
-105.847201789096
-187.111451428346
-192.348652541035
-147.569096376714
108.51061395202
-141.4009944591
-34.184433621934
-69.134490130096
-147.991903550009
-150.592380275974
-183.670892800776
-44.434995180601
-67.810064935065
3.280565842578
-94.374937996032
-176.145111832612
-48.259817764701
-39.86716143015
14.125891659339
-32.380140692641
-170.901613089601
-174.97809216608
-109.814143809749
-180.521645021645
-38.475198412698
-193.786067285579
74.052316552805
-151.909253317212
-27.805104617605
-145.945526695527
-186.58189033189
-137.202352768759
-95.889860519255
-199.303700016346
-30.643217893218
-85.437963620581
-120.541035353535
-28.464904344787
-181.323031514926
-176.145750896239
-68.838383838384
-161.679460621843
-35.366251803752
-69.766684704185
110.276036029942
-0.142967763573
-39.51444269706
-176.542630546537
-161.203996578508
-77.728805916306
-175.008928571429
-84.792851787969
-91.793490851596
-176.241244053256
105.162788600289
47.526244588745
-32.193174067686
67.531475468975
-90.947428385417
-196.52816671176
-81.625592912946
6.292297979798
-36.251726246843
23.962752525253
-192.776515151515
-225.297709235209
-30.445075757576
-92.094336219336
-139.619207561102
-185.727625727137
-39.655323463429
-181.2520947477
-35.275162337662
-91.62195405506
-145.35838505028
-183.289702972808
-96.676950518015
-177.502677444084
-99.635745005862
-87.800927804834
-33.310616277169
-197.408647721636
-12.54098356613
-163.60597041847
-32.170181516617
-30.662981658099
80.031495902101
24.514252105317
-170.637987012987
-160.589035584641
-160.577352768759
-93.804022366522
-199.044462481962
-82.362365986878
-76.871302308802
-39.02789614899
-184.678932178932
-151.776515151515
-115.881112323007
-159.224989853896
-151.765360073954
-89.183892496392
-30.316120186237
-76.003246753247
-132.252337126849
-31.524502840909
105.58485877187
-94.13953288465
-174.672701484713
-195.482433853039
-33.119838874233
-83.914842481737
-35.580998672551
-202.691640878653
4.35369529559
-32.639257389746
-180.541653984037
-94.74712174761
-175.020825582837
-29.878800561418
-70.901064213564
110.739409651763
-161.835575340458
-86.131403318903
-123.186389565296
135.769758832747
-6.398997649486
-72.684503376398
-154.103527603039
-29.623979752886
-12.091568587662
-27.662711095328
-32.813582251082
-99.239095052083
-24.969679002638
-35.820887445887
-158.518779451885
-149.712391774892
-82.353275007328
-35.570714821203
-32.684420939304
-33.847750665133
-158.399051902958
-28.751976376488
102.491730925325
-36.072482638889
-33.761111040652
-80.654032653544
-118.903409090909
-176.10778192077
22.587031024531
-32.265700391189
-149.41245603355
-154.226448356331
52.706271701389
19.517135642136
-181.60560966811
-46.32683982684
-40.731962481962
-161.976940160534
-39.791277732684
-31.527947936395
21.95497595937
10.060002931097
-40.961928154311
-30.318514384921
-39.482926361833
-30.255612063718
-94.06041793493
-159.072498139881
-88.610307173295
-45.522985152868
-151.501803751804
-198.749298932404
-97.305264559659
-150.802641369048
-31.898170460182
-183.689754689755
-99.432812711377
142.210394965278
-33.110680606286
-24.676948051948
15.776773031656
-91.201368455763
-26.802852393917
-61.788760230655
-28.861739958176
3.636191011679
-89.54597523787
-198.650703463203
-147.076499509605
-191.337863145969
-139.619941744453
-105.709325396825
-176.052136177624
-32.270119583108
-27.29338023088
99.896132079726
146.025404716811
-161.39125419936
-192.644369898764
-31.09919859871
-126.018315831304
-122.582542078148
-96.266574083469
-186.134567635056
-184.559170809659
-85.909341038736
105.400355395473
-14.935036751443
-154.707451890557
-109.620191874098
144.653960433013
-52.198232323232
15.357774170274
-73.265602453102
-101.207531861585
13.080086580087
-191.761195943813
42.408890100785
11.397374272863
-44.034008471997
-30.638255109691
-199.399559208153
-89.360028860029
-29.320727503833
-25.934676001082
-87.111304168921
-193.054576174693
-118.438664688176
-24.641967949585
1.207952149847
-32.961000560854
5.125348067731
-29.849847878901
-96.806998556999
3.114796119679
-52.797987548476
-153.938394125406
2.511203694309
-29.387896825397
-92.234299608811
-38.236672669778
-38.714666897772
9.840638528139
-161.981331168831
119.452192826705
-161.439025438537
-210.697420634921
21.315473724409
-197.587224082341
-154.846250591856
-26.738754734848
-35.689291069174
-57.438131313131
-156.40576171875
-37.504329004329
-39.627983940972
-194.728342295725
-172.721853721365
-45.860036610525
-58.123556998557
41.059433621934
57.07014551204
-96.622126679744
-159.429834054834
-48.485910302805
-94.646186333198
-38.917195109578
-150.819191848733
-32.706862148268
-162.132908324315
-173.111755106872
-29.546238050144
-41.714084905979
-200.089118021735
17.57558741714
-182.349920099432
-81.227375597493
-206.974649536661
-2.663973721591
-153.984570171582
-68.056096681097
-79.895013894526
-169.498938182044
-84.492001488095
-31.662538470644
109.950396825397
-78.270542337437
-34.762154891549
-163.714826839827
31.848775844381
-191.225546480429
-187.168859352453
-26.660603664998
18.169359611742
-36.463113275613
-45.372933435922
-179.285144976551
-28.599316969922
-155.722212005659
101.634088513483
18.094065656566
-0.530913910308
-189.91523141572
139.564927314439
-160.52876984127
98.271897617357
13.892787388393
-137.390622886228
-186.056387676993
-149.925685425685
-33.161497790404
-158.52950930905
-0.803764486382
-175.976481472087
-177.805187054699
-46.705787647682
1.618235930736
-184.995560374955
-116.520390145878
-68.270590954185
-34.879058441558
-31.151744143443
-85.822382234736
-40.680202555691
-170.228465599071
-97.863935110029
-165.232864357864
-25.718003838609
13.351481472087
-29.965909090909
-93.675352858947
-92.440947561553
-141.705890517902
-150.929543058938
-164.940844691333
111.236123793741
9.486582482188
-44.35760154559
150.020730463113
-188.424082482188
-40.47106246618
55.33641239403
4.36056998557
-43.80007454568
-19.169892986788
23.386183261183
109.187399595847
-32.803231111337
-180.169031977137
-46.785894660895
-159.311077431683
-40.501164688176
-96.738906926407
-107.711149581755
-170.169302539908
-150.92288961039
-116.096758601641
-97.465901340413
-48.086131614696
-34.494511239628
-38.622683306277
-87.620101686508
112.624090373602
-191.850628917523
-142.946637130231
-38.081972768984
-40.339494273088
-38.448340477881
-36.714105339105
16.650350463339
-158.239898989899
-91.240960807855
-175.104888167388
-93.544642857143
-21.092795279807
-155.877334660782
-32.499368686869
-82.333451704545
67.044635106647
-65.791486291486
-174.385884514791
-130.350288600289
-175.112976866883
-129.525793650794
-161.266135828148
-195.085678210678
-31.081447144435
47.807158499053
-171.922278730384
-89.255890376984
-200.03554166103
-35.674783549784
-67.654864774982
-132.326396639385
-170.535874227769
99.333243145743
-194.844890027507
-158.220480474387
-142.780315712933
-31.354547850153
7.902855282738
-39.999827375316
-92.997474747475
-146.631305380817
-38.780272380614
104.173041801948
134.644833519345
-192.089473839962
-151.01615132914
-159.931006493506
-145.138979076479
-153.189123376623
-121.198662828057
-26.747286621798
-144.573773448773
-183.719253782242
-190.027064027552
-158.703024948142
130.903880461986
-191.961830216225
-206.873389306006
-167.312922754329
-201.594516594517
-37.886085323097
-106.654483591495
-35.222580506516
-29.891684704185
111.363115671221
-177.186770748782
-89.515880766369
19.882498252615
-97.408431412338
113.527406810854
-155.843003838609
-91.226020317573
-30.22870797822
0.74044011544
13.613095238095
-159.378086811192
-175.515331890332
-201.730978168966
-192.858134920635
-170.355339105339
-158.173410302805
-76.440664316153
-114.145472582973
-177.291818858225
-41.781323277417
-165.929022366522
-110.939331935426
-74.250999813988
7.889231672191
-201.441939625045
-170.549062049062
-86.732135106647
100.655503838609
-155.061307128202
-149.183240750135
-93.874278499278
-41.017594330583
-86.497392310381
-179.382305194805
-32.018939393939
-163.372023809524
-206.965916841405
-186.090445470328
-12.174582741477
11.27616215165
-203.133297258297
-79.922719451772
-142.633214821203
-73.361180865575
-166.892774705763
137.832632265738
-123.588564213564
-51.924082482188
-198.962572150072
-178.457694269706
-139.800394429789
-81.614275427264
-163.858155353761
-44.104014475108
-92.305756363862
-32.571608946609
-33.925955988456
81.286366031972
-33.797418239313
-89.613455988456
-161.963113275613
-187.785255597267
-35.382506003111
-154.314303751804
-25.32006800708
-38.109647676542
-26.568542568543
-32.231323418335
-159.874446191829
-188.311039031498
-179.706349206349
-128.930563306052
-35.869421052038
-25.287324979708
-30.618686868687
-34.595786971275
-150.80390399531
-169.48059698548
-187.907299839917
-164.755514125631
25.771797213203
16.896354025749
-95.683822741928
-122.803641183036
18.493874994363
-35.38953288465
-146.003414445797
24.654138342127
6.188471630366
-192.484106551001
-40.712760275749
-44.376012496618
-191.634998139881
-160.353535353535
-89.828200391189
-136.920454545455
-40.439386188898
-178.042097171492
-116.162530720148
-197.923951428346
-138.404110158505
113.030553159948
-81.616264486382
-189.657807849702
24.043650793651
108.792388167388
-42.422791672303
11.17019173318
-31.00259500699
-27.785353535354
-48.727535539547
-33.530310780799
-35.273456523945
-180.943431947826
-153.718725339331
-184.044093981106
-101.542810921717
-93.698051948052
-32.533189033189
-201.472691127232
-165.267406204906
111.047897360886
-164.744678932179
100.733204675099
-206.850301282918
-189.722843318791
-80.828470953959
-187.894911024306
-29.540576665088
-174.290556231962
-144.955475514069
-30.97123015873
-75.24322818024
7.407647907648
-82.651584905979
-147.420905483405
6.755210447105
-98.619691614809
5.931805499188
57.931797748692
-188.03632516572
-208.254156379645
-31.532549969562
-156.22591991342
-100.512175324675
19.45202020202
-35.196255946744
-177.294905669417
-40.226994414006
9.198876318994
1.059606246618
-86.587842712843
41.488906926407
13.287177720283
-33.387979262491
-93.339834590323
-164.079545454545
-105.04520441581
-51.915306102318
24.358567891527
-155.513089883207
150.486832611833
-157.792359983766
-155.792478354978
-41.474997604392
-98.274628962617
-31.172270979888
-30.335608456214
-133.470441369611
-65.287510287022
8.454836450442
-30.891403924851
-154.868604431593
15.595869408369
-32.954094516595
17.396454429902
-202.665744357639
-27.65691865643
-191.122745310245
-85.840618095013
-156.5719823796
-72.861840362329
-21.080009075126
-170.062888933983
4.414023042929
-177.069998252615
-198.953004515016
-139.764056581439
-40.255862193362
-27.499840057946
143.804816087775
-81.438582251082
-155.838125958243
-50.569562815657
-41.704656075262
-92.540757040269
-31.151605339105
-156.468331473214
-176.793387981376
-99.972644976551
-32.581647952742
-105.165744357639
-30.149912208018
-192.838273217668
-202.377254689755
-96.245420866026
-92.48547979798
-188.058168529604
143.488546176046
-26.747232368326
136.6488997114
-196.757956941062
-86.871142366748
-99.6222119352
-117.458263578869
-78.35580272592
-188.199675324675
-101.406212656701
-155.863017733135
-172.487984617379
-5.329635642136
-26.587765207882
-135.109840734352
-43.197809568903
-177.385884514791
-40.974927849928
-41.147817460317
-162.358287112193
-36.515594702606
-49.641602267091
-171.723492598981
-193.633207070707
43.383748196248
-43.26643457454
-151.632923825307
-174.166867474973
-23.375290995896
-137.696047387942
-84.664391543786
-169.079828699946
-78.687770562771
-186.224669969787
-26.619215311598
26.185716681322
-37.054223174829
-28.86362861314
-31.290576665088
-142.618133060516
32.012154891549
-83.961108715503
-35.635379323368
-138.468151098034
-36.623569681187
-130.970398037293
-135.919220102814
-145.260454009966
-186.491251803752
-34.385794327201
-89.326950447556
-29.87222461783
-34.136634199134
-184.789432410038
-180.253968253968
-90.494047619048
-74.499631499143
-90.178383302895
-133.824773262762
-196.866244053256
-34.675517733135
-18.337183216089
-99.174332611833
-193.816207907761
-188.840187590188
-191.923360981466
-153.340638528139
-172.725406971501
-38.111118861607
-148.740731111337
-30.666847041847
-40.445616883117
72.475309033414
-136.342725525343
-80.855367288961
-183.604998788104
-39.490550736156
-151.348381978265
-38.061134503517
13.166854792343
-171.382866753472
-33.077741702742
-184.056555369544
139.941189940702
-80.011994949495
-40.504030257937
-28.791749103761
-198.769297678233
-157.099817229212
-37.714187776199
-193.899879092262
-189.42325036075
-75.127873320256
-152.508477633478
-218.38647425708
17.316390749008
-157.491883116883
-33.286858540765
-15.037427849928
-138.888159637671
45.345791903409
-158.94410412721
133.603146419553
19.044985640445
-156.989530489042
-197.980692105204
-46.816447820842
-193.636613766008
-162.729617604618
-207.022067775974
-85.164780477769
-32.837489712978
-103.984119233631
-188.834706580312
-31.686520619138
-36.113553926542
-165.38437950938
6.359668109668
19.559732368326
-37.628705441694
-166.199974071068
48.220972278589
111.388698297146
-36.830800330312
-158.394472768984
0.708796953914
-80.225551412563
-44.278138528139
-85.054813621708
-81.844356652462
-30.930437184343
-199.879800375406
-35.626955943362
-43.78660841112
-31.753427128427
-187.905643347538
-102.174074731692
-36.356060606061
-94.841069032964
-39.814095193001
-41.591380461986
-196.339388584506
-200.358287112193
-181.165043290043
-91.861201298701
-37.254620000225
-75.043921356421
-161.082153144165
105.8312410517
-187.14448051948
116.999451123963
-156.161714099702
-179.36533724522
-159.326950447556
147.602383347989
-198.279213028725
-30.881341314935
22.246310059298
131.71159276921
-165.948953823954
-110.293859352453
-171.872364126759
15.648428340323
-39.641872829861
2.639999323593
-179.123258252164
3.467352092352
-173.885732323232
-190.084415584416
-98.530205092217
139.736000490395
-33.328991646374
-32.948843203238
-31.843421660804
-114.428591861697
-176.573252756358
-42.260551948052
-167.229264604753
-187.658737909226
-72.204254458649
-19.404671717172
-33.152514965503
-132.988997113997
47.938494529559
-163.477793419688
-36.986373923386
-1.522018454636
-161.750007750496
-32.203571358112
-69.109369363276
-164.495663245175
38.478885887333
-144.29120797822
-32.097423030528
-154.366875366387
21.546178512243
136.527958152958
-27.806727994228
-203.745227808216
-33.236631803526
-76.111569799558
-52.508116883117
-35.941185008568
-199.925976421582
-105.598567285579
-115.282660590278
-32.465014965503
-85.546634734623
-164.27198533888
-28.716748962843
-92.109064980159
-37.226030534136
-33.713924963925
-80.66723597583
99.898268398268
23.27503128382
-94.149518341901
-101.782390027507
-143.217192150298
-201.426579551091
-168.699036261048
-148.715991528003
-190.247495180601
-199.199376578283
-151.21617965368
-63.62480694219
-35.451208513709
-93.922340734352
1.207238399621
-72.53651822353
-101.075396825397
137.636085323097
-83.689476376488
-28.139687894571
-31.51625419936
-178.216171903184
-158.214195526696
-35.282225153319
-172.589133522727
23.631583694084
-176.207542078148
-180.607864357864
-155.524440836941
-124.713133708739
-159.345889841495
13.38247781949
14.002344877345
-174.915744357639
-38.97800197849
-195.721603591721
-25.298451169057
-171.925435296041
-185.567362379374
-187.144758832747
-119.187229437229
-38.762917258523
12.02472936677
-148.483974792569
-78.735098614493
-41.807740490846
-159.239718614719
-193.970328282828
-34.178038053526
73.459964460453
-36.787615975604
-26.812049062049
-36.419671040765
-101.898629148629
115.019500952606
-200.61716143015
-187.821158008658
-31.012433204816
90.419792582634
-180.565463507846
119.894660894661
-107.027133782017
12.523190893308
-110.692903504915
-33.474033724522
-37.756503723056
-85.502996623602
-165.128857633252
-40.569624819625
-153.361340455335
-134.977563723169
-188.127504819399
-85.369588744589
61.134116697105
-202.247113997114
-163.183531746032
-195.346248125789
-193.042478354978
-156.930014430014
-87.658980288375
-147.327079739922
-48.30372362013
-202.47419859871
-33.314644069039
-33.332622049175
-29.104978354978
30.682650303256
-164.857671300054
-195.988726551227
-135.872113997114
-112.190107689619
-197.944637502255
117.0622167546
-33.40856246618
-43.155553159948
-32.874175629058
-0.048953894413
24.874541311553
14.28869047619
-192.098652541035
105.001886188898
-169.136884328779
-41.240460548566
-182.576126076614
133.618243681232
-167.50018037518
-200.630980564574
-113.178231111337
-41.735028860029
136.694364473417
-171.660526160038
-45.232323232323
-156.59853663589
-43.826757389746
-36.853555786661
-194.487546362058
-95.363303796898
-43.888708513709
-29.250450937951
-183.706807894796
-159.666548295455
-34.71922559862
-96.332882395382
-36.07492545432
-190.23626330267
108.72591991342
23.267939579951
-136.439100477431
90.099829911842
-47.350481658099
-106.561507936508
-97.980068542569
-91.313652005547
-190.867777242289
-94.255120259515
-190.415404040404
-30.663169783775
-87.728996508049
-91.686044315927
-27.593156030168
-27.000528442911
-47.321711816829
-177.518197107797
-14.547230113636
138.016385957792
-185.821428571429
-43.181921052038
-31.236471861472
-180.460866336355
-36.962391774892
-102.321608946609
-5.056908369408
-72.308539496528
-31.985930735931
-32.576360705267
9.784098659587
-70.010822510823
-158.81746031746
-128.391692454681
-161.912600474612
-18.535533910534
-33.155553159948
-154.460685961174
-34.240538053526
-84.433364053481
24.911726782332
-66.822794067911
74.338806592713
-162.427551181457
-41.578811271194
138.786487573841
-40.611943232549
-187.033439162834
138.738546176046
-174.734861167478
-194.984209421221
19.688020692415
-69.623709190115
-29.15845959596
-138.938922568317
-177.026708209325
135.610928269864
-101.825043825532
-34.175505050505
-28.623015873016
-192.294274356286
-162.890983636589
-54.273528744476
-147.174956174468
-35.237706304113
57.876249943633
-72.528602148719
-188.100677534271
-150.340818903319
-91.385121443227
-161.301968485074
-201.520312640918
-28.542135571677
-66.691087070482
-88.79327736066
-213.937201253607
-179.126332380727
-93.242965367965
-39.65404040404
-105.269398082386
-170.830467763573
13.329996392496
172.389540635146
-87.668490851596
-201.49322818024
-161.503148815161
21.23938604798
140.375430504825
13.585928340323
14.471258342352
-197.722935972448
-93.581189264295
-173.437381628788
-199.252275122881
-163.519648212031
-151.84909572849
-26.681640272705
-32.269841269841
-154.024531024531
-32.63138041971
-166.316530257936
-40.346693779311
-171.173508240891
-148.924976607594
102.712239583333
-148.861020923521
-146.331738140332
-159.627365310471
18.922807173295
-25.792937043425
24.660255597267
-36.479707792208
174.553002119408
-105.151535584641
-28.323652611494
-157.720516408505
-201.725018037518
-135.528256899351
-202.306727994228
-148.847041847042
-40.037177720283
-1.37023274035
110.913087346681
-30.681895686778
-33.452450706845
-27.024531024531
-92.181166435561
-31.465978845373
11.01252832454
-168.771464646465
-188.682269119769
-178.090375715864
-165.965991528003
-155.717602221997
-33.582423706935
-38.526937905844
-188.870490620491
156.284714471726
-151.190386002886
-32.537420099432
-36.223763161751
-41.193099381088
-79.403318903319
-31.034168414051
-101.534729972718
-87.141073824179
-166.746224803842
-208.786706349206
-150.610541801948
146.706807894796
-173.735910302805
-37.353633291622
-186.727986477498
-66.299873737374
-171.604457662563
-26.673270793876
15.295567632238
-99.132686378292
51.921516363411
-179.171626984127
4.686500186012
-203.455377575983
-36.734946422935
-184.454455266955
-165.779310966811
-170.461129148629
-67.657820532332
-86.950937950938
-141.954545454545
-188.078032698638
-31.189754689755
-34.707058024441
-101.675123867018
-163.106240981241
23.454295324901
-39.747662873151
-164.373634503517
45.322974443092
-31.241239121122
-165.191746567235
-146.32388406949
-154.774919958514
-140.531225339331
-7.879411441423
-21.397464460453
-97.046729854347
-194.496150117244
-135.31049543989
-31.104056045951
-90.12881606241
28.529692150298
-160.933794558306
-185.558351370851
7.886724386724
-37.813479380862
-112.279208096591
141.326278268173
26.224484662473
-186.186518153071
-129.589646464646
-97.656024531025
-4.969634965729
-31.112984617379
-37.244671181683
-103.123466810967
-17.63455988456
104.488726551227
-33.880300634695
-192.069431761815
-171.060265743371
143.496745496257
-143.292555859939
-164.485021109533
-157.838924963925
143.062840317235
10.316259695166
-41.670536982549
-174.77138220937
-177.568555251172
-27.10847523787
-32.67297979798
0.266496578508
-194.990612740124
-156.921003421492
17.192001629013
-191.996683492289
-35.785173160173
-30.560433435922
-166.59335190634
-88.941120186237
-105.96263415404
96.400765467172
28.274000115553
-100.460124402507
110.080787647682
-166.804465553977
-92.692792884199
-32.303669366658
-28.597833102228
-83.101177793561
-35.01433982684
-31.940939811057
-41.911946262288
-157.243617114223
-33.000458688447
9.390069078057
-88.25259500699
-93.216638342127
-92.964819089331
4.965548340548
-40.522657518263
-92.705545268534
-192.459866522367
-45.323080131674
-32.938061558667
-174.06259018759
18.083436203553
-206.825744893128
-42.538793346411
-36.342700160083
-141.586420144526
-181.418359797754
-106.834235209235
-185.795011358
96.941640878653
-84.748368872881
-32.744199810606
-34.648260647772
-33.445686637581
-159.730769610164
-161.233245541351
-33.557006307495
-168.267766955267
-114.676868080921
-164.229166666667
-205.664321789322
-127.935716681322
-40.298771053166
-31.411538656656
4.136441141324
-26.704004329004
-32.873356190251
-2.870663245175
-38.449487198999
62.128718124324
-177.465831585949
-170.847673160173
-32.00773569963
-191.684551993146
-54.402126031521
-90.047917794012
-43.937860750361
-195.623474561463
0.027056277056
-156.096160404266
-98.179743867244
-163.491334240846
-139.281197155709
-161.828200391189
-37.476308847403
-27.95592645202
-39.304390867379
154.655862122903
110.082591399486
17.635088327471
-35.313610434704
-45.374360936373
-174.607683982684
-90.246214587279
-6.977362914863
-24.700778008883
-55.175893984488
-179.267406204906
-171.355637851732
-161.787435600424
-159.546647417253
-25.212772958378
-80.62029756268
-164.167736235119
-196.519410765016
-0.48469629329
13.028040590052
-212.738788555195
-158.048688616071
-136.074974071068
-141.224038656656
-192.63168163217
-124.088862959957
-100.658279220779
-186.527679839692
-32.502275122881
-194.197781385281
-86.561347994453
-89.776216405123
-36.680645743146
-26.497683306277
-36.769202206214
-35.169712611607
55.80963443024
109.199482266865
-45.095147907648
-175.506563260958
-100.065739002751
-35.370941558442
-156.284353721365
-34.75747781949
-162.927398989899
-143.807601686508
-36.163231787744
-34.507215007215
-82.029741471636
-25.06996513686
-33.270132265738
-149.681436998332
-140.630862193362
119.125381183487
-158.826388888889
-109.83152958153
-37.18558562748
-201.886806823819
-178.296967301362
-2.062569754464
-96.142496392496
-30.563860564349
-148.412255225244
-29.203816203328
-197.544725294237
-153.923771053166
-91.975030720148
-168.729627821181
-162.401347458965
-34.415223665224
-31.94888406949
133.185147372159
-40.370740750135
-37.02893753382
-201.076298701299
-38.800422613411
-17.088772772367
-144.702388702877
-163.250020433126
-155.575196017091
-163.073670578553
-199.724817229212
103.093885281385
-205.134822696834
-151.127435064935
-115.85369529559
39.017516825622
-27.405483405483
-190.884838197826
-48.136794141189
-138.861770607864
-108.895555020067
-83.268501138618
-154.158106596095
135.35788479099
-162.46158008658
-44.768550459957
-89.395111832612
-43.997564935065
-35.58276402417
-126.670717357729
-173.174074731692
-87.041215728716
-32.585428081034
-154.496685958356
-32.671975051858
-144.695969882982
-167.176308988321
-187.878094561688
-41.785776289683
-200.405192409587
-193.927496927985
-175.01433982684
-104.008276825171
-63.31242249504
-145.046745355339
-151.988365800866
-79.145863983022
-169.324605570211
-28.095841224747
-110.33945833897
-184.959533955628
-32.17506186305
-34.824737328644
-44.40691865643
-159.493416305916
-200.708784271284
-33.387072454455
-35.28460385101
-166.463744588745
-196.981794789412
-41.276314343209
-41.747863681457
-31.435897056503
-197.710971672642
-86.473472165855
-37.720238095238
-146.343872598755
-48.171536796537
-95.445998066604
-26.536345598846
-67.87118393759
-52.23748435809
-87.838752339241
-36.788772913285
-35.895369712753
-180.690906695301
-152.712031024531
-188.899981962482
-128.890790578779
-27.547647231241
-64.744588744589
158.644398082386
-189.203275077787
-88.201401571519
-102.402527648133
-168.678493923611
-152.221889655483
-99.666396103896
-195.597332842938
-140.289321789322
-93.763966393849
-177.25954720193
-193.570006003111
25.923348298837
-186.804834054834
-182.268418701524
89.647644835633
-88.211510332116
-196.305375180375
2.536636594742
-159.650543521149
-30.128689940702
-123.584475122317
-87.323149886138
105.236402107008
-155.281274660669
-19.414489481872
-174.917408600514
-153.172827606421
-175.291153724748
10.624077690972
-170.220307849702
-90.838474025974
-203.597845784858
-85.724579782197
-29.948855885868
-202.678669366658
-54.085137085137
-23.847242655348
114.026795930849
-88.511265698277
-174.433248500631
-29.945907879013
-87.35264122813
-153.31067581507
-149.673327865711
-163.768065701659
115.09423828125
-141.268488455988
-97.241279987374
-39.113989363501
-39.097603405709
-182.178370620265
-96.373404806999
-153.267336450442
25.652605153093
20.817923938041
-41.132686378292
3.68759018759
-191.934253246753
-30.005310851258
-95.732052669553
-167.109139666757
-37.353354978355
-204.261724386724
-29.804174558081
-26.757485569986
-160.644320577426
-23.276216405123
-39.367506679518
-169.429986246392
-112.564852627841
-39.140262135868
-192.983036982549
-140.89908008658
-172.525162337662
-162.89915759154
-140.667908859803
-142.684856376263
-163.325729392136
-31.330609738569
-174.029138342127
-184.768217893218
-84.9395947477
-32.012092887581
-178.46808134357
-36.837322020427
4.941087070482
105.159283966901
-87.0066943148
-38.293460201907
-31.823412698413
-31.869338614944
-192.810446118552
-137.779408904897
-178.398698903093
-148.092359842848
-200.545106477724
-188.448523319129
-26.580978239426
-30.195436507937
-177.94437468998
-197.952362985322
-203.59395503585
-186.175713609307
-24.925705858811
-81.460144835633
-156.23852574292
-168.821490575397
-81.167658730159
108.077118140106
-139.240988991477
-200.937930504825
-196.890602453102
-186.73547979798
-152.025631242672
-35.934495625902
-194.618624864719
-120.135301818407
-36.666756854257
-158.778486595869
-178.093725339331
-163.37299543989
-90.688401875902
-75.834505772006
-180.446776639159
-24.029401154401
-149.507415815521
-90.791022670905
-35.619879740485
-69.471964342082
-86.301587301587
5.049062049062
38.967900968389
-172.964007401019
-187.893308080808
-28.465798470193
-192.27598177647
-202.66810966811
-107.756704531363
-156.834956709957
-156.512203508297
-154.131596376714
-25.226904226416
-22.748750056367
-31.243354301948
-137.024378832973
-195.673618861607
-156.303501674107
-150.128870315882
-147.298673115079
-193.785471906566
-165.780192409587
-31.778416841405
-152.64030370671
-191.326347670342
-126.490017361111
-36.848276289683
-40.936299377706
-202.828994112441
-194.776994273088
-191.748827561328
-179.671114042208
13.516143578644
-122.111020923521
-185.180457617469
-211.356684168696
-50.822871572872
-135.211678024666
-192.026061747497
-126.99036261048
-73.147067775974
-150.53249043166
-28.432908183396
-102.968053159948
-73.016656520563
-29.967524717036
-38.482060420049
-158.228625541126
-201.588814343209
-170.242687054699
-189.920524299919
103.495859121347
-89.146657704275
-90.289924918831
-114.993133060516
-94.812950937951
-92.327942511048
-47.486361240756
-168.955918701524
-145.269480519481
-195.421884864268
-107.088855209461
-48.599386724387
-25.708312900207
-173.227551040539
-30.822982193588
-181.699765512266
-28.052239047845
10.429230925325
-171.036997345103
-144.264700577201
-195.223747660759
109.499198528251
-31.976252480159
-162.012015382621
118.247093563988
-141.345508658009
-5.264950706845
-40.371392496392
-183.895652958153
-201.765963203463
73.289945351957
-150.276236838249
-203.548332797845
-89.752607689619
-172.333694083694
-37.144099335994
-173.986111111111
98.470508658009
-40.814283318678
-44.337293836806
-104.982864357864
-82.82415463226
-27.474505095599
-24.447961760462
23.948294327201
-32.317931688537
-159.140231486179
-37.709804518398
-95.17715661075
-80.08839158888
-108.58667027417
-106.763999509605
102.20948533888
-171.863476421582
-193.099678072578
-34.407279406791
-111.25659144458
-177.881846506358
-185.417089420996
-85.724358540765
-184.179390867379
-183.925435296041
-66.645833333333
-101.804120304609
-29.991141183036
-196.862221545815
-33.532926220915
-77.323953823954
-159.565586811192
17.065759435877
112.000270562771
-155.65117483428
-37.363095238095
-164.017418887536
110.6681998557
-91.189561631944
29.595318066265
-174.470480474387
-178.944534632035
-165.271263838158
-178.687056812545
-35.11066017316
-176.136175510687
-180.508309940927
-31.686971557089
-161.503898499504
1.495949308938
-70.595771470283
-0.701388888889
-171.931269305781
-171.149593028499
-200.67297979798
-41.661956478851
12.991058745942
-39.7787825239
-44.280573593074
-111.859064980159
-6.137007632125
-195.018235860277
14.848124098124
-195.343315619927
-58.627726060832
-176.575855513844
-34.45661976912
-16.904921846816
-97.302038239538
-191.746392496392
-181.018488455988
-139.479877950825
-35.520119583108
-32.831349206349
-194.059536492154
-172.225278383726
-102.941676812771
-97.114378297484
61.903027907422
-159.407029277146
-198.872392310381
-193.230408859803
-139.057547433036
-169.857212611607
-102.624639249639
10.888698297146
-135.1229052523
-31.962994904401
-58.269297678233
-40.071150258162
25.163252220869
-97.394591140197
-24.658828096816
-138.084936276831
-33.618346551452
-74.392488642
-100.999208744814
-131.709345829951
-198.103998974116
-4.009838197826
14.557990620491
-39.517468208874
-30.185235093682
-164.215798470193
-161.363566609172
25.771474863028
-35.480248917749
-176.61073767812
112.248214215255
-4.308519063402
-189.427308802309
-148.827388702877
-35.787046666441
-99.543442234848
133.618486060381
-30.091519970914
-31.567661125767
-25.261613766008
-37.951741888754
-28.871663059163
-28.621933621934
-203.239164806548
104.47410841112
11.717352092352
-153.749917562906
-163.607490924874
-40.616625236742
-197.610590418696
-76.559433621934
-56.309405438312
-35.920732858721
-32.20631855666
-23.489004864493
-37.947961760462
-30.259750476303
-192.16847041847
-26.726440605835
113.875
-37.782820532332
-71.749528628923
-89.43480212279
-154.263409767316
-159.125028183622
-172.495670995671
-88.141594516595
-111.75009018759
-30.259567635056
-162.40874284136
-183.174262857368
-165.494318181818
-160.410812223801
-163.125528442911
-38.953705582612
-189.366079179067
-29.245490620491
-28.80266955267
-67.569366939484
-170.797709235209
-183.940898944805
-158.090195340684
22.107696665314
-181.349358540765
-153.878960503472
-29.18193655303
-24.249110806728
-154.138159637671
-6.388107850266
107.750067288397
-111.504158845712
-40.270841083829
-93.470500907513
134.446809754915
-37.401327025839
-35.148559394165
-189.617617300234
-32.640504515016
-211.334415584416
-98.707431457431
-144.894779265873
-105.564213564214
-156.869797303391
-109.806019176136
-97.12213443024
-120.262798887311
-147.015262135868
-197.010191197691
-34.439095193001
-33.582083389701
-148.085850835363
-176.171709421221
-26.869408369408
-73.933802308802
-195.815829190341
-29.234490200555
-76.571047387942
-176.514983822601
-37.327097706981
-142.49053030303
-161.989898989899
-147.307449494949
-182.25287825239
-29.171225367514
-73.682349090796
-179.925144300144
-158.226543476055
-168.298062235074
-40.335698643804
-166.472312409812
-92.864911672529
-164.919933853039
-159.513618326118
-144.744576061959
-31.314393939394
-182.760454009966
15.905233275839
-37.246732813627
-176.135003072015
-87.044630174513
-90.082320836715
-39.196449004554
-134.071088254194
-192.010925381043
-36.022484893579
-144.61562049062
44.830364893353
-140.448224572736
-36.629932133838
-31.018751268263
-93.37347702753
-186.682802494814
-186.366973304473
-190.888535889024
-212.486845294462
-35.513798701299
-167.248306868912
-206.911623912112
-216.162718845824
-173.927386307269
-162.37041311553
-39.166687099793
-93.934503376398
-39.41133784835
-34.423139740034
8.369678932179
41.181379926497
-142.793921356421
-71.959866522367
-157.969544778139
-90.179473304473
-185.097423030529
-100.578393448999
-31.276605339105
-190.470348715954
-177.534812409812
-148.187662408121
-168.696706884695
-184.619318181818
-95.269939207927
110.145740679676
-29.799713795319
108.744957245446
-27.722665409677
-196.764880952381
-156.296446608947
-36.286345598846
-199.877435064935
-186.83648989899
-183.577283014295
-25.452914327426
-101.397013522502
-157.937582437094
-36.588223896329
-87.773268398268
-96.037886538375
-197.71141239403
-34.78276627886
-44.010289135777
-133.737193362193
-90.110938486427
30.241981054969
-76.178329049423
-34.118596681097
-184.075757575758
-145.870513519683
-41.317488501082
-154.92124580064
-36.532848715954
-74.408902783414
52.978525136972
-190.511175510687
-39.64917027417
-201.144578457567
-37.386523578418
-123.35099741838
-162.679084370491
-32.456099076705
-31.787337662338
-206.714092656476
-110.00993331755
-106.400265207882
-163.198703694309
-157.730429292929
-199.993867243867
16.642153609195
1.244859307359
-37.918027231016
-36.65854978355
-40.215638528139
-28.753885816874
-0.567272191784
-33.726911976912
-202.538440698841
-163.087211399711
-92.120740750135
-165.586301773314
-79.719258714376
-138.326048571654
-167.140692640693
-152.1222119352
-30.517676767677
-151.966161686621
-3.434265929383
11.154220779221
-28.069735440341
-161.275272958378
105.841560837166
-30.938762626263
-135.464543594426
-153.417215542704
-106.375992063492
-166.887167574179
-93.643746336129
-77.384088513483
-193.22773141572
-155.50172131471
-178.67775974026
-173.491244053256
-35.875811688312
50.522376738929
-37.579352396735
-139.13647425708
-123.96827440138
-130.179120304609
-45.055284992785
-25.313860564349
-2.704656075262
-168.658890100785
-38.35597041847
-121.706328773223
-69.577638832522
-179.237213795319
-158.199765512266
-25.92976430037
-191.072510822511
-122.161255411255
-175.871023995536
-152.651527834145
-86.317452566964
24.116099612193
-187.207238399621
-29.462203649215
-42.295454545455
-45.971382350289
141.811858470306
91.796446608947
3.692818601754
-122.944887631899
-26.472685842803
-34.550865800866
-165.310572592555
1.515970953959
-158.967893217893
-168.198051948052
-194.818841314935
-192.375741933847
-150.372564935065
-84.226834471952
-37.929042799648
-182.557060560967
-87.063241933847
15.133485383974
-35.189824444219
109.325327070933
-186.958501025884
27.933428875812
-149.338564213564
-15.142496392496
-100.835165268759
-101.051657056052
-184.615058931953
-159.665133477634
-39.265692640693
-182.866702741703
-26.451651701163
-195.799069799558
-20.373564749053
0.024350649351
-180.10761422822
111.314574314574
-38.123376623377
-30.269640461535
-187.643849206349
5.369949494949
-25.852973794868
-199.028208282603
-178.212772958378
-35.406676277282
-160.260198948187
-24.879511845576
-134.449592887581
-36.368145743146
-85.721031816491
-33.017254013348
-174.289489481872
-156.765179698773
-166.343462527056
-40.506215193227
-174.359036796537
-100.15681578621
-148.316648629149
-143.177148860254
48.785082972583
-145.880042754554
-192.704833984375
-183.520660708649
-104.792055600649
-146.793269610164
-182.035152727047
-169.62394593254
-135.253677258072
137.609925989809
-25.145202020202
3.659000721501
-35.272554648043
5.076007705402
-46.681555369544
-40.776625772231
106.52426046176
-94.754787692776
56.776154401154
-33.679120304609
-180.619498556999
-157.945616883117
-187.872371877255
-155.595488224883
-45.869325932314
20.98852574292
-90.02329658189
-181.518661080673
-148.149899525388
-28.141594516595
-31.08181282693
-171.979174417163
-36.775703463203
-154.257333378427
-72.797559862013
-31.109840734352
-90.999749870355
-28.778617649711
-161.655385467397
-103.318965322872
-176.942723129735
-179.507485569986
-40.249270748782
-170.143779451885
-168.802107994003
-34.182817995806
-28.320964950848
-108.23261422822
-166.491439929428
0.722943722944
-100.587469279852
110.264159451659
-25.29310966811
-179.835760647772
-39.741519900455
-41.108856421356
186.329635642136
24.616911300505
-186.508415629509
-75.58142671131
-152.121843434343
-177.86275492086
-93.077651515152
-66.098124098124
-186.552932364944
-48.620122119634
-104.042638297033
-171.871760997249
-93.888437950938
-29.838912281295
-159.852244543651
-129.530545409452
-146.922451355069
-35.867055741567
12.03085190634
-1.541638483045
-35.968614718615
-32.71150258162
-30.024994645112
-28.145029395518
-76.629357187951
-81.619060301678
-36.69704720193
-202.351170043065
-33.191926942415
3.859778730384
-155.360951169057
-51.94027538217
-112.686119002525
29.994969928075
-25.816558441558
-111.915473794868
-36.907655658144
-189.823121702516
-36.829622959506
-156.441898758793
-118.621634875541
-150.14115132914
-138.943514384921
110.27056523663
-173.026453147547
-33.957784457296
114.982225294237
-185.568993506494
-94.382153003247
-33.359758297258
-189.873564749053
-100.314213564214
-194.019660894661
-163.650002395608
-41.366424428436
-91.62291793493
28.452017735953
-75.953352582747
-190.601489222583
-37.204434833829
-87.253094561688
-152.393478239426
-149.208083203689
-147.173611111111
-34.794552669553
-145.613546176046
-196.981581298476
-92.023907461896
-33.172611297123
6.562249870355
-150.00304594494
-49.872023809524
-199.932088744589
-106.311417748918
-174.330439579951
-29.237837357955
-178.568911069399
-168.824502699991
-69.074688007305
-94.66829004329
-162.549610925099
104.005578947962
-180.893869639475
-46.977169857053
9.124007936508
-34.924430549919
-178.770104082116
115.789424659542
-45.88273569963
-27.559884559885
-147.774703649215
-192.197407952291
-39.64247595937
16.969346435899
-93.764270072376
-32.207132711039
-184.571415888799
-47.135371572872
-181.955635456124
-190.284353721365
-197.90152818644
-27.028388657783
-101.175134083581
24.095686567122
-72.985688356782
-204.217450030438
-196.119039868552
8.270915770427
-193.698585323097
-32.546186262739
64.668279826727
-159.314053622159
-37.611291486291
-192.279331399937
-164.493264114358
-35.830890517902
-80.522198829816
103.169122164728
-156.103826349432
-89.804545525005
-196.480617418606
-38.210337893443
-42.362103174603
-104.611590232684
-29.901002209596
-148.00965007215
-203.507756132756
-184.545253737148
-142.801927618822
-143.965901340413
-171.565373320256
22.519813086219
-149.411984662473
-138.313685121302
18.999742119859
-38.758810200216
-32.585026464421
18.203393448999
101.990522552534
-145.898088023088
-82.83936815138
59.422869177264
-153.830364893353
-84.433544428662
-30.823433131539
-37.927017806412
-150.318009193498
-172.859966856061
-33.353264790765
-31.104728225334
-31.61707124256
-31.809175741793
-27.560606060606
-129.632014198909
-150.207142927602
-55.716527721411
127.204485916644
-28.203365265377
-182.326639018534
-31.938943001443
-193.147997835498
-39.649621212121
-154.678308616297
-6.984307359307
-141.546238050144
8.137293695887
-96.847402597403
-38.703643578644
-189.512896825397
-106.256653448548
-175.20843127142
-141.070699320211
-33.652880647998
-34.858946608947
-84.32415463226
-32.242163896217
-148.150239842623
-179.247835497836
-161.406084068926
-165.926599984217
-30.488275613276
-184.476711168606
116.573051948052
116.167738701186
-191.027076710182
-197.507312945301
-157.901955872903
-98.058261183261
-187.627337126849
-177.649428154311
-148.658361657873
-88.268856956845
-153.969516594517
-36.064816693723
-28.527605153093
-39.856449540043
-189.124110806728
-182.443825813943
-32.31555862757
-95.750610880005
-134.442792884199
-167.122913002796
-35.760191197691
-171.404774587392
-189.282467532468
-42.745518804113
-93.912255225244
-36.699605570211
46.731068356557
-34.818993506494
-34.297521109533
-194.325327070933
-173.734217171717
-141.020993275388
-148.184343434343
1.351551226551
-167.472513218119
-96.15298633658
-39.549500304383
-150.015151515152
5.203713333108
-140.338183030078
97.378074128562
120.102932224026
-159.064873060967
-153.533196783685
-29.24216143015
-121.398629148629
-179.609405297394
-124.725378787879
-154.584165454771
-155.94974507914
-191.514409581304
111.794392727498
-16.916305916306
-91.12718493529
-150.762634013122
-170.406854186395
-5.833985079591
-148.846853721365
-87.247376809389
-170.953733766234
-139.847845784858
8.207611832612
-177.27789614899
-184.877723594765
-99.606161010214
4.718315972222
-103.880481009876
-175.979465413059
-152.442738630727
-50.27426046176
-177.457070707071
-43.084214776109
-88.330545268534
-191.994137806638
-190.241973304473
-28.753398944805
-96.685515873016
-167.384261138167
-97.180313176407
-147.216149003991
112.718988151605
-114.400613275613
-27.094436623489
-138.371560188943
-146.885564630682
-99.607451820098
-40.791937229437
1.404671717172
-166.576860259966
-37.858044733045
-150.076319134425
-180.687840317235
44.315316248422
-204.283647721636
-164.064406622024
-205.111935482053
-86.671335988231
-90.683884745896
-32.19992545432
-92.481171226777
-129.618867243867
-168.608938858451
25.967063562523
-181.456862148268
-38.769542523449
-56.146436462843
106.649373548543
-37.336121398133
-41.497647372159
-89.401402064732
-173.350010287022
-133.334789017406
6.129517130005
-34.277074244115
112.822961760462
-190.35577736066
-92.843676722583
-190.261994949495
-178.78572203621
-149.99024705763
142.344065656566
-29.567161571068
-154.619596495085
-38.989538239538
-87.646637271149
-97.041646233541
-29.095529091135
-130.081086394075
-38.322961760462
107.136724386724
-164.455627705628
49.016705137311
-30.37059877514
-32.980449726055
-149.874729437229
-151.852453102453
-102.35491635101
-41.017246262852
-34.775363145969
-186.815996882891
-34.255501443001
-179.824064796965
-175.010289135777
-30.072448818543
-190.113886493281
-141.847833102228
-197.39620183419
-198.050607920725
-130.005251313357
-34.582444140061
-171.878226320121
-37.771402642496
-167.642225829726
182.972763347763
-34.157145182292
-123.45592645202
-156.700564517947
-171.80085805037
-30.616965553977
-35.343323722718
-157.013979076479
-4.41542447353
-139.654700253089
-100.627414631809
-36.596390100785
-198.874647000135
-100.01633170432
43.094794907783
-201.760384255501
-172.654102408009
-154.266164011769
-191.842199900794
-184.140975886093
-36.813659756043
4.884792047146
-74.142213147096
-156.267926897321
-105.183802308802
-80.082258832747
-138.520652958153
60.741604803617
-162.493846810741
-30.305457617469
-27.314393939394
-196.927489177489
12.512819320437
-42.592782597177
-82.448342943948
-152.06746031746
-68.630583880096
-29.734479983992
-86.765143764655
-87.457271515377
-102.586322206439
-38.84892803594
10.467192150298
-109.962203649215
-31.634858630952
-79.758830633342
-20.909351255299
-20.456431643443
105.482967228084
-29.686528369634
-180.318472814078
-18.001984126984
-153.840888657783
-45.723755411255
-150.959956709957
-93.277798210904
-152.044274356286
-140.22706416847
-130.365870620265
-157.022804777688
-33.516754458649
-103.087584832702
-149.325577200577
-148.300066795184
-138.214347718254
25.701757389746
-36.943362193362
-30.820900128517
-185.48826786278
-111.259719826614
5.712672554225
-199.398428340323
-183.07693001443
-29.071147792095
-76.425853118236
-39.051234301723
-128.524628962617
-140.036268093885
-176.607400737284
-97.926697922303
5.701999768894
-75.963842526831
-181.742527112644
-17.191981195887
-182.796165829613
139.445805008793
-83.610147231241
-185.612824675325
-155.260163014069
-12.751906622024
-178.453901458784
-31.406926406926
-134.98734273539
-128.160992598981
-170.422348484848
-141.416336565995
-33.382026881539
-142.619490806503
-95.317730880231
-34.563020692415
-164.606851861246
-119.912157287157
-26.226899294282
-93.271456895969
-42.288780663781
2.481609482098
-92.395189337572
-89.409492877999
-158.857766419778
-32.484475051858
-33.399448587437
-32.62795575735
1.167197575645
-93.714375901876
-46.738005050505
-155.096841038736
-107.630674067686
-162.994941744453
-193.657037027642
-153.635309568903
-25.110729927624
-89.511093073593
73.352370665359
-51.735299422799
-186.621732813627
-25.607864357864
-97.173623793741
-37.302210864223
-45.97409572849
5.582779525162
111.608766233766
-38.925407112419
-2.398436090819
-31.030385467397
-181.603166852679
-41.320645066739
-86.580455080943
-29.413860634808
-37.02608464669
-79.464105339105
82.753398944805
-32.348464415359
-187.144550273945
-155.449134199134
-184.130112509019
-137.80752699991
110.932276870265
-99.106130360525
-145.52789614899
-35.241952871347
-144.909910347899
-199.44158662518
-38.375901875902
-39.540313852814
-95.502435064935
-80.974206349206
-28.604318858225
111.669184168696
-194.847430781024
-158.671266233766
39.98956642316
-44.971881904987
-200.323229857165
133.741231370626
-167.11316499256
-121.019939207927
-197.522809709821
-39.345598845599
19.377144069039
-0.013507705402
-32.353156636116
-85.424144486156
-27.964306147412
-69.48270441581
-136.931387676993
111.061347994453
-38.699134199134
-164.273288831394
-21.98728601585
-25.752455498061
-18.237734487734
-167.827811457206
-35.353638223755
-37.548360981466
-133.920995670996
-88.231331168831
-164.953179958063
-112.420016290133
-34.349657287157
-155.494150489268
-37.729604921988
-41.966831399937
-193.77129202178
39.727100102588
-150.551304056187
113.597492784993
-193.285533910534
-156.049069799558
-46.29511422822
-167.17679586039
-103.341097216586
48.92525492086
-97.917035167523
-199.089728901741
-174.532467532468
15.521902901786
-91.60560966811
27.922005701547
-122.656774215368
-168.010809828193
-179.723124098124
-88.270915770428
-87.811265557359
143.172881859894
-28.641594516595
-87.03354978355
-149.490592306999
-28.066127936733
-36.889277822872
-78.613497559298
12.784482309141
22.64620183419
-98.136842757936
-37.457271515377
43.034062725469
-138.1038883534
-174.334235209235
-191.097394846907
-166.441981195887
-35.979867734262
-30.050592772028
-142.107413419913
-38.995859121347
-183.29806998557
-151.070276565882
-149.651695526696
-26.752713378202
-187.655836405348
-159.360397360886
-42.066017316017
-120.519001397908
-28.660601198931
-148.513700763212
-202.498569681187
-40.631222943723
-107.238393984488
-36.427499394052
-193.229986105474
-33.348858281475
-188.981503793516
-200.487894429789
-43.494310431322
109.361721991117
-32.528388657783
-40.381673881674
6.293851601957
-26.246039496528
-134.924430549919
-153.593704906205
-201.526798396916
-179.220495975379
7.962953333559
5.930104617605
-206.073335193452
-183.992055741567
133.575056508162
81.803563678075
-29.126540939529
-136.936327561328
-36.594258714376
112.322000346659
-102.097742914637
-37.627086997204
-73.079212887807
-92.578102453102
-148.123938182044
-197.788953288465
-35.598575036075
-195.918678977273
-175.883379695391
8.207714702832
-37.977571473665
10.617625050731
-144.169031977137
-103.107962295951
-141.326298701299
23.593060910444
-169.774198457792
-31.462662337662
97.910435972448
-177.34814453125
-89.269598890693
-47.55093555533
-85.55744949495
-30.585137085137
-190.99113343254
22.237672483766
-34.039654356061
64.265692640693
2.334333147321
-185.694256318768
-200.763077200577
-32.158789696631
-186.978445165945
-152.506215193227
-29.083964646465
-41.034283966901
-131.232573361968
-164.14411976912
-34.257964691558
135.189283318678
-149.96941865643
-156.300234487734
-154.945506262401
-186.280032467532
0.436175369769
-30.07233044733
-32.421176046176
-174.366202834709
-157.580364893353
-94.619957245446
-33.665113044508
60.923590677985
-98.155282597177
-1.701458643353
-193.758588254194
-162.437402061914
-45.155831473214
-163.236853044958
-195.469578598485
-173.600649350649
-166.005403504915
-30.940746753247
-189.274551457657
-69.781204906205
-142.529782337888
-28.284451659452
-77.018390517902
104.395704745558
42.503136132531
156.388989293042
-82.400265207882
-38.92488148787
-98.207902828508
-37.773556928098
-105.12003968254
-149.880313317325
111.771366708378
-190.895312640918
-37.812888933983
-152.083152958153
-29.716009495062
-170.916506724612
-41.961698457792
-26.424783549784
-143.814754689755
-34.074306823819
32.521013708514
-33.59481005648
-34.68481480542
-149.684954314349
-32.175976421582
-34.605351787969
-187.600546480429
-33.523711585723
-186.775703463203
-164.484730113636
-34.702548644931
-189.602481286075
-161.802386307269
-133.590658961264
-183.508810200216
-21.107511358
-32.945137761544
-80.346492971005
-98.808621933622
-146.092650838745
-85.997822815206
-198.604416796311
-37.177141109758
-102.949585137085
-40.797881859894
-194.302045990034
-150.186758066153
-29.649358399847
-43.783348975244
-188.807116928211
-158.565857373963
-211.03155790607
25.464674648268
-31.640762395157
-151.241514616026
-156.08791000124
6.890504515016
-176.410526160038
-193.009871665878
-185.037690662202
-169.401896335002
-14.076306451795
-31.769583389701
-178.167089420996
-195.909013404131
-28.905594026199
-76.628767445662
-99.162878787879
-25.469807590413
-106.47123015873
-161.21646289908
-169.70853414164
16.292478354978
-164.626110434704
-172.828525207431
-152.950549016955
62.781372598755
-150.935513406949
-80.111943232549
-76.196227763122
-93.619125124008
-178.187873432991
-99.140790578779
-91.933080808081
-202.84422559862
-152.372376809389
-93.23060966811
-74.671335988231
-42.628434878923
-32.953726015738
-138.107421170409
-80.042991296898
-34.889971139971
85.576126076614
21.957369453463
-33.575306637807
-197.917859538465
-25.806838614944
-95.585788831394
-252.555174372069
-156.47373497813
-147.551850113862
4.577769886364
-82.093003838609
-93.178398803887
-38.878336940837
-28.571518759019
-198.986824861337
-169.909729972718
14.242447141617
-110.060433435922
-163.582902828508
-115.430903623286
-23.496392496392
108.62787825239
60.735397360886
-188.977300910895
-38.700126262626
-34.922258297258
-136.121495366613
-36.728514920409
-172.373917748918
-195.714195526696
-36.997724877119
-130.185155122655
-26.51270869972
-139.01721807923
-205.328563607616
-158.978625541126
-37.51902958153
-92.604797979798
-26.314033189033
-125.362762671356
-200.600115975604
-148.443331543673
-103.838834776335
-158.02876984127
-193.373028555646
-35.112213795319
-26.201589697195
-99.897739955357
-188.37996031746
-84.185593377976
-8.355248917749
-163.934183492289
-179.380751572646
-30.52581408392
-37.678473490485
147.20146110942
-161.27400258162
-44.998499926723
-161.232774170274
-192.732944328892
16.323781199269
-156.093802844291
2.309072871573
13.6201171875
-73.709415584416
-85.294294789412
110.221841038736
-141.181630056142
-152.248028555646
20.231593981106
-196.06432418493
-49.513979076479
15.365107548701
-99.760982452877
-171.714654215142
-200.350837476326
31.636270982707
-35.403048340548
-136.447670764565
15.385642135642
-69.513167388167
-83.511113506719
-170.453553391053
-37.155465438424
-138.615520086467
-164.791674417163
-168.916187545094
-28.177857678346
-94.526757530664
-202.629620000225
-93.191767000361
-41.493256363862
0.568021876127
110.06440168989
-28.524829770924
-29.432469928075
17.541138223755
-153.919702395044
-136.787718845824
0.613914676903
-101.192743562861
-190.576195831079
-44.33439515129
-159.263139204545
-181.106782106782
-99.538961038961
102.339494273088
-101.774969279852
-162.848637040043
-184.092199900794
-33.708395337302
-88.626012496618
-107.843156030168
-107.740973490485
-89.052509610615
13.96427796379
-80.141517011634
8.588924963925
2.739357864358
-198.756673881674
-98.527695340684
-170.417658730159
-155.395575453193
-178.266316203328
-29.289695222312
-35.560327747339
-209.867604617605
-33.029488875924
-198.339404085498
-177.524059653454
-109.821809754915
-71.751275308892
-36.683073057585
-104.928391053391
-31.518488455988
-43.104429478941
-88.014958457341
-146.505481009876
-81.351994414006
-30.850288600289
-192.635724572736
-192.236639554022
-169.028228715729
-26.017746522141
-79.486180865575
-27.780656030168
-104.185265743371
-24.788259971365
-161.085028930488
-36.138084951073
-191.975280849793
45.075064258658
-32.785180910669
-52.763909322015
-180.997384559885
-197.469877344877
-39.683330937725
-206.914682539683
-145.617243867244
64.64698533888
-26.030462972358
-157.171869363276
-192.413968789457
-33.872204184704
-197.895743145743
49.066460503472
-75.732511358
-31.240509869904
-149.073072381178
-92.749587462234
-74.637736883342
-182.662608225108
-32.678058486652
50.84918591608
-177.106248731737
-187.011613766008
-35.443369943858
-152.381844040291
106.195694388077
-89.474456478851
-204.070263883252
-113.98097041847
9.233403017339
-145.660693852588
-36.486580016121
-181.217810780799
-190.090187590188
-30.588466275478
143.006957127074
-40.842362308915
102.970300099206
-34.194071011454
-186.667465672348
-27.780586275703
-158.256382885777
-27.152770027282
-92.965478586084
-33.843967718479
-188.225108225108
-33.337920217803
-146.347034096546
-164.600468975469
-147.07940347955
-184.86265205064
-97.536353349342
-207.789764976777
77.194957386364
-38.124080157039
-110.303653865666
-90.010281385281
-23.028318903319
-110.828973679315
-154.509011008523
-167.896005958018
-176.605241167253
-166.469496161391
86.346959409948
-147.408902783414
-33.611271053166
-205.532253689236
-31.239087301587
-151.845931412338
-102.135093259605
-166.800311992695
-179.472825351732
-176.515262135868
-32.934696434208
-146.443514384921
-159.260031255637
-183.585325210814
58.792720734127
-36.944722757711
-36.175407112419
-193.319887631899
-149.38264551204
-29.975551412563
-26.581910765016
2.998909998422
-168.628890749008
-31.308052624459
-141.36735448796
-154.215187590188
-42.340027648133
21.279060837166
-96.047791672303
-31.587301587302
-137.884719826614
-154.659541847042
-139.505383071789
-143.750999813988
-29.919733044733
-181.409624284136
-29.932462177579
-169.812309408257
-197.75199187748
-176.822879323368
-116.917831354843
-36.883956755051
-82.465470835588
157.439821978152
-43.757145252751
-26.799644745446
-202.034791976687
-22.300066795184
7.259317505411
-33.09107678346
-178.396833147321
-80.434000651042
-147.225636668019
-205.382325627931
-37.220676350559
-39.989159522118
-192.105228484623
-182.509039192145
-32.744068052174
-27.732982729076
-41.196768888663
136.23626330267
-60.521013708514
-31.467540218029
-144.19705988456
61.418220288826
-73.491960621843
-186.383727763122
49.770766044936
-137.3097119352
-92.519861702967
-86.337149395743
-149.102522856917
-39.736131544237
-23.44009500699
-213.106261414367
-100.684245496257
-158.677960548566
-171.580725643714
-31.835394965278
-97.263860705267
15.558451775005
111.583055020067
-33.758395196383
-69.233134920635
-154.150432900433
-40.838002654897
-164.872011126894
-28.994929061824
87.114607994003
11.160894660895
-28.699966320572
-137.136453823954
-166.650363145969
-128.11562049062
-203.592073779086
-192.330619955132
-33.26443001443
-30.606982915088
-188.924943491838
110.613193176181
-84.970786971275
-33.355692105204
-141.549685611697
-107.01758411402
-190.182199365305
-193.139159451659
-27.939914631809
-82.540965599071
-86.444985569986
-143.611090677985
-98.961136899125
-39.517566146961
51.087489712978
-186.759858630952
-39.07961520901
-33.345841224747
-189.174422799423
140.769733115192
-171.532926220914
-32.472873968479
-164.585289276696
-43.693091630592
-36.260191197691
-124.022985152868
-134.078004515016
-197.674631358225
-95.108425916531
-40.262257761769
-194.178744053256
6.72582972583
-158.299603174603
-90.268287647682
-179.489440301452
131.131854256854
-125.347054529672
-75.798500490395
-78.9761002886
107.154684399802
-163.139159451659
19.83953584393
-183.276597588609
-26.530573593074
-177.549360795455
-23.131485755997
-98.867223434118
42.610106364989
-162.307637620626
140.461961270067
-189.807199365305
-78.458152958153
-113.92611593051
-185.565393753382
-25.059704184704
-72.135371572872
-158.759712076118
-152.475399221005
-48.424693362193
-186.648198643804
-77.389159451659
-185.968406159812
54.724015757463
-52.95393457454
-152.786776103671
-95.046634734623
-165.600468975469
-179.768738585633
-34.369047619048
-205.354465413059
-36.099038656656
-32.167027417027
-199.060064935065
-45.744666249549
146.035173160173
-95.662868571316
-40.26712789164
-123.215999278499
-138.277860214872
17.324494949495
-118.472111601506
6.512355699856
-151.892849392361
-71.574502699991
-127.03363997114
-28.045356607368
-198.163059163059
-93.914141414141
-36.516975700081
-185.631132756133
-156.08936815138
-18.228006910624
-146.725260416667
-26.500528442911
-25.964002468885
-32.667949726055
-147.467864681976
31.603548036165
-26.647116392722
-94.687852999865
-52.431916119904
-156.040285669192
-36.690857373963
-80.51902958153
-150.295725108225
-158.174332611833
-34.573753015648
-156.783712191671
72.126090001578
-37.168387981376
-115.53659572849
-165.897346089241
-74.255398572781
117.869606711648
-35.275883838384
28.336409927963
-161.396838079455
-32.953004515016
70.809897242514
-16.155393217893
-34.612275799288
-33.002623190611
-175.558433807946
-31.663569638911
-156.676566868461
28.421346204793
-35.947428385417
-139.036546407152
-159.166014920409
-27.867452426046
-28.880560980903
-137.128496882891
-137.485278989674
24.003324258207
99.017885326479
-55.494215311598
-182.771825396825
-77.43949187748
-167.942628010011
-82.12022005772
-178.731872294372
-192.443452380952
-96.234224922213
-190.318292438898
-39.464666897772
-156.121585554203
-27.8538883534
46.519230389836
-167.190746753247
-160.492511963948
-64.896444213339
-76.171614301497
-161.626262626263
8.165942699878
3.894189523584
-36.510724572736
-90.450659637671
-83.65357678346
-170.253148815161
-177.672070171582
-171.134186451569
-68.566808571203
-90.199515382621
-24.553238861833
-187.528478845373
-70.000538659474
-181.19532588722
-166.867063492064
142.563293721253
-98.93662630772
-151.553550995446
111.063940535376
-154.711337707431
-151.135469510958
-34.521013708514
-103.77440736889
142.284111342217
-36.933142812049
-176.929313362419
-120.032545037428
-141.453713333108
-163.59154040404
-34.837584832702
-177.091249408144
-40.185696248196
-89.395861516955
-213.072711630817
-157.000824370942
-58.1875
-110.310072685561
-98.586059394165
-169.626254875767
19.070624633613
-28.431436998332
-85.324564703959
-170.554535308442
-199.294011544012
3.315033003021
41.41550197849
107.684142626037
-45.155743751691
-188.389950706845
-141.972776030393
-170.593511848395
-33.680437184343
17.203483636589
-145.934704184704
-96.920913233902
-28.931297489403
-179.66054166103
-32.020812900207
-33.84642321654
-195.031766464872
-159.529470908865
-146.436077431683
-199.064381256764
-40.436335311824
-194.054174558081
-176.671085858586
-22.615710678211
-38.525334962347
-165.000541125541
-139.564303751804
-99.43081836783
-162.162239724251
-43.870608991703
-179.278158961264
46.681104431593
-176.98097041847
-162.711051643669
-70.073843203238
-34.728244357639
139.790133477633
-37.336837966721
-31.386113506719
-176.72764122813
-37.123294186282
-31.888688080583
-147.760740073728
-175.988476421582
26.424394615801
-173.64125419936
-187.447199041193
-122.33285421176
-146.221869222358
-167.887175324675
-33.790223665224
27.553223360841
17.737616116522
-105.550422613411
-119.245240490846
-186.786358281475
-31.308872063267
-153.831439393939
-172.524051902958
-119.835941022953
-26.796106291712
-89.542179608586
6.087183216089
-28.956369639475
-151.369207561102
-147.778326653815
-123.761711704095
-182.291215728716
-101.847119352002
-90.845717216811
-149.244498556999
-18.538038729933
-131.927107994003
-195.145104082116
-38.76443001443
-27.645099149982
0.778409090909
-178.249749870355
-94.305264559659
-41.392143392632
-33.717650838745
-38.088133708739
-90.614448051948
-159.326801426655
-137.54816017316
-33.035075222087
-190.328220824315
-170.464834590323
-162.716999092487
-158.944264069264
-166.977555972673
-78.514618140106
-180.174873737374
103.057096495085
-26.09642850097
-209.22183328824
-108.158201715819
-188.833771588654
-46.520140016234
-44.367272050866
-88.299701112689
141.604728225334
-34.72591991342
-191.792846855835
-164.486020923521
-195.255854442866
-1.948335193452
-29.079014545567
-124.056720243732
-116.599837662338
-168.676226551227
12.637613579996
-18.827942511048
-139.453553391053
-213.457369453463
-192.613718800731
-54.761191011679
-34.08677314439
20.013886422822
-84.137056953463
-56.645833333333
110.279679467668
-103.146212050753
-162.656808035714
-18.719405973801
112.911866291261
-31.434260997249
-179.63961038961
17.155040218028
-80.439486593051
-200.680164155506
-37.541514475108
24.825399291464
-30.722222222222
-132.710108901515
-185.333055020067
-166.983738050144
-53.345300099206
110.957361702967
-34.786443536932
-86.056895686778
139.492854747249
-150.500221593727
-39.489427618822
-198.587925149937
-148.288883534001
-35.791847041847
-34.753587070482
-119.297631730249
-8.652166897772
-30.989960993867
-186.298410302805
-35.059281430375
6.3336116466
-74.987033420139
-26.671384604978
-164.954282642271
-81.058552179158
-29.806256623151
-39.128607503608
-122.157320625338
-31.024198457792
-40.601350418245
-26.37231480542
-33.3039941829
3.306996090932
-163.954926638032
-160.350657101145
107.697260692866
-189.65854978355
-102.714007401019
-100.008026695527
-168.151847718254
-33.00018037518
-93.926865614854
23.860387144323
-50.57980826682
-167.109549738456
-86.907397778003
108.052216148652
-86.598013477408
-169.928231111337
-98.619518990124
-133.098685656791
135.516865079365
-31.679395799513
-104.505022321429
-23.823129453012
-138.363476421582
2.482130174513
-34.340548340548
-24.076541080447
-85.960206839601
-114.220861657873
-106.924755366162
-82.958846275253
-196.078184890197
-179.936077431683
-77.125971278071
-193.099157380163
110.38914676903
-80.113623681006
-94.680132801227
-144.299159987148
-27.369408369408
-151.807080994093
-29.820436507937
-184.715187590188
-186.49503968254
136.267122959506
-194.327380952381
-28.896464646465
112.467254154266
-136.855068542569
-30.296196479302
-72.123639435651
14.392246262852
-92.794101731602
-29.555305425911
-93.80102574292
-168.417638297033
-35.309516059028
-25.544810549693
-147.324773262762
-156.185868872881
-178.93090855542
-185.261072640467
-29.006493506494
-135.622647372159
-162.431248872655
-38.237492108586
-193.44255050505
-39.541215728716
-44.445637316243
-183.066177258072
-139.83160708649
-87.426324489313
-190.893197460092
-196.432178932179
-190.420642671131
-178.138708513709
-83.319985569986
-163.001631127119
-177.606047923431
-51.10588023088
-121.811417748918
-155.585067330673
-149.92585805037
-101.149350649351
-126.314213564214
-165.507415815521
-35.885113692731
-107.052558931953
-25.862533679428
-97.477966044372
-158.329906204906
-35.144289927737
-174.123827561328
-22.900072150072
-193.375979380862
10.943980823864
-112.228326794733
-31.662685730069
-30.923623793741
-24.126262626263
-37.159874413781
-179.750069754464
22.726002350514
134.217540218029
-29.71818421379
-106.89420995671
-189.060626493732
-105.410345784858
-184.625721500722
-87.373917748918
-199.489976494859
-180.403061023178
-167.873376623377
-35.832521645022
-156.111098428481
-168.221750851145
49.082222898629
-88.070714821203
-197.332418774802
-149.552767490756
-36.118506493506
-198.640700391189
-15.281102035985
-22.337850463339
-29.562950937951
-117.183080808081
-183.333250896239
145.479785297168
-92.962662337662
-98.002726060832
-145.718704906205
-0.656016780529
-186.805277242289
-31.803772236878
-140.710394965278
-158.78191865643
-46.626275308892
-48.00547325938
-91.741883116883
108.974920099432
-30.758054879149
-85.079254458649
-38.706349206349
0.227904040404
-185.936126753021
-40.2527880648
-169.577574010191
-39.26423695662
-34.287608225108
-152.268661080673
-29.238746984352
-175.196248196248
-23.209624143218
-37.297631730249
-71.460387214782
-33.504336754825
-161.632828353287
2.665313852814
-34.761912512401
3.41168591608
-37.231441789547
-98.774378832973
-124.052038239538
-173.757341481218
-129.643496206485
-39.612172929067
-166.965630777642
-83.419490665584
153.309232813627
-191.437239653792
-28.619518990124
-190.117591934975
-95.787587791982
-34.735729927624
-40.868063306052
-114.017586580087
-203.971943908956
-127.683351370851
-185.218905714511
-81.11804780506
-33.178210678211
-79.899801587302
-27.842803030303
-40.495941558442
-30.883039378157
-194.35627163093
21.262595612937
-147.322781385281
-166.973304473304
-40.245580808081
-201.588285900298
-105.798693548205
-101.435064935065
23.829336895743
-197.730161196226
-105.470786971275
12.268769235322
-33.33552601912
-99.24016955267
96.059676001082
-90.819993320482
136.053934644999
-42.003697691198
-30.424755366162
-202.912530720148
-2.48278192077
10.861402107008
-37.444985569986
-188.003455312049
-32.082230649125
-122.59336458897
-110.392426638032
104.641040708424
-42.901224155619
-135.62908662518
-190.201319134425
-26.065939811057
112.555555555556
-179.271194083694
-92.256702065296
-119.433621933622
-171.362373737374
-159.362373737374
-169.40758590368
-144.024711399711
-46.143135456124
-169.059786621798
-157.772083276966
-202.165744357639
-47.97792447353
-206.994578528026
-40.069784761679
-23.617682122565
-34.006202510597
-127.893689264295
-33.234106551001
-184.44820413961
-34.215187590188
104.916777287383
113.957251082251
110.562850533798
-110.992957617469
-35.071670950577
-82.420482729076
-145.792109854122
-165.469897778003
0.352813852814
-20.071727317821
15.453561141549
-34.625172624684
-30.174062049062
-196.759670505276
-158.622204184704
-86.042486105474
-177.10857810809
-145.717512034407
-200.749110806728
-169.124286249774
-35.645402828508
-86.40307652417
-178.794302539908
-28.107060420049
-145.949886349545
-85.450584951073
-28.221212191671
-31.600301282918
-76.063383908843
-35.432712307224
-82.13638406949
-34.321358816964
-92.718421660804
-36.628599753111
40.07376323221
-104.251623376623
101.696428571429
-102.316177258072
-26.087198717082
-42.152507215007
-30.790473794868
-176.745560374955
-29.432990620491
-160.917588975694
-148.380521876127
-97.145493016098
-74.424484803391
-28.375894125406
-146.995552624459
-89.907750777868
97.466298024892
-165.204295324901
-168.302558931953
-152.849283854167
-191.764007260101
-36.016311271194
-160.172897360886
-185.080004142992
-27.968805310358
39.736394356512
-38.093176463294
-146.552587115575
-36.610098614493
-89.915916982323
-45.444354256854
-19.747564935065
-165.651404530799
1.287896754938
-193.09919859871
-36.751796001308
-160.830906018894
-39.749376437365
-89.235417794012
-188.471861471861
-86.343516780528
-39.076388888889
-183.298721731827
-166.581266769255
-122.34057652417
-164.987463924964
-79.714909276921
-104.080460013077
-175.932379740485
110.319555065161
-123.851932410038
-186.387466320572
-192.493207747114
-27.489177489177
-59.698314760326
-34.72314453125
-32.519751082251
-26.372286621798
-158.3756933171
-191.540313852814
-82.207861962256
107.371121933622
-96.903040590052
-163.188221500722
-189.065746753247
-192.801788109894
-69.778561282468
-189.629259249865
-35.40375715864
-79.46158008658
-188.376615626127
-35.404012220418
84.764179884785
-183.508727763122
-80.449665108112
-6.245969742063
-47.994518990124
-80.011211444805
-35.636693737036
-37.171820041937
114.725657101145
110.680517155371
-84.285090723079
-25.623827561328
-34.194555065161
-85.40663541103
-32.960149767767
-176.547647231241
-189.352445351957
-203.43027195786
-175.46634734623
-31.77370136916
109.337100778995
-30.176399175911
33.595598845599
-40.816746567235
-178.963646650658
-171.856233230745
16.428202927715
-35.543130101236
-32.706542264159
-38.541944979933
-25.660353535354
-179.590339781746
103.185044501939
-197.604519666531
-88.135572381178
-86.42403386544
-177.839757085363
-34.182109177715
-147.109776264317
-190.746392496392
-120.203262395157
-167.667568542569
-91.461121398133
12.084304963699
7.475018037518
-90.195405858248
134.629058441558
-155.380578947962
-87.145841083829
-148.035886910399
-99.455619955132
-25.920183982684
-200.387273262762
-34.212293836806
-37.248847994453
-93.537059349071
115.633289507801
-68.287427849928
-44.196235513618
-191.618957431457
-122.148178210678
-36.257034632035
-32.517135642136
-91.547438672439
-82.328004515016
-174.024428154311
-164.295163549558
-184.269122235187
-198.739017547123
-57.151424963925
-183.782487965593
-41.059413188808
-204.855228484623
136.835760647772
-33.174763116658
-37.540494227994
-100.519001397908
-31.298502956462
-158.576035889024
-205.328615395022
-152.040945165945
-36.515684890197
-1.740342177354
12.7886002886
-110.265775077787
-185.752976190476
-174.561979307585
-188.994761369273
80.224858095464
-34.742607083672
-65.505488760372
10.014700577201
-81.242694805195
-39.817197505186
113.5625
-172.280723318565
-180.676899082905
-74.033029091135
-39.2693001443
59.63855632215
-36.229416796311
10.395660708649
-43.720495975379
-119.903609899215
-106.412249940814
17.74980694219
-210.096390100785
-172.430174372069
-10.309371617965
-35.088133708739
-33.318014125631
44.512904575893
-33.076270517677
-89.399682863794
-175.594668786075
-26.151154401154
-30.331341455853
-47.451126076614
-37.960129334641
-199.955529767541
-92.520493016098
-24.076411788082
-39.044905669417
-38.852154356061
-114.668540172935
-151.015970953959
51.334866522367
44.497474747475
-30.641496578508
-172.235820115215
-193.957251082251
-172.661353349342
-40.487636549648
-146.295918166035
-173.892676767677
-36.019480519481
-161.487742238231
-31.293838919327
-86.790862728851
-24.489074618957
-34.139721010326
-76.872454314349
-193.543650793651
-149.708083203689
-127.097402597403
-180.3079004329
-85.774461270067
157.712391774892
-31.956647952742
-206.039051226551
-189.820727503833
2.833152958153
-178.101288414277
-39.921975051858
-155.590749148855
-160.179731184614
-28.859848484848
100.172771239177
-37.978375411481
-36.012285945391
-29.369609177715
-170.269951890557
-191.80953156002
-42.826048571654
-147.496565121077
-186.133227503833
-56.369977678571
-172.090007215007
-35.151695526696
95.706166365102
-169.633116883117
-31.250618630501
-41.816578874684
9.242805425911
-31.516836895743
-148.864259926272
72.091519970914
3.296724922213
-181.552398989899
-184.359688542794
-40.424731762378
-50.190836940837
-103.70271351912
-53.939422123016
-205.152056277056
-165.341617909001
-27.172180792298
-108.772276334776
-61.252455498061
-181.098103664998
-192.737283549784
-179.745928875812
-32.104888167388
-32.305833868822
-196.426053926542
3.521276520788
-74.494616928211
-39.759941068047
-165.426489363501
-94.191628196023
-196.024461270067
-174.751332380727
-37.51174481985
-172.888327330222
-157.733683796672
-188.438499813988
-146.208616578734
-53.40081408392
-33.431887936282
-189.219594099477
-105.050855584303
-141.713904530799
-161.915386073345
-139.855318672213
6.977625727137
-33.128687474635
-40.415375856782
43.176435110029
-178.537518037518
-170.31518519458
-74.389151701163
-139.704365079365
-84.748126493732
-131.904934529446
-202.820637316243
-157.119779336332
-85.76242545432
-191.45949802151
-30.904934529446
-73.783021340639
-31.809892310381
107.221521154627
-39.141664271059
-136.759317505411
-116.027424777913
-154.991148933532
-100.340367965368
-33.011134644435
-190.097209539592
-138.948121702516
-160.964659147276
-92.182269119769
-95.957263764881
-180.663530534136
111.458263578869
-144.538788414277
-39.302218614719
-30.631395568407
76.708346015963
-36.381513939619
-192.832078457567
-26.753718124324
-24.911726782332
-75.86066017316
-97.053383302895
1.441981195887
-49.710129334641
-149.971673346185
-98.091901154401
14.265762395157
-162.318820881809
9.043563072128
27.328483636589
-50.782390027507
-48.693640506629
-200.903331585949
-39.636884328779
-131.913899034993
-157.925708324878
-29.135170764565
-41.520841083829
7.807289552895
-103.7240055409
-151.73356542546
-137.213023088023
109.716818717307
-154.347049597538
-141.992795209348
-30.552128427128
107.48738148787
-166.343905714511
-162.2892936057
-29.793748731737
97.994380185786
135.075396825397
-37.719856911751
-157.301316738817
-189.133016478964
-161.925304242199
-210.596299913194
13.226842222448
-187.508018945031
-29.121840968277
-79.472041847042
106.229084229573
-204.898518527913
-92.017684518173
-164.401244588745
-158.607856607368
-32.865187519729
-140.30103842555
-143.790854978355
-36.149891774892
-92.848364011206
-186.937041311553
-168.229076479076
-33.842705092217
-195.385088327471
14.868797489403
-175.18099874301
-183.634642321654
-64.882106852566
-83.218602035985
107.738296046402
-82.952458457341
-0.758469882982
-197.780024717036
-86.003136132531
11.588203463203
-205.051066609172
105.332642482301
-27.829648324766
40.599567099567
-182.292650979663
4.928829308712
-196.701290950803
-180.49034992785
13.028249148855
-25.474850344968
-159.279470908865
-80.090720965233
25.016983450577
-152.732405669417
-140.620573057585
-180.717359842848
-118.414571918966
-83.358307545319
-27.940934878923
-37.494478123873
9.415153910759
-41.276695526696
-165.889942956349
110.531866869025
-31.035446189011
-149.024608529491
-25.705557951163
105.44009500699
-88.128787878788
-124.653527462121
-170.995462436869
-154.851801356196
-40.951228946834
-189.576651701163
-25.921335988231
-202.277798210904
-95.382833637716
-32.025961343344
-83.335928340323
-79.393454987937
61.382034632035
-183.587288904672
-33.084886955492
-89.701249732256
-65.910714285714
-41.045003607504
-79.19906444467
-81.103244357639
-162.242805425911
-195.511897011409
-159.696776639159
-38.787989408595
51.892197646104
86.728166852679
-202.533799913194
-28.564857559975
-46.651056463068
-139.242091675685
-0.671536796537
21.091872970779
20.608967042073
-90.154372970779
-37.488087487599
16.028220965233
-135.956341455853
-94.218877530889
-175.306547619048
-36.068369943858
-30.680916305916
-136.209207025613
-137.813201067596
-33.942009379509
-161.163767981151
18.403339336445
-34.459415584416
-160.844336219336
-47.203483636589
-43.799484803391
10.631022135417
-34.859639926046
-27.651262555804
-92.400334962347
-28.002136318543
-84.255862193362
-159.838986967893
0.726829539818
-1.165883161977
-87.625631313131
-192.714826839827
-190.455529767542
-172.226177793561
-181.453004515016
-35.170614487509
-117.510551948052
-48.252963507846
-32.422910043516
-169.702659265648
-127.157938903544
-183.063590001578
-25.772477143083
-161.968622469111
-40.363816738817
-200.95078575938
-45.157385095373
12.178391053391
-100.362984617379
-84.266496578508
-161.690308497926
-158.530205092217
-153.180104617605
-41.901404530799
-141.723291790675
-165.181186868687
-176.756756318768
-1.634490130096
139.474845412834
-35.747482497971
-184.668400664006
-37.514971139971
3.444184098237
-98.598817415224
14.300873551362
-39.85022659632
106.108676046176
-100.82224025974
16.287417633365
-123.010363822376
-36.657655658144
-50.046176046176
-35.374389119995
41.486652236652
-176.641261949856
-25.892434388528
-108.720967346456
-39.99321549761
-35.459325396825
9.729076479076
-27.577311197917
-180.722415280032
-30.982413419913
-94.279048154536
132.377587256494
-99.712018341901
-107.330377575983
-169.310528555646
-103.055164155506
16.436159868777
-157.370330678436
9.33439515129
-25.319624819625
-183.099378973891
-116.38092419733
-160.871219871708
-168.850628917523
-155.056547619048
12.990710678211
-81.397887214782
-175.612361054744
92.53068421379
11.569905598958
-38.412608225108
18.086469465864
-34.284910347899
-3.540744357639
-158.617424242424
-151.32874151673
-32.022789276696
-52.069346506358
-26.351829539818
-30.994686682675
-33.88256800708
-166.719774474657
-37.486173115079
-175.622026275591
-137.746240304834
-83.471222408234
-161.713932714421
-116.934150376533
-174.37890625
-139.099378973891
-155.87231480542
-96.047701484713
-154.885363822376
8.544921170409
-91.093743658685
-30.766506795071
-31.220606596095
-34.229457662563
100.134892451299
-33.187868500857
68.711507866049
-47.029393403905
25.633578037631
-36.857864357864
64.241730925325
-102.024280894886
-166.513881138393
-27.618346551452
-43.885822510823
-75.532099031611
-119.748459060471
-87.137793955177
-195.786546407152
-34.893480705492
-86.479048295455
-7.746304774869
-157.822518573007
-156.25190168989
-117.715089652101
-182.923340548341
-202.510003072015
-99.107967228084
12.394480519481
-36.044101731602
-181.912234792118
-103.692833750451
-139.830259204771
-96.110147231241
13.885441327336
-88.573342943948
14.784639785128
18.198621257215
-32.839986781881
-32.857392986788
-93.223685656791
19.448773448773
-30.870771399824
-38.968885281385
-135.164301356196
-29.689865310471
139.316099753111
-117.98834536774
-34.84595959596
-176.502545685651
-77.451992018398
-54.08439515129
-106.022186147186
-163.554493737599
-205.304383116883
-92.360722177128
-163.196498325893
47.542388167388
-39.430836334889
-144.806990806503
-104.67593555533
-188.159291717397
-37.472503001556
-110.802246798341
-165.195256132756
-36.155315712933
-146.009129379735
-179.151625772231
-39.621840968277
-207.050497300009
-24.396026391144
-145.910874227769
-28.87118393759
-91.022997835498
-189.619748686643
-99.405310780799
-168.597348696226
-85.62519305781
-82.930583739178
-151.014179884785
-104.154573779086
-82.852754314913
-196.067632942145
-192.275605525117
99.556339060245
-34.309516059028
-162.795093795094
-130.716241657648
-173.59632034632
-167.825306637807
-197.59145021645
-144.65776627886
3.883096449991
-190.478973608856
-82.063963434569
-84.164231601732
-43.519562956575
94.022637085137
-32.586518082612
-111.746302308802
-192.415494227994
19.171016104122
-91.546807359307
-30.724316969922
-93.808642366748
-190.82685250947
51.650079900568
-94.479089161706
-93.689381256764
-38.626082251082
-95.965265095148
-193.954983709866
-174.840818903319
2.7934831011
-93.721660663555
-40.918017014453
-34.225018037518
-40.842061096456
-204.840187590188
-97.604104662698
-40.798964110976
-36.430297675415
-28.065955312049
-102.169114414232
-153.783286971275
-183.534750405844
-179.61563317325
-185.113997113997
19.017779637897
-32.374611066017
-30.361020923521
-176.318625005637
-107.753156565657
-105.810773753157
-35.164231601732
-184.21331408392
-197.258207070707
-193.043179422574
-119.258026695527
-147.501283059389
-28.542769350875
-77.083583462978
61.047721917839
-196.792109854122
103.904571313019
122.772915398404
-201.087572150072
-191.498266002661
-96.489808802309
-32.875992063492
-151.119310431322
106.858676046176
-195.386093073593
3.22447444591
-39.07520869972
-15.825417258523
116.536435786436
-31.238107920725
-72.250659496753
-173.570887445887
-26.527610085227
-190.379501629013
113.162690662202
-158.657660590278
-159.644279711174
-76.099008006967
-128.383740445752
-170.139880952381
-160.104166666667
-25.309676001082
139.474948283054
-25.651224155619
-190.629682004194
-36.446598730046
-180.491189799784
-77.979187099793
-163.404568846952
-36.426587301587
-202.516045640557
-162.332604082116
107.673603360615
-38.195096190702
-175.353112599206
-155.934335683847
-161.235216985705
-209.40089158888
-24.017787388393
-111.734425730519
-144.902875715864
-201.522817460317
-154.343877530889
-155.993769305781
107.801427359533
-155.367334054834
0.37481962482
-172.571248196248
-31.202942511048
-138.876533189033
106.156996161391
-88.082068241004
-30.585567589962
-101.975551412563
-157.452540894435
115.140963203463
-161.965716033099
26.09883784835
72.084928526335
-78.048623793741
-108.970877158865
-33.620557908888
-14.616161616162
-39.037157287157
47.49817581507
-150.757055065161
-174.457189078283
-32.130521876127
-96.956189264295
-187.085428081034
-93.410366217983
-44.48729130028
-96.325868196474
-164.898260647772
-188.250069754464
-131.42134867086
-173.83065588925
-151.746052179158
-43.53679407073
-175.233676046176
-185.055797934704
-120.565934878923
-38.423709049197
-161.950396825397
-138.506833823728
-30.39699802151
9.840187590188
-180.11275492086
-41.911675699517
-206.72782160331
-176.962932900433
0.633387445887
-179.482573361968
-34.776314343209
-159.560959060471
-187.946608946609
-178.902584719968
-190.464486522592
-33.520722712617
-34.237543895991
-81.128509565521
-191.226661847267
-151.791749103761
-41.092061096456
-125.617764559659
-167.652355023449
-155.993666435561
108.469176277282
-36.979908600514
-39.265865265377
-47.713105525117
108.711391960904
-103.965179839692
-35.035345784858
136.8584879205
-29.487185611697
-182.771624588519
-37.10084240846
-34.217893217893
-191.715270027282
-176.19722757711
-207.272534214917
-12.024448587437
-155.911886724387
-156.362283549784
-38.235008426903
-181.732774170274
-89.380022321429
-133.86326786278
-156.940213378202
-98.846758601641
-25.849283854167
-95.453623145518
-32.25429835464
-83.973853349342
31.350010287022
-36.806637806638
-91.926504864493
-157.109106551001
-120.875999813988
-30.006916260823
-37.352174789187
-104.227182539683
-106.07711038961
-94.58953584393
-169.454442584325
-151.45948533888
-171.650633708739
-90.07423213722
114.540432224026
-168.568349510732
-149.096611342217
-153.804300679789
-183.791957662563
-189.103244357639
-141.570776825171
-107.593045409452
-170.503537749143
-192.424610925099
141.24817581507
-31.654831659226
-172.112845108451
-25.652945470328
-179.911067285579
-34.812790995896
-184.004161311778
13.955968022863
78.118145743146
-201.094348901966
-34.212953333559
-133.641767141279
-95.889151701163
-40.628447561553
-196.141684704185
25.292197575645
-122.932018990124
153.837461529356
-162.457792207792
-38.197580576975
-192.908529350424
19.497093563988
-32.684142626037
-34.686028814935
110.207694269706
-206.402216219111
-187.64439033189
-80.016774891775
-92.983686262739
143.937750129645
-238.584137271149
-50.68472461783
-157.8577946034
-162.023727086715
-46.194972887356
-106.734557488952
-69.088646650658
7.844529277146
-32.201221196338
-30.902056277056
32.677028022975
110.492334054834
-82.042748917749
-87.904942279942
-159.655060651154
-178.350989667884
-149.850371037383
-195.30963443024
137.491334240846
-40.116694991207
56.443640506629
-72.907828282828
-183.926053926542
-115.892604547146
-151.44695701434
-184.37509018759
-22.734966856061
-177.099817229212
-79.276708209325
-80.405040218028
-155.731954731466
-31.637115786774
-146.43922131471
-158.627497068903
-91.315483940972
-190.878128382035
-89.800657242064
-102.315934878923
-82.992073708626
17.874451123963
-106.386453823954
-93.019820836715
-117.417135571677
-176.087190966586
-179.719619464737
-31.45689033189
109.524428154311
-167.7261002886
-194.538961038961
-196.276424963925
80.5452946034
-78.762278194895
-150.931104431593
3.432178932179
-193.658341224748
-128.963396521014
6.697338197826
-180.750721500721
43.908487779582
-152.867875180375
-160.705197200803
107.414690290179
-31.769001397908
-188.140602453102
-189.498619002525
-33.016684704185
70.776043780438
-31.980962667974
-110.174763116658
-10.199675324675
-78.853743912338
-155.540293419688
-24.83142671131
-185.931748427354
-40.500262812275
139.879326538262
-40.361479611968
-182.638979076479
-163.607683982684
-168.969052973936
-167.849727041622
-206.26824607684
-31.105990851596
-30.068354442866
-149.058874529334
-92.604707792208
-101.333776520788
-147.761634199134
-207.954607458514
-116.398088023088
-96.469696969697
-165.626783318678
-100.896436462843
-167.112443491838
-182.313151746257
-117.353342295725
-183.124737187725
-157.996655308667
-23.541937229437
-152.730810476416
-35.71914809366
43.403228715729
-166.892426990327
-31.407931153048
-151.042297979798
-27.77580140129
-115.773559394165
-181.228826349432
-95.725940346546
-177.69027538217
44.661275844381
-41.62327868529
-202.337239583333
-51.78354978355
6.994596495085
-45.965277777778
-163.828901458784
-186.601538543921
53.277635802782
-89.928473490485
-153.690045685651
-201.17376330267
-41.240600057495
-159.703475886093
-141.159624284136
15.289424659542
-172.544733044733
-187.450327070933
-95.522103710092
-30.557349090796
85.381753852701
-74.680555555556
-33.189061372655
-81.913870851371
-135.847665409677
-19.11049248061
-163.907557720058
-167.578664011769
-96.384129379735
-87.682712307224
-97.576577014565
-93.470681282693
28.352009914998
-41.18090855542
65.554746333311
-159.087100778995
-152.614419868326
-79.858297328756
-96.361304168921
-22.168560606061
104.775876087888
-25.978076665088
-28.429104803617
106.822961760462
104.996510867605
-55.320088440206
-90.534389655483
-38.298240144187
-134.758539637446
-43.208603896104
-110.1198413403
165.36238148787
-109.309191242785
-91.91821253833
-94.468101776696
55.726829539818
-153.713626217532
-141.032377344877
-69.840208023313
-83.129218383613
-140.397817460317
-144.525141904536
-7.272665268759
-84.252783132666
-74.145730463113
157.452628615959
-75.200667388167
-119.406655844156
-71.721500721501
-100.209083017677
-63.981240981241
-204.893388051835
-91.682457245446
-54.769861702967
-27.90367965368
-31.384737793673
-195.00650125699
-36.826138759244
-153.453303261409
-162.563602684208
-37.791305916306
-161.862734487734
-160.481949799333
-138.00434978975
-150.832611832612
-83.104367474973
-159.673258111246
-117.41838023088
-27.76634438695
-35.630300634695
-78.758039378157
-186.298881673882
-150.260842943948
-137.669983174378
-39.79214578824
-103.342261904762
-178.267607013212
-125.116182049288
-176.166736421131
-111.81328350469
-180.056637806638
-66.201138759244
-103.962100778995
-172.762876392271
-175.56041793493
18.612453708401
-31.232225294237
-144.815386002886
-40.135544197556
-33.386634199134
-36.232745986652
-22.805735930736
-39.595861657873
-194.931568052174
-34.244019435426
-34.458964646465
-36.447441068047
-125.011273448773
-38.311688311688
-85.64134438695
-69.49303512243
98.829267141279
11.839105339105
-84.153589466089
-49.898621398133
-39.81945219494
-198.892122959506
-27.595841224747
-16.859766047754
-25.482712166306
101.462559467442
-138.005411255411
-101.943722943723
-39.477551040539
-63.202401385507
-155.135273634785
-140.014919704861
-34.645284457296
-22.261286131403
-37.818264255276
75.633297258297
-73.960039147051
-31.069707256719
-103.447503072015
-163.23852574292
-198.62300812252
-184.356253663871
-84.889680144075
-35.661247660759
-53.248384373873
-148.406495902101
-181.811860936373
-155.3471940386
198.39621451682
-32.207431457431
-190.953643578644
47.792277546672
-166.760080576975
-109.558531746032
-191.384011008523
-180.663780663781
-28.912956292839
-191.007297444309
-109.744588744589
-96.217364774982
-78.996322741928
-193.982150607639
-147.059876809389
-44.659472092578
-94.407114532603
-197.637285945391
-124.570985383974
-119.501443001443
-71.995199624594
-110.086289090684
-106.15691865643
-167.300131617514
-83.425054112554
-39.635580131674
-27.008567821068
-77.977079669462
-202.004058441558
-29.268931643443
-61.302038239538
-151.90702681108
-112.998814878698
-151.784279034767
-183.524538775027
-161.344967532468
-36.886904761905
-148.465971094877
-169.623023623512
-87.308539496528
-152.020645207657
-40.025523088023
-137.602264976777
-35.505241096794
-173.053674298792
-97.943382626488
-193.6096061057
-56.350185730069
-189.939012755907
-22.090277777778
-192.347222222222
-145.430014430014
-99.785603664998
-40.090265095148
-171.396366708378
-164.98079004329
-138.018648398043
-184.811958874459
-136.382763883252
-183.373273753157
-38.240800865801
136.815836940837
-136.920552483541
-161.464834590323
-30.685523623512
25.37308562748
-197.929532842375
-85.543261859668
-93.29796711535
-176.580176767677
13.041383421266
15.155241026335
-33.941365383748
-156.834956709957
-207.013159637671
-176.970209911616
-50.699765512266
-36.734688542794
-33.487263116658
-105.09261243856
-82.494318181818
-195.027424777913
-36.089654215142
-165.025420217803
-31.034168414051
-178.921768959122
-101.138638759244
117.305668642339
-154.911525974026
-27.383637575532
-32.986013173025
111.491702741703
14.103973608856
-106.40203584393
-180.441287878788
-58.848033910534
-36.000463620581
-177.528589466089
-36.276432714421
-66.057101427219
1.043838919327
-154.254661571068
-38.928571428571
-32.37949669688
8.107335914953
-97.073252756358
-196.285443722944
104.026623306164
-160.391504329004
-140.186167619273
-31.363288295905
-168.890422077922
-145.063041125541
-98.412427849928
-73.952643764655
-81.12700456011
-23.718614718615
-176.051066609172
-190.169261673656
-12.623930431548
81.773268398268
-35.84404522344
-67.172425989809
-82.193903318903
-80.572268443362
-84.41810966811
-97.619748686643
-32.854777546672
-87.536796536797
-152.831828327922
-157.345431153048
-156.661345598846
-193.99520737509
-172.384760692866
-116.162185470779
48.619418585971
-29.244310431322
-159.848214285714
-174.226108039096
-174.422972047484
-150.964027834145
-135.580797864245
-167.886064889971
-138.23825518015
-168.797631730249
14.594799839917
-42.037989408595
-158.164411976912
-170.456730389836
-47.355511730023
-157.046897546898
13.203082019977
-34.16123497813
-151.617694805195
-135.372397242514
51.625729251218
-92.783758342352
-188.267496392496
39.364891239403
-195.655565842578
-30.068792698187
-148.31649643759
-167.109938672439
-136.833776520788
-104.813700622294
-136.234758297258
-36.62041311553
-143.050853118236
-32.017746522141
-191.208495741455
141.305194805195
-175.35597041847
-184.491883116883
-171.994408369408
96.727813852814
-31.393217893218
-188.603334192934
-111.435487689394
-139.719065656566
-36.789223851236
-31.187770562771
-186.019099335994
-36.411525974026
-27.026056463068
-103.659554529672
-28.912706163194
6.074126448638
95.190919377931
12.543297793786
-175.595057720058
-92.994596495085
-198.96043583153
-39.36601189067
-91.985417794012
-78.23738148787
-174.268578643579
-98.512793955177
-38.16619529559
-155.679112554113
30.097312409812
-113.807469928075
-40.248930431548
-175.376283059389
-31.01902958153
-87.311868686869
-163.754980750586
9.241071428571
-163.186245124233
-44.807359307359
-76.832632265738
-77.926406926407
-163.136273448773
-199.494137806638
-167.613906926407
-39.24062049062
-201.250860657355
-42.121150117244
-101.826479076479
-87.600981917388
-28.040574199021
-178.584533955628
-40.995732999639
-107.327442956349
-157.060806868912
64.49503968254
-139.703254644661
-178.129661571068
-141.266963017451
-90.842952755795
-84.866604803617
11.597023879983
-183.108508353626
-33.234938672439
0.960046897547
-193.370658313041
-158.569895382395
-37.670655353761
-35.486402107008
-32.973593003134
133.453110203598
137.603728411346
-30.995954241071
-23.33638702877
-92.68567581507
-88.943174067686
-34.78077440138
-35.43253968254
-78.221943908956
-182.491903550009
-98.137806637807
-134.198675510687
-47.700930200442
-170.329267141279
-72.696145326028
136.777486781881
-153.211141831259
-149.211482148494
-99.771186333198
-191.636994949495
-159.427321484939
-26.236139294733
-189.805264559659
-15.228903854392
-113.833222712617
-17.447941327336
-36.564824444219
-160.366985987103
-150.215285528274
-141.279689684231
-188.738216075374
-94.127074314574
-35.048959178842
-141.135191197691
-87.518599076705
-39.999098124098
-34.114746798341
-140.191669062275
-158.461497649486
-180.808281616387
-38.62786556976
-156.225288600289
75.068542568543
-97.715035398629
10.083261112802
-45.877635873241
-85.880161125767
-172.700840012852
-109.749396870491
-180.251172438672
-55.314844877345
-138.374280965345
-30.870029465977
-32.952739236675
-144.236554298566
-116.106589048972
-82.751094933712
-184.661907157513
-29.138290691513
-203.488816738817
-28.245851370851
-197.67323767812
-36.549229741613
-88.894653144165
-23.643730835137
-168.630238630727
-204.839185310133
-33.631210261093
-116.478793233676
-37.841339595734
-173.422188542794
112.140331890332
-76.198044197556
-34.316037749143
-32.145673391279
-179.080156334551
-189.69246031746
-0.320539378157
-158.869506307495
28.590084719968
-154.011974516369
54.302148860254
-42.672168109668
-191.58839158888
-38.463564213564
-139.439386188898
-191.556699810606
-63.720869408369
-186.676968485074
-191.607426102543
-70.708070521059
137.394019364967
-95.681916119904
-27.392599262716
-176.539154096771
-194.877517502029
-33.025613275613
-134.093795093795
-205.826228946834
-90.180125050731
-136.503594820978
-37.218003838609
-39.537780849793
-25.568715193227
-37.411956478851
-37.417207792208
-29.07234312996
-195.316931874549
-161.568784947691
-201.329537704049
152.536878973891
-186.14898989899
5.199876132982
-37.094849161255
5.077027952516
-148.564644069039
-26.998273753157
-169.964396335002
110.050414862915
-142.028471094877
145.692828818317
-85.135379323368
-50.551878297484
-32.900613275613
-54.337961084055
-151.790757040269
-112.573572640467
10.741965553977
-25.192558255547
-36.05294011544
-135.32989845441
-36.627316693723
-103.700306637807
-153.549159987148
-41.128239002751
6.902174648268
-172.173693548205
-32.081418960813
-147.339736652237
-30.166313666802
-200.147727272727
-198.051046176046
-192.393668831169
-197.327721269616
-42.973775844381
-194.112984617379
-2.093542498084
130.598817415224
-114.093101776696
-44.671536796537
-157.357392986788
-96.287067099567
-28.658168600063
-29.949778194895
-176.820006003111
-36.106150793651
-184.94715007215
-2.681346810741
-194.494158239764
-182.971590909091
-83.0413883534
-91.801566868461
-191.231774356286
21.993083739177
-202.844779406791
-177.631756318768
-173.735410043516
-201.969356652462
-88.680222988817
-199.876533189033
-35.911144790539
-158.231248731737
-210.217274587392
23.337461529356
-158.515970953959
-162.364636177624
-21.158016408505
26.712953333559
-90.759928385417
-174.41533428594
-142.951105643488
-177.491805611923
-202.100018037518
-26.023907461896
-41.696539192145
-33.093606968119
-145.270444399351
-133.628940070346
-115.808810059298
-91.611734673746
-163.094065656566
-108.895464832477
-23.366130966473
-149.054653679654
-133.070006003111
-31.192919005907
-41.001525438537
-32.511191011679
-114.482802353896
-89.373881462505
-29.867506679518
-43.511974516369
-87.055774330921
-38.154671717172
-80.136350953734
-92.269923706935
-41.913863100875
-36.732761487644
-181.6681998557
-110.363698367605
-197.749799191694
-194.98097041847
-38.089455872903
109.221871688424
134.206789927737
-28.568813131313
8.744330864448
-45.830679493033
-123.196080503698
-111.336678024666
-166.228252108135
22.053050736156
-132.225657101145
-173.628176998782
-83.185876623377
-30.780560910444
-29.073129453012
-93.180936739042
-138.014868269751
16.990968558351
6.614177489177
-81.235258204252
-113.931539868552
-29.337059208153
-98.946178441784
-143.791105108
-95.755223129735
-37.613718800731
-186.260544197556
-88.09613997114
-29.063311688312
-32.910977097989
-29.846583158595
-153.8623941705
111.972041847042
-192.697580576975
-45.129609783663
-37.467352092352
-28.110008426903
-157.932998370987
-26.593413910308
-179.931740676858
-34.964203277192
100.127517502029
4.195817691423
-147.434807054924
-161.859139666757
8.566738816739
-37.721590909091
51.52798633658
-34.644410765016
-167.47906872858
-32.89926046176
118.835588023088
-188.026618021735
-191.938520247114
-27.550966205019
-25.228805916306
179.518838989786
-151.7931998557
-208.942542754554
-32.119130056142
-191.30572818024
-160.505251313357
-100.261260766144
-154.301587301587
52.559613997114
-154.443452380952
-206.29347041847
-148.454725829726
138.636634199134
27.9395947477
4.576020388032
-150.796619233631
-140.218065842578
-72.781307776425
-191.234585672574
-93.740883302895
-33.541215728716
-201.615522552534
-112.062528183622
-196.310946377841
-123.029429338023
-144.167519573525
-180.734196738591
-161.653922032828
-87.883485383974
-30.592159034542
-196.974935600424
-151.937332307449
-33.085979423138
-33.65882034632
-167.621023995536
-171.521825396825
-83.834173205267
-32.907204720193
-187.711219336219
79.699044011544
-127.436791181908
-32.422807173295
-32.766025207431
-174.024280894886
-146.905462972358
-78.527610085227
112.451569264069
-37.970689033189
-149.400324745784
104.623845528387
-156.899350649351
27.962391774892
-44.191127936733
-161.570539378157
-38.875992063492
-104.284701789096
-179.257395382395
-72.793019480519
-37.725821975334
-39.597410347899
-167.50756800708
-183.624626567009
-96.225940346546
-175.424221991116
-24.997933435922
-40.455830980001
34.577270331665
-159.599046407152
7.18480212279
-35.67305730294
-34.74531024531
-32.862255366162
-151.796328237734
119.54825036075
-31.047168109668
-180.727883607278
-33.12309831011
-40.717352092352
-90.187110713722
-155.232392986788
-28.380230880231
-111.436966624955
-95.87718493529
-32.851461038961
6.455107013212
-91.84623015873
153.24648515005
-179.746420680014
108.369387936282
14.73077736066
-151.375979380862
-89.433011053617
-85.080635456124
-34.911165223665
-200.39439033189
-198.875443187455
-151.000450937951
-138.615602523561
-30.214113089601
-77.165924732819
-186.720779220779
-152.218684473079
-191.326569264069
-190.519758832747
-51.768668831169
2.68157580267
-185.695333637716
-27.624389119995
-27.107323232323
-87.172438672439
-36.254988501082
-15.527888398494
-191.441988946383
-160.545787112193
-34.261183261183
-51.704996392496
-39.356161010214
-184.065123190611
-35.95870183419
61.92306998557
-193.723845598846
-38.662878787879
-122.787350344968
-199.012889074901
-106.319722757711
-172.202118140106
-25.625270562771
-26.293130101236
-169.472320160308
-182.592532467532
-146.904130591631
-148.996745496257
-164.430645743146
-41.901396780303
24.737987083446
-133.967331659226
-38.453373015873
-96.92593555533
-153.648871527778
-5.986652236652
-159.154511775117
76.14211520901
7.823703694309
-125.032527070369
61.233753551136
-38.890782828283
-86.648095773584
-102.9933056852
-192.569895382395
19.021645021645
176.082804890422
-109.224739724251
-29.22591991342
-142.736523648877
-158.855339105339
-184.716241657648
-158.509399942505
-39.272644835633
-153.967991155979
-136.038409696857
-24.064641602972
-54.883407879013
-82.570514012897
-27.459065050618
-142.23252404063
-172.330475514069
-170.060766002661
-135.561778499278
109.096330562883
-30.443632756133
-191.811610806728
-197.132026881539
-186.885920448909
-39.710387214782
-115.390434760552
-117.849296536797
-20.467810780799
75.703112669665
-147.939566564078
-161.435806868912
-44.111915048927
-91.518398268398
-198.765339640828
-190.254156379645
-43.707792207792
-111.855887981376
-145.322142321654
8.107490924874
137.07082015749
-144.491321558216
-86.903409090909
-191.678661616162
-196.326228946834
-195.084124588519
-102.623619002525
-41.423332797845
-31.590367965368
-140.629509379509
-78.279310966811
-190.946428571429
-38.333776520788
-45.203074269481
4.089494273088
-103.265594702606
-144.276051530934
-33.634678255772
-83.333985079591
-44.85309216608
-36.47201366342
-114.293390447443
-181.770202020202
-147.227174789186
-90.372953869048
-143.631050319039
21.368534677128
-178.079656075262
5.628427128427
-186.573502886003
-35.481982915088
-31.444153448548
13.757235440341
39.739517806412
-43.305174372069
-199.285693852588
30.615548270089
-178.718163780664
-175.430125050731
7.052296119679
-42.609758297258
-106.224103478986
-198.053571428571
-31.844158310223
-157.338744588745
-163.801337171943
-145.959616392722
-77.985327606421
-199.425484617379
-39.145132265738
-35.153569032964
108.353357444422
48.543282292794
-114.67028192077
-92.357982729076
-34.818722943723
-184.941037749143
-180.89917027417
-79.772448959461
-173.667359983766
-67.634186451569
-28.942841500947
-36.714105339105
-149.041514475108
-188.583312900207
102.051857864358
-190.16619529559
-201.548229927624
-97.486213981331
-158.086281340188
-23.32225294237
-34.736729741613
-182.508415629509
-177.789780477769
-185.671516363411
-95.502994157535
-109.257665945166
-171.410423289818
-129.827478890467
-34.804924242424
-39.870658313041
-42.782003911887
-177.642599262716
-163.486742424242
45.027950402462
-36.902126031521
-32.149919958514
-157.457459641053
-83.810974561463
-31.188118630501
-26.8290120795
-3.640873015873
-35.386523578418
-38.22401822353
-191.566656379645
-95.169351861246
-69.871392496392
-70.996392496392
-73.606942048837
-163.488234394729
-41.086969020563
-182.49225161774
-177.290752108135
-81.871240304834
-33.328282828283
10.894202206214
-185.178841991342
-84.999175629058
106.341061282468
-57.797160359172
-32.940919377931
14.563783059389
-94.950334821429
-129.424886420004
-100.478097098214
-185.976620981016
-140.588594863253
-39.287690662202
-143.829996392496
-89.224677720283
-22.649510591405
113.208962180398
-173.317661125767
-65.255792438898
-96.704107199224
-29.954836450442
-202.725621167027
-141.31640625
-145.881882440476
152.266674487622
-177.330336709731
-166.276347458965
-164.425345108451
-196.67975161774
-174.909729972718
-138.052558931953
-155.567182004194
-38.120420866026
-154.378267186373
-46.708493275388
-151.404950030438
12.322809568903
-188.977112785218
-133.343323722718
-36.514139018534
-159.252512569895
-34.137188007305
-174.843065842578
-40.774981962482
-34.348907602814
-109.065816507711
-107.085740214646
-147.564574314574
-147.213646650658
-201.220037286932
-119.509732509244
-169.29137567077
2.772366522367
-99.016767141279
-34.43541793493
-185.12014255276
-37.468717588835
-33.529408904897
-173.323572640467
-199.660603664998
-159.410333102228
104.998719406678
7.306426781769
-36.949314574315
-31.186355744949
-143.487115857233
-30.118235930736
111.628870315882
-184.371683492289
-28.156537472944
-176.495699179293
-199.88446969697
-181.780573593074
-29.040957848575
-193.158086162969
-37.865087115575
-174.530212842713
-30.173992294598
-106.287059349071
-39.767857142857
-202.811696062184
11.761523578418
-194.111283735795
-98.759802263709
153.333062770563
-142.930125050731
-29.271096145608
-36.431264373647
-205.815836940837
-173.001074500586
-37.135564630682
-193.242632801227
-40.763631008748
-126.211031210543
-109.825396825397
-36.694534632035
92.99188558295
-157.199974071068
-201.444555065161
-162.434413188808
-41.472763347763
177.852102568655
-35.170274170274
-191.663051412563
-60.546957084799
-89.423804168921
108.040522411616
57.154594212211
-34.282557720058
-95.490690245085
-177.255679352115
64.420441862825
-87.312938255321
26.544905669417
-184.747364126759
-145.785353535354
-130.259531700938
13.497634689529
-99.616862683757
-31.314746939259
-181.713095308554
109.697121888528
-24.871753246753
-33.682086278522
-194.493256363862
15.791777287383
-87.937852999865
-107.473116347628
112.626414817821
44.164502164502
-78.363984431367
-53.49062049062
-31.104998788104
-35.34918591608
-158.290945165945
-21.137479003202
-159.810696248196
-104.095225412608
-200.624000186012
-37.403537678684
-71.308864312771
-179.233585858586
-82.751793535241
-136.606802539908
-196.164391543786
-26.272546897547
28.256235626353
-71.063234183351
-158.233959291576
-31.493748872655
-175.449863450352
-29.012433204816
48.672910043516
-144.555104617605
-197.108294862689
10.413968789457
-163.718704906205
-43.621019063402
-10.528048340548
18.553238861833
105.781843969832
31.517045454545
-37.230088975694
-192.020645207657
-145.476543476055
-49.153331585949
44.171905297394
-189.156643161526
-149.367514430014
-86.195256132756
-147.851940160534
-31.309683751578
106.61752218051
-96.272747705853
107.520665640783
3.587760275749
-155.085866336355
-182.030934343434
-88.03392321654
-64.140401644796
-146.316468253968
-153.102030348124
-188.470786971275
24.918089234984
-81.902617835723
-194.627553436147
-136.733856421356
-24.428679583221
-196.243388122294
-158.590378181931
-34.892787388393
-57.54788961039
111.036876507824
-96.730248917749
48.092594471501
3.228184819738
-159.328795770202
-88.911067285579
-84.081279451885
-164.615267490756
-173.430112368101
-50.922536610525
105.772093493529
119.103277473395
-37.534101125654
-193.277798210904
-112.624000186012
-165.306720243732
-191.961420144526
-200.560959060471
-140.663850418245
-153.626422568317
-202.714223710317
-32.149433086445
-39.237033420139
-155.27426046176
-165.688401875902
-47.272554648043
-36.2306998557
-33.779130591631
-89.492965367965
-81.229166666667
-30.862997300009
-28.328643578644
-119.179190059073
-178.551489363501
-115.433982683983
-33.950589883207
-36.016414141414
-171.721861471861
-192.802210864223
-38.628455312049
-181.881042568543
5.594817806976
115.30159751815
-51.998634503517
-144.021444213339
-29.16133784835
31.037247474747
10.178584111201
80.394480519481
-93.437688125676
-35.560263277304
-93.054805871212
58.450636738479
50.712662337662
-39.003988687094
-50.284173346185
-167.673528674017
-31.578042915201
-107.085567589962
142.13952020202
98.679823838271
-123.90663541103
-156.388688080583
104.531753782242
-153.475358354753
-160.077270331665
-164.151806147412
-186.840027648133
-1.125290995896
-185.977883607278
114.131936693948
-27.068021876127
-147.313594933712
-89.101483938154
-120.485760577313
-33.433289366883
17.450757575758
134.599659753224
-157.283181282693
-178.260732323232
-33.327352768759
18.933712121212
-34.332609366545
-94.76443001443
-139.056194619183
-133.673430735931
-151.801850113862
-192.205024576118
-199.02589158888
-123.508317691423
87.87796843998
-29.550054112554
-39.724446262288
-159.80076786278
-98.022817460317
-159.160776289683
-159.770534586941
-115.608142671131
-192.041187192799
-39.409521413916
-156.156086534993
-157.096959409948
-69.260835193452
-31.520833333333
-28.713125958243
-88.514077014565
-91.435052252435
-201.491973304473
-82.694617069129
-82.816710633117
-157.357854141301
-157.67125848327
-27.707694269706
-33.055473118461
2.933461991567
-85.300484617379
-159.059884559885
-142.39908008658
-158.274788904672
-185.717712842713
-161.934080622069
-134.414494414006
-165.255960131448
-46.119769119769
-189.655594026199
136.547608831056
-165.211559653454
22.242424242424
-184.156413465007
-105.981990665584
-183.903048340548
-162.441390749008
-95.550955988456
-196.721959409948
-77.378357373963
24.010090793538
-39.457263764881
49.957078457567
-172.170093795094
-97.483114487509
-201.198946073458
-58.96367483428
-194.362997300009
-30.406565656566
-193.859570171582
10.493957431457
-143.224296536796
-66.336059394165
-80.697691197691
-36.647186147186
-89.4574934614
-75.89496210712
-33.84604978355
-94.973136780754
17.938002725356
-168.180826118326
-111.194777011183
-34.908217216811
15.039600102588
-157.92316017316
23.793099451547
-36.70669727408
-163.738087487599
-179.217983405483
-36.011013102566
-25.88933982684
-29.121392496392
-169.959054834055
-92.14134438695
-200.522727272727
-35.443292438898
11.320006003111
-37.664780477769
-117.197781385281
-94.200389074901
17.192751313357
-201.612303982909
-154.827561327561
-10.052218614719
134.641261949856
-35.745490620491
136.308178746167
-199.435253060741
-91.097520968615
-193.925623421717
-145.555916305916
-7.180346996753
-28.562139249639
-135.437569754464
-30.402056277056
-34.076587231128
-94.043490851596
-143.640074010191
-209.133407879013
98.138728946834
-0.47035646645
-35.485209235209
-38.181789998196
-103.893565960949
-85.12421649531
13.034348789232
-113.373835311824
-91.434060188943
-79.148198643804
-97.662149536661
-196.032024345013
-173.333686333198
-164.688935250947
-117.479174417163
-179.771485079591
-42.12481962482
-144.028200532107
110.872273939168
-179.662510287022
-171.699294141189
-25.445093724635
-29.841439999887
-13.258297258297
-34.102793419688
-163.44905176204
-166.145444399351
-75.479880416892
11.140360073954
-40.011515827922
-156.776986522592
-28.194923566017
-35.018599076705
-181.391697386815
20.505168876263
-46.282186753134
-199.330988455988
11.260273634785
-89.280122655123
-144.290952916441
-87.67804298566
-28.852563723169
-105.831078643579
-157.727994227994
-93.585165268759
-105.7306998557
-193.592622655123
-158.069075943588
1.392375555217
-104.049090232684
-24.449966320572
-196.807289552895
-3.014540635146
-148.29510154559
-103.820263883252
-81.738906926407
-99.494789552895
-76.956650418809
12.673881673882
-190.037580041486
-89.123266002661
-162.597971906566
22.973124098124
-33.562597938086
-71.841973374932
-37.957792207792
-39.641496578508
-89.662886538375
78.786804287293
98.452373201885
-184.086069610728
-187.727362914863
-201.188401875902
-1.847742914637
38.658487779582
-42.058802308802
-161.98573767812
-85.109307359307
-165.070596449991
-92.770825582837
-36.755681818182
-185.429112554113
-35.681367243867
-78.782655658144
-96.929826304338
-46.719516594517
18.833152958153
52.262085137085
-155.715630777642
-195.443903318903
-42.001796001308
-187.120949308938
-180.434864126759
-85.832263764881
10.512716450216
11.280212842713
-27.74303512243
-27.244039868552
-137.972332842938
-160.437938255321
-170.960698643804
104.35073953824
-204.661644345238
-115.087183216089
-119.665161661255
-153.925955988456
71.546446608947
-72.199773262762
-204.747765743371
-96.026813897908
-77.766955266955
-33.715380647998
-55.388167388167
-103.39342645202
110.425443046537
-111.893877389971
-33.596570475965
-31.357065352183
-28.701180330087
-172.176399175911
-182.342983405483
-90.033279220779
-177.484938672439
112.527068959686
-89.723747660759
-177.632665945166
-101.188865496483
-164.462863145969
-146.356990665584
-52.307269119769
-28.356782106782
5.799492553887
-38.73538961039
-196.690808757215
-40.333255828373
-39.546426175821
-98.7113997114
-90.989149305556
-41.72323471884
-26.960956523945
-164.887793955177
-167.277445211039
-36.689471444354
-36.40942347583
-253.846964342082
-196.05093555533
-128.872933435922
-94.190566378066
-30.058719871708
-93.495580808081
-35.712772958378
-150.36361593051
-166.337203649215
-112.59423828125
-105.888159637671
-186.483704229798
-42.77217839669
-172.707890145878
-37.06231962482
-114.269369898764
-105.147013522502
-152.61803512243
-157.016076290246
-41.765524948142
-138.828455452967
-158.020202020202
-164.410173160173
-161.532397778003
-97.49550330312
-177.188824630231
-194.791916796311
-198.805202555691
-185.238927359533
-117.234057229663
-31.509822696834
-84.802378556773
-144.080898268398
-136.310515873016
120.717694875654
-158.614468485074
-74.096681096681
-172.278130777642
-185.684253246753
-145.321899942505
10.878218569625
-155.935126939033
-34.766123145518
-96.289502164502
77.214736652237
-31.454107199224
-185.363914676903
16.263558788217
-188.053468558351
-25.91341991342
-111.23747167546
-81.310748035602
-38.902306406701
-184.544274356286
-103.262285945391
-85.221853721365
-148.776036029942
-191.096029350424
-87.411345598846
-33.518779451885
-31.916666666667
-98.282454849838
18.989636177624
-188.92316017316
-208.869658499053
-202.379620000225
-153.015512265512
-187.729236421131
17.071871758883
-72.579184704185
-32.62691437252
-28.351399034993
-84.47095959596
-153.774822020427
-143.918671226777
-94.896075712482
-159.077749453238
-31.28572203621
-167.214494273088
-183.16332972583
-119.834505772006
-38.070526695527
-184.823121702516
-162.887417703824
-39.837379092262
-45.156846435899
-181.215806220689
-203.503156565657
16.891885512491
-46.789494414006
-94.62309831011
-35.940636132531
-163.893676581665
-35.135010822511
-149.181354561237
-40.866522366522
-177.115051181457
-41.198691011679
-33.111824861337
-153.896616838023
-194.281377530889
-153.409760622407
-109.306444748828
-87.578254644661
-72.465187590188
-36.370781616387
112.026966089466
-176.080295138889
-32.800595238095
-213.139432480497
-123.426669738681
-145.128439811057
-32.817981009876
112.02092598699
-30.29816017316
-60.997753060741
107.281663594652
-163.409832842938
-142.274018082612
-148.250097938086
-39.727481286075
-33.830274705763
-37.252435064935
-162.491632987238
-50.730228484623
-154.787087532693
-38.018107272502
57.541197761657
-148.31718975469
-30.409652467758
-92.516705137311
109.982142857143
-176.618839060245
-195.241439929428
-196.588883745378
-32.815017502029
-136.355589234984
-78.360209235209
-22.991452612058
52.875
-85.269382581394
-171.389680144075
-200.416138223755
-145.726821789322
-39.043192105204
-151.370500837054
-158.105346855835
-39.327901644796
-159.844864662248
-34.452089956484
-153.73635349026
-118.327401385507
-107.632367198773
-30.871823001218
90.486041356647
-130.248118743236
-188.580980705492
-124.564226246843
8.415303636251
-29.928488991477
-67.726551226551
-81.216638342127
-141.698793881899
-36.242854747249
-188.462183216089
-30.976911976912
106.950729392136
-154.160242914637
-192.351473721591
7.368333868822
110.828463203463
-165.922237864132
-31.204968208874
-33.30484180533
-32.874881628788
-37.487734487734
-170.277940185899
-43.163517851506
-88.163399480294
10.563103129509
-161.533792162698
-161.875909626398
-29.842249222132
-155.891491646374
-94.084505772006
59.250912092465
-163.624520878427
-88.155782151876
-119.62022005772
-185.522830142947
-183.239968744363
-39.41550197849
-158.618256363862
-31.100530979437
95.715901340413
-172.343143347538
-95.167921542433
-131.314393939394
-29.051344922439
-124.861659987148
-87.126365496483
-150.434601314484
-14.46941865643
149.365702927715
-165.624389119995
-33.424623607729
-189.976814038826
-136.564471444354
-114.352355164367
-36.522567330673
-158.1895947477
-152.150162337662
-30.671987734488
-184.757678627796
-34.283341224747
-54.96147721636
-161.453040449134
-34.228867920274
-179.907640157152
-192.346779034767
-29.919024226641
-162.614648860254
-39.612832425821
-154.692622725582
-27.484299608811
10.872943652485
-198.223587718705
100.065025252525
-28.741522366522
-31.457238399621
-156.588223896329
-45.579475700081
-24.640754644661
-149.087419958514
-168.082709770698
-156.860639740034
62.479326608721
-30.641934833829
-189.927947865936
-34.408451845464
-129.882854070842
-168.194354256854
-189.44055862757
-189.300123867018
20.781186939146
-40.700958384064
-63.531282411165
-182.846348529942
-38.47878548318
113.358307545319
-44.167498788104
-20.966097216585
134.74781506471
17.401334776335
-135.692632942145
-192.281444819287
-138.061979307585
-30.601530793425
120.458665900072
-91.836698457792
-77.165924732819
-36.758367012762
-29.4501058295
-30.562237187725
-138.392857142857
12.244199810606
-25.70202020202
-41.476538543921
-155.432802494814
-12.450487012987
-28.123917748918
-149.118436739042
16.635281385281
-138.451048571654
3.468947285354
-207.535090723079
-166.491071428571
-25.28173828125
-35.327027952516
-91.392857142857
-146.12195405506
51.465069218975
-184.65880766369
-88.430354747249
-166.304723434118
-165.194013939619
-27.102432669327
-197.988824489313
-152.155776867447
-38.639151701163
-162.326028138528
-170.845619278725
-84.6636002886
-36.09919859871
-31.512355699856
-124.576326884921
-60.541128007192
-27.954754013348
-193.129932133838
-159.487554112554
-39.926324489313
-161.876796001308
-46.318259323142
10.815386002886
-158.846042033054
-186.758116883117
141.17163720069
-40.881132756133
-157.042568542569
-99.312852999865
-25.516594516595
-36.279138342127
-73.648108456214
48.662600474612
-190.639868269751
-37.846382350289
-175.644820836715
-38.423098169192
-37.719947099342
-29.180478050595
-115.412169969787
-203.340991528003
-196.696268629374
-169.969266464872
-157.315538194444
-203.627726060832
23.101177793561
-98.892287833694
-34.453082019977
-181.356851861246
-139.74244467555
-179.789231601732
-172.136350953734
-41.535415539322
-27.726363100875
-180.104104662698
15.642578829591
-196.807116928211
-173.271284271284
113.062020878427
-36.731789857278
10.938561817956
-134.68940168989
-40.442821067821
-37.40942347583
44.167831354843
-182.256104572511
5.614177489177
-18.20822024655
-166.063332121438
-2.485778544372
-38.041749103761
-203.132956941062
-144.151051530934
-140.299152236652
47.148747519841
-135.193021876127
-48.900912022006
-30.84873497813
-166.260003072015
-104.834977143083
-190.306367243867
-190.009900201795
-164.307248686643
12.729535167523
-175.495843620355
-37.17957124256
-36.383838383838
-165.099116161616
-137.051308988321
-28.706521831034
6.592171717172
-29.460490085002
2.006125005637
-144.843271935313
104.904380721275
-36.207812640918
-144.843975468976
6.398706653589
-37.71453584393
-30.314837126849
-171.249360936373
-192.30963443024
-33.026076896194
-156.430346996753
-30.934253246753
-41.988185425685
-170.773961715368
-34.384441513348
-146.838757271374
88.901715959821
156.206078643579
-111.572067635056
-73.727092352092
-144.915071473665
-140.09901822353
-27.347111601506
-188.086850649351
79.241592120987
-93.410706535218
97.702180144075
-201.420704675099
-80.994220243732
-83.367527112644
-90.525530838519
-181.096160404266
112.037440532558
-174.792728484623
-145.380501443001
-147.598206535218
-159.907918470418
-165.49657533764
107.837190966586
-177.339015151515
-174.580439579951
-182.51842645202
-148.506583694084
-199.762798887311
16.004210633117
-36.01624151673
-31.908286971275
-194.970516408505
-192.646763392857
-26.349399407017
10.339806406701
-105.203115135732
-32.300976421582
-110.199203953598
7.220967346456
-27.91132516572
-89.320737720396
-53.719086089692
-212.635544197556
47.65117483428
-33.131055251172
-195.330295138889
-192.695907879013
-163.771724992672
116.02398989899
-151.616545265715
-181.803460807855
-155.739911672529
103.709866522367
-26.177697736291
-91.280019784903
-161.668478168966
-168.807080994093
-149.599206349206
-157.970217662112
-85.543462667974
-170.02807652417
-148.215790719697
-159.688610434704
-128.228071732955
-37.314754689755
-37.441115254104
-55.524523274035
-28.933879813763
-178.212412208018
-35.333423520924
-35.511544011544
-83.69246031746
-39.189025438537
-29.880581414029
-38.186881369499
32.692169321564
-96.99044011544
-170.275432900433
-115.765993853152
-42.880488760372
-39.74235448796
-29.307897966834
-27.150064399576
-153.554362683757
107.700925268308
-92.80502218051
143.896163434005
-157.891504329004
-32.008658008658
-37.580364893353
-155.602613044508
-106.331717707206
-38.592560651154
-38.158258787653
16.137886608834
-199.142676767677
-183.72706416847
-84.229146233541
-198.136822324811
114.242967834032
-35.770660708649
-186.707812640918
-202.089917027417
-134.524502840909
-146.337481962482
-20.866993737599
-206.466009495062
91.424943491838
-87.156042498084
-180.973304473304
-151.686700994318
102.889700577201
-20.415654170049
-69.354859983766
-98.739796119679
-107.342462713068
-186.571941513348
-163.328664011769
-218.055838800956
-36.51034338925
-161.084242959731
-78.751471185065
-192.116883116883
-29.820797258297
-128.776904085498
-200.895841083829
-26.13933982684
-76.358756017203
-189.967061096456
-40.250450937951
-35.508199320211
104.854707792208
106.019959641053
-103.354769796176
-44.22323471884
-168.723226968344
-179.734577922078
-166.163620721726
-178.442001629013
-161.439742007125
-37.520951704545
-67.039058977047
-70.153429524035
-193.437562003968
-91.122113997114
-96.699863450352
-129.796266233766
-80.267367804721
-94.605437043425
-39.122384559885
10.513049016955
-90.217983405483
-139.699294141189
15.826110575622
-164.219343969832
-119.192468067956
-31.532898037293
-129.889257389746
-30.143320763438
-196.578094702606
-31.458854025749
-150.367223434118
-155.04060484871
-38.198593073593
-40.093447026064
-151.186327561328
-165.159279034767
-198.311438182044
-30.714473839962
-77.134309754915
-206.812020878427
-32.767135642136
-55.046807359307
-152.843885281385
-88.262693551024
-34.682359307359
-143.551414676903
-92.536456219562
-38.1748941705
-135.10301466112
-67.870158053752
70.661255411255
-31.708000766595
-38.957902828508
-26.835129334641
62.799654962008
154.606892727498
-147.845238095238
-183.828192640693
-104.527888398494
-145.361082927489
-96.809982497971
-35.432018990124
-178.763811383929
-41.504398758793
-165.009302004419
-40.142065887671
-27.211933086445
-11.374206278747
-31.215277777778
-38.233653146983
-39.557699624594
-186.230539913645
115.796786926181
-27.642378021284
-179.158810129757
-35.29607810809
15.159742655348
-141.364164806548
-190.238535959483
-36.037358095464
-202.051074359668
-138.65502225097
-106.468003838609
-197.408439162834
-104.62022005772
-28.82233044733
-192.177107994003
20.825646955041
-37.950216450216
-35.148801773313
-40.576188080583
-38.262556508162
-39.930888122294
-84.438020692415
-142.081730389836
-158.148366336355
1.378870315882
-169.913502350514
-87.925505050505
-33.777708023313
13.531135151741
142.822129639024
-80.33142671131
-93.462211399711
-149.809876809389
-37.570464691558
148.120119653567
-15.528589466089
-163.710858585859
-174.006230694219
-98.480679422574
-195.111304168921
-41.730068542569
-31.237824675325
101.608243075284
-41.555717963677
17.742684588632
-41.849144345238
8.941290344855
-161.426775427264
142.935242844178
-160.909549597538
-90.541313666802
-161.606962481962
-35.37768519458
-197.533439162834
23.266483895878
-147.003919284925
-34.350641600153
-92.007403132891
-162.45383170432
-29.415404040404
125.738997113997
-171.9356884977
-32.722229972718
-143.058810059298
-40.670905483405
-133.885752756358
-31.279483591495
-140.308642366748
-154.061966624955
-126.827561327561
-38.227362914863
-39.08561620671
-41.582000952606
-93.436569940476
-32.716630591631
-35.700675138663
-33.075855513844
-37.317578688672
-195.151334776335
136.528246682788
-197.936758066153
-166.542297979798
-86.798971861472
-156.607954545454
-38.72210385101
-165.701581946699
-153.072317764701
-165.424721545815
-24.001713564214
-159.683359121347
-179.567161571068
-82.19497781949
-181.828094702606
48.276845252187
-86.936056998557
-190.133560070572
-127.116084111201
-190.827671948277
-86.029659034542
-121.715388398494
-91.640803261409
-121.609668109668
-53.452130822736
-201.017213147096
-147.570797258297
-168.664133663645
-28.885351139746
-154.972570289953
54.905192409587
-37.743333868822
-34.421696738591
-29.38855632215
-122.864275427264
-94.994137806638
-94.112296232413
31.584227458739
-188.683428875812
85.985371643331
16.417828888776
-99.461740028635
-156.693640506629
-158.517148324766
-37.177489177489
-35.343356838474
-211.465277777778
103.613484172078
-72.656212656701
-36.137183075171
-31.261211444805
-154.462662337662
-169.660165409677
-136.21263415404
-178.715556091044
-31.529230995784
-108.212219150207
-97.605220734127
-40.546356421356
-3.217540218028
-151.145825582837
7.196977447466
-32.984405297394
2.244506307495
-196.629522062139
-170.797237864132
-93.075368641775
-28.256916260823
-62.178739121122
4.455387792546
55.080885585768
66.374458874459
-25.278790274396
-199.551829680736
-97.741401529243
-127.56727994228
-166.505223129735
-115.338383838384
-101.061848253743
-182.98747167546
-146.793117418606
-170.133276825171
-173.498917748918
97.303684515354
-169.189123376623
-38.889868269751
-94.284729972718
-41.424963924964
-53.224046407152
-36.174721545815
107.931529651989
-36.810897056503
-145.696310200216
-120.533792162698
101.066648629149
-158.602272727273
-187.002156751668
106.915785223891
-55.494428802534
-144.088814343209
-36.561590373602
-144.295897732909
-176.250603129509
-193.15863997114
-191.994588744589
-37.865731111337
-28.564393939394
-92.816205441694
-39.3655176204
-177.011925195031
-162.900260275749
-150.712224082341
-90.812672624684
-106.001803751804
155.705408930262
-93.616341991342
45.038961038961
-153.534985034497
-191.093967718479
-145.301337171943
17.532114532603
-91.283258787653
-38.90882034632
-35.65367965368
-42.134567635056
35.32884438695
-213.19436200735
-3.476260230655
135.064213564214
11.400074616139
-44.388989293042
-41.242957617469
-51.82196969697
-31.846170620829
-43.242243867244
-176.659438976822
-166.036997345103
-151.188582251082
-166.188151746257
-147.236824861337
-89.917117604618
-159.896026391144
-76.86352574292
156.428463273922
85.203184890197
-89.095779220779
-30.018009334416
-80.473935786436
-164.520730463113
-37.160082972583
-4.395299958288
21.073683261183
11.243225714173
-34.446428571429
-82.708443954049
-168.470889841495
-135.468725339331
-199.848384444332
-133.446400387807
-34.705266955267
-18.668457735841
-162.383387445887
5.223296722808
-32.132325627931
-37.208090954185
-31.838564213564
-183.096528905123
-34.264999323593
-47.441468253968
-33.758145066739
-33.060703998692
-156.841638342127
-161.294274356286
-151.82674963925
-5.679465553977
-200.395181587076
-150.739087301587
-28.092151284046
-35.272186147186
-36.130578947962
49.568923752029
-39.410165409677
-183.097480102363
-210.30963443024
-32.212732092127
-90.3343049637
-36.632756132756
-30.707000952606
110.035090723079
142.75087369228
-187.220348715954
-35.765131082026
-33.562479566874
-38.161858540765
110.483508353626
-197.649781154176
93.190004819399
-194.333964646465
58.099567099567
-28.211219336219
-109.274994645112
-28.168449985345
-160.972603405709
-157.331266769255
-94.314033189033
-92.638590142496
-29.970057720058
-145.304473304473
-200.859467301362
-174.669490665584
28.888881138393
-158.011523578418
-156.238546176046
-87.735209235209
-197.496224803842
-93.680903623286
-193.553751803752
-82.136425640332
-170.812299191694
-9.583596145608
-32.275010146104
-201.099927849928
8.206168831169
-43.476272913285
-162.93062531002
-14.123286435786
-26.155594026199
-158.498389306006
-173.388868455763
-172.307248686643
118.419039727633
-197.913059163059
-94.347590723079
-69.41647854099
47.10562235074
11.278118095013
-148.335348110006
-113.476448356331
72.636737069354
-33.727932224026
-48.429465553977
-31.308642366748
-85.07042875744
-39.352715914728
-141.07605632215
-52.220258528364
16.618596681097
-32.174992108586
-175.23347523787
-42.430532656363
-182.673959178842
-172.295274170274
-150.504066192054
-176.373459060471
85.987095424107
-173.587994904401
-30.517316017316
111.806215052309
-29.746843434343
-196.479527417027
-152.686758066153
-36.200654705538
-173.77608464669
-39.198843203238
-120.988796305691
-193.985008426903
-149.506431502525
-92.097863751916
-180.855326422709
-98.380751572646
-92.697601010101
-78.272727272727
6.940594561688
-90.409985034497
51.47897854099
-38.446240445752
108.219096306255
-134.310606060606
-202.267406204906
-82.930617559524
-184.164023042929
-148.699092980587
-190.173623793741
-163.710129334641
-161.618042872926
5.133665759154
-38.991854933261
-83.022366522367
-180.614247243642
-30.277700272817
-174.393558210453
-38.436119002525
-180.67219629329
-95.483676046176
47.170745541351
8.175226737238
-170.755060721613
107.276677559637
-182.387626262626
-27.073482452877
-154.834686147186
-172.17088505028
-154.465265095148
-204.622753060741
-193.369929061824
-146.897649767767
-152.730457476551
-41.138610575622
-102.02217839669
-180.802386307269
-30.611574731692
28.76251564191
-168.167991296898
-152.020202020202
-129.271165900072
-29.477994227994
17.841970908865
-165.91523141572
102.018918960814
25.789133663645
-79.587314269931
-170.069075943588
-41.665494227994
-199.748889565296
-32.799139554022
10.001332380727
-35.856413605925
-184.102723665224
-199.014069264069
-30.839208209325
-156.921384604978
-79.329517270924
-187.171524113907
-106.737180679564
-39.522193897682
-205.228903854392
-90.674623607729
-137.440025252525
-142.606449540043
-30.208320650703
-51.196255946744
-195.376806217871
5.102891357774
-57.020652958153
-192.261183261183
-87.641115395022
-188.99981962482
-171.758289507801
-100.854377691536
-189.629391008297
111.664033259492
-163.284644717262
-103.14125419936
-170.392197646104
28.549701112689
-94.321158008658
-96.273629148629
-28.765241702742
-198.732544826051
-172.525432900433
-73.404063303233
88.095168340774
-35.425345108451
8.414793160399
133.637536075036
-107.829787833694
-175.387474071068
-38.700795975942
10.699494949495
-24.314213564214
29.42515205064
-45.525510405393
-82.922696552579
-190.771825396825
-152.100912162924
106.525876087888
-32.213273217668
5.353365194918
-192.857135106647
-152.966352278364
-193.59910841112
-85.684155308667
-183.483307545319
-184.924324861337
-168.975316783911
-182.714027834145
-11.1723893511
-93.279130591631
8.335678210678
-77.189664502164
-190.271222267316
-69.440448006854
-35.313069309163
-9.976904226416
-88.69218975469
-32.445727503833
-185.411366031971
-28.223675440228
-41.770714962121
-204.286082786571
-205.351649164637
138.090991528003
-39.791957662563
-201.548701298701
-37.071428571429
-172.760461760462
98.293220288826
-35.867506679518
-23.489705932089
-169.727202972808
-40.650974025974
-194.903220965233
-146.203455452967
-82.060425685426
-173.441370315882
-136.713383838384
-0.741785178797
-147.427919682314
-96.204483450577
21.269570707071
-158.938471630366
-39.037620907738
-75.675963738952
-39.056477864583
104.600669783775
-157.058250966698
-191.72123015873
-95.357683982684
-169.784070475965
-69.961080179586
110.376020247114
-76.246853650906
-145.892828959235
-165.638278008883
-193.719155844156
10.245282061688
-166.121823001218
-85.05571549761
-172.546987734488
10.375623562635
-28.797729668335
-36.993333868822
105.180354747249
-102.145124515242
-163.792097171492
-26.166584229573
-50.788698226687
-88.928779987374
-42.069366939484
-192.549159987148
-41.220980029085
19.460838152733
-122.70489845441
-184.471959409948
150.07492545432
-100.170995670996
-91.041055786661
-141.62421649531
-50.382305194805
-76.877517502029
-32.320083508072
-151.203823953824
-177.886265698277
-11.305091934975
-26.268697014791
-35.568722943723
-101.043047664141
-34.904421587527
20.551697922303
73.274721616274
-141.726940160534
-29.008006262401
-35.631403318903
-146.925497300009
-185.387257761769
-188.238899175911
4.125082437094
62.495658313041
-196.258374763258
-30.50547325938
-80.06230694219
-36.455975773359
-86.538157101145
-90.779609713203
-162.271354025749
-175.265331890332
-144.135301818407
-201.009588068182
105.878326724274
-23.569083694084
-33.728903854392
-200.143308080808
-84.125901875902
-86.340478586084
-88.233016549423
-128.95174963925
-124.466367779356
-113.715756899351
-95.90060305905
46.50650125699
-28.170877299784
-174.786878973891
-29.076922263934
-50.45699320211
-187.630764255276
10.294101731602
-157.061938441333
-115.427780173386
-30.797897360886
-157.533397591991
-23.302509610615
-91.092269655258
-145.383928571429
-34.709879204996
-165.149288645382
9.56746031746
-195.983245541351
-34.628607503608
-195.524793836806
-197.101821789322
-154.264007260101
-184.498106060606
-30.055006679518
-150.946227763122
-37.014159451659
-93.308351370851
-31.381140506629
-86.175224271172
-35.224046407152
-178.200396825397
-121.295725108225
7.678751803752
-175.869957245446
60.239739047845
-226.495330678436
-202.563860564349
-118.769562956575
14.763265326254
-38.794161269503
-31.585838152733
-30.172549293155
-79.232934112329
-166.457160894661
-81.041558512017
-102.862997300009
-34.341638342127
-41.776813897908
24.409008471997
-199.222480102363
47.007472887356
50.277257085363
109.095160590278
-86.60473597583
-177.762778454185
-163.590625845509
-199.509768443362
-52.771075712482
-152.053932178932
-152.208861776245
-29.642578829591
-109.647124143218
8.61562049062
-37.215470835588
-95.199945887446
-80.558830492424
-31.574072195166
104.695925846072
-135.543991110886
-104.943104313222
108.840200272817
-186.67498435809
-26.473775844381
-35.159083158595
-32.002053881448
17.839716219111
13.099837662338
-37.093725339331
-162.480068542569
-180.158487779582
-70.037600474612
110.711871082477
-29.805112368101
112.396717242176
-93.104089161706
-96.691926942415
-99.557166249549
-30.843151098034
-101.487816924829
-174.627504819399
-33.884497880592
-27.388340012852
20.121851184839
-106.549242424242
-34.507908324315
63.153380907287
-199.765610203598
-190.397469392587
-24.860209235209
103.408930967036
-82.218156030168
-28.665695036301
-166.661678165584
-36.544671040765
-193.805555555556
-171.15393753382
-135.428468558351
-156.966893403905
-73.231178977273
-46.63056344697
-178.151424963925
-164.398456523945
-149.362435741342
-46.484557488952
-37.345786971275
-173.830344460227
-91.791674417163
-183.311778499279
-144.26625419936
-39.294470232459
-172.922160359172
-137.050337357955
114.792388167388
11.718877530889
-122.505800189394
-184.441107503608
-97.343807776425
-152.063943001443
100.623729623241
-152.894841269841
-171.790223665224
-142.833062770563
-76.853071732955
-25.792588975694
-35.281377530889
-47.874077690972
-82.590097402597
-41.446408138303
-37.609204489087
-170.934155308667
-113.774641645247
-172.156753782242
142.877537935155
-47.595786971275
-35.675623421717
-32.153491528003
-171.371044428662
-186.199404761905
-209.622925685426
67.055166621573
-187.531004097899
-98.905663780664
-188.643398268398
-144.564040939529
-190.17566499256
111.269923706935
-93.380419005907
-104.66551466112
-37.264783014295
-172.738644114132
-40.095055253991
-195.956259018759
-164.276424963925
13.902326839827
-67.931555369544
-28.765308991139
-158.710407647908
-154.968181747723
-136.994289998196
-39.740087115575
-26.954565887671
24.43071549761
-186.921807359307
-0.417650979663
12.538878601867
-108.63047325938
-90.586322206439
-147.895279525162
-142.734036796537
-9.994117373512
-32.310446118552
-126.496572871573
-31.638979076479
-179.315836940837
-27.476613230519
-198.630210447105
-80.667187359082
-37.881916260823
-76.965818903319
-109.437700808306
8.445003537045
-123.859549738456
-98.721292162698
-46.132665945166
-159.837925149937
-179.143037518038
-91.086837966721
-189.737927545545
-174.845882090999
-169.305277242289
110.480421542433
-155.696797072285
140.69887138686
-149.636343203238
-35.15568421379
-116.326090142496
-31.851551226551
-28.664744543651
-144.17715661075
-95.453532957927
-30.672340734352
-41.475080041486
-35.122294372294
-28.31996513686
-39.93742249504
-186.240321744228
17.945957200352
-85.561237373737
-40.568653189259
-182.456467577561
-94.687430245536
-126.355960201907
-43.200930200442
-124.134199134199
-29.922536610525
-234.677017806412
-201.988566609172
-164.01224507914
-27.491542799648
15.555187054699
-42.985549552444
-193.184884559885
-33.801406926407
-192.109868917974
-166.291228411346
-86.426053926542
-176.745227808216
-33.930743681232
25.300214054609
-40.675334891888
-12.135101010101
-98.973943536932
-21.321899942505
-191.314824444219
-169.554050550144
-20.256112323007
-105.991542799648
-190.695805008793
-37.262994763483
-75.967532467532
-161.231862077809
-125.644127519616
-33.79060484871
-34.793998861382
-174.425505050505
-175.851801356196
-67.051788109894
-180.802231297348
-29.818550319039
-192.966367779356
-81.605310921717
-121.88751564191
-154.382034632035
99.362894429789
-199.809245496257
-31.720065470554
-80.37029756268
-27.9568001443
-112.382846320346
-32.60378548318
15.217952755795
-87.039314038826
9.942540288488
-178.582078457567
-39.405565842578
-51.696310200216
-187.795086044598
-143.29310966811
-138.93559831011
-37.215007215007
104.190308497926
-40.71539614899
-185.410624098124
-84.222513218119
-140.261002886003
-128.258269074675
-187.397990085002
-28.733704229798
-188.43453156002
-150.593606968119
-198.962752525252
-149.493506493506
157.40645503585
-32.602174789187
-83.211600519706
-31.357413419913
-31.440754503743
-178.202278082161
-204.539342222448
-163.787350344968
140.156743565679
-191.37317581507
-146.226821789322
-72.735397360886
-47.526417213429
-82.064283318678
-73.369658499053
-174.19506800708
-173.463203463204
-95.8269173318
104.77646336411
-176.243764373647
9.014770331665
-150.021204300257
9.447248010236
-31.465540590052
-184.540924732819
-46.478612858496
-165.962842712843
-174.688151746257
-114.460961456079
-183.819923566017
-30.086459249301
-157.418851601957
-173.889721010326
-35.971312595824
-33.13178450239
43.74044011544
-160.768496206484
-12.161054602949
-181.298348298837
-39.29998435809
-29.496843434343
-141.744588744589
-43.281565656566
-85.949113766008
3.778922032828
-38.592993622046
-86.363644114132
-161.314115626127
-186.778401340413
-77.798701298701
20.258317691423
-50.608573175956
-129.242243867244
-139.901806147412
-35.138360445978
-160.998938182044
-160.14908008658
-153.528970649576
-41.133560070572
-168.609188988095
-178.500262812274
-28.305673926768
-197.695588699495
-153.919921170409
-78.995420866026
-34.944985569986
-186.491460362554
-161.022608901515
-194.375188125676
-31.629932133838
61.214556277056
-34.403609899215
3.144833519345
-131.695366753472
-37.353354978355
-89.396722526605
-94.956058210453
48.192091816604
17.603084415584
-29.514252105317
-38.914973535579
-104.59632034632
-0.200737142632
-31.061708744814
-133.389630822736
-157.706439393939
-165.036366031972
-72.218975468975
12.696586047416
-97.451569264069
-118.361209049197
-2.552960548566
-37.473013477408
-164.376443001443
-109.781988410895
-35.511634199134
-164.031462786346
-160.053550995446
-171.622294372294
103.295081112464
-34.595438903544
52.327187894571
-136.052198181593
110.510101010101
-143.28012512119
4.472232438785
-36.815406436012
28.378176998782
-133.74600356241
10.620470187365
-67.304756549874
-34.245753432765
140.726200692753
78.623905066288
13.386273448773
-137.21330140129
17.349116161616
-159.848381978265
-129.04519173318
-147.240009610615
-164.748196248196
-197.280122655123
45.202380952381
-202.045441862825
-154.72228422619
-38.095168340774
-28.936250056367
152.995222523787
-205.013507705402
-182.341720779221
17.097224688289
-33.505403504915
-84.13264551204
-79.761015568633
-90.619220243732
-101.88484312996
-189.559606246618
-176.224677720283
-118.684987430105
-34.759933317551
-30.838085091991
-121.489378297484
-162.820083508072
-148.235299422799
-143.278929783324
-160.520743145743
-31.694395123106
-186.759928385417
-30.8152880648
-184.156467718479
-30.096861471861
-44.341640808194
-29.566349882756
-76.044372294372
-30.213641718525
-186.582694269706
-31.961920403815
-84.830287388393
14.375881442776
-19.077393635011
-134.364558672664
-112.812840317235
-184.830960272367
-165.296910229527
-178.896103896104
-32.394181773088
-172.235209235209
-28.691218124324
-145.707611832612
10.26146157445
-75.804805871212
-40.735126798115
-185.369588744589
-157.006473073368
-145.933830492424
-170.742875180375
-166.223456664863
-154.530212842713
-75.207230649125
-84.518238326344
-189.297270979888
-110.630042754554
104.10309216608
-84.567821067821
-141.697067635056
-152.90298633658
-93.511453823954
-152.165223665224
-5.593246217758
-39.614788369183
-179.321379602385
-86.908361657873
-153.419933853039
-186.396825396825
-194.097492784993
-152.705898268398
-35.403880461986
-176.140089511183
-33.950244633838
-176.843191964286
84.472070030664
-167.751254875767
-164.583333333333
-27.28363997114
8.147376738929
-27.365329494724
17.885070360412
-206.986750174738
-211.809315250721
-171.623716940611
-189.902424777913
29.340640994205
-40.435523623512
-135.328893708288
-81.760010822511
111.000803937816
-160.582243331755
-30.994318181818
-108.9007112137
-176.452388702877
-183.681740676858
-135.600579596185
-83.142566146961
6.881230694219
-152.735459364854
39.181470114087
-35.566120186237
-20.881104572511
105.270534586941
50.84326171875
-204.343331473214
-158.836206653589
-37.050685425685
-42.225095542478
-149.359758297258
-195.174512987013
-96.4540120795
-34.544983174378
2.117965367965
-34.224935600424
-27.673618861607
-159.413319156972
-7.650695712707
-147.651334776335
62.362714054609
-36.786886724387
-34.523268398268
-36.648817274306
-31.724123912112
-99.132936507936
-22.829274891775
-197.111412323571
57.435144906092
-52.049415048927
-183.099644604527
-164.901257271374
-154.194985569986
-192.266053391053
-160.995781616387
-189.512974330357
23.114280359398
-155.978272541261
-155.74541311553
-212.022997835498
-177.461878832973
-31.472480102363
22.866883116883
-158.989177489178
-13.75792875744
-28.465105153093
6.732114673521
55.590110085227
105.894653144165
-107.527314157197
-205.93768037518
-46.857495857008
-150.266684704185
-32.21626984127
-153.131936693948
-182.442308125902
-157.510379323368
-187.410095655213
-160.977473535579
-89.537780849793
-198.310536306142
-77.782738095238
-98.538051412563
-191.657557720058
-49.691738816739
-170.735369177264
-185.133727763122
-41.251224226078
-163.533291903409
140.992506679518
-162.747273939168
-34.640602453102
-82.889687894571
-39.666043104031
111.70939515129
-160.680292743281
-41.286353349342
-195.02207552647
-89.710214590097
-28.383949004554
-8.903499278499
-186.034964601371
-144.132784316378
-41.742181863276
-30.7327946034
-93.995109437004
-191.984861167478
-205.007653262536
-120.272366522367
-118.487365986878
-151.604076479076
-35.128968253968
-174.051955802444
-169.657106782107
-22.684433621934
26.163128917523
-175.216651024756
-38.289862914863
-28.27694565634
-33.789945351957
-160.614337431232
-36.927107994003
-163.484237604843
-201.948843203238
-109.088855209461
-142.788157101145
-44.174139554022
-192.906295093795
-154.540494227994
95.974464229347
-154.834222526605
-153.396755642361
-32.074883883478
-76.104006724612
7.122085813492
-86.308621933622
7.703442770337
-144.521701741184
-34.595300099206
-91.14898989899
-84.457799958288
-189.018836523719
-151.159083158595
-152.535701603084
-180.143751268263
-31.740891053391
-144.156836219336
-135.83676046176
-199.695805008793
-75.16559216608
-35.234585672574
-33.430117300234
-35.14888702877
-28.626893939394
-83.743326118326
-85.672881859894
-28.553321298927
20.583152958153
-79.469127660534
-143.054834054834
-193.756042568543
101.86066017316
-30.137896825397
-160.72419859871
-185.286456219562
-80.796356421356
-165.895743145743
-115.469516594517
1.426126147073
-128.492973118461
-33.328630896014
-151.220848975244
109.69524838226
-35.088175279582
-185.421106291712
-31.631944444444
-202.13770869972
-211.029032653544
-151.942578688672
-79.05841337482
-35.145853766459
-0.643189709596
-196.355810476416
-26.334387400794
-194.75449669688
-192.062479566874
115.987175395134
-167.353543104031
-86.153427057968
-140.991050995446
-24.656905973801
-158.311237373737
-179.416847041847
-152.689734256629
-42.369235744724
-95.103063982459
-194.14917027417
-76.182060560967
-158.078906390918
-43.83362432923
-192.082619583108
-76.402028093434
-95.4528938943
-6.551927618822
103.436899336558
-191.416937229437
-36.743985615079
-58.252767631674
-33.360410043516
-147.227953009447
-79.089937460543
-33.745011498918
-94.539169597763
-117.519743331755
-40.365179769233
-177.952942511048
-95.528048340548
-36.317037563131
11.611100894548
-29.255591630592
-177.107503607504
-156.738739233856
-192.364205672799
-146.230942234848
-126.231343851461
-186.662801282918
44.304272496167
99.213373621821
-143.570256132756
62.874541311553
-29.649288645382
47.262724200712
-188.458312900207
-143.772005772006
-120.79300679789
-182.920725108225
-157.186951123963
-111.129058441558
-37.055403363997
47.810696248196
-175.730158730159
-94.562056812545
-150.762445887446
-25.367625050731
-134.361221731827
-110.059413188808
-194.591901154401
-91.864796119679
-196.614259926272
103.540153910759
-171.660263347763
-180.446165759154
7.432910649463
0.438672438672
-119.894091585498
-175.991646022164
-33.289404226416
-34.780926592938
-25.114169738681
-32.703630896014
-188.169114414232
-99.809093304699
-30.192821067821
100.7414941829
66.924332611833
-186.914592352092
-36.829823767812
-163.011085323097
-29.476108039096
-144.149149841044
-26.15004396645
-24.779310966811
-36.132936507937
-197.197129639024
101.004952566964
-139.837010591405
-177.317821067821
-36.60119047619
-87.137876392271
-148.907377344877
-81.066189940702
-155.756140506629
-199.747564935065
-181.824523133117
-32.47495603355
-28.484495484984
-32.279741471636
-75.775510405393
-153.889187635281
-162.319617069129
-35.904310966811
-207.29241635101
-206.975386538375
-3.074494949495
-135.493777056277
-39.122371877255
-180.535714285714
-185.226940160534
-89.281372598755
-145.391486361945
-20.343524531025
-96.744109623016
-49.213724155619
-31.169660824202
-36.194083694084
-52.971340779446
-155.382137502255
-142.449425195031
-9.021722526605
5.693251572646
-192.323433131539
2.584312714196
-149.221652913059
-182.323392265287
-67.032668340774
-32.503615254104
-40.308199179293
-189.637172858608
-87.257833637716
17.282898037293
-96.73079004329
-28.562868500857
-198.153597216586
-108.187479566874
-198.272629334641
-37.50966275478
-114.250368500857
-25.871753246753
-197.316538008433
-76.911636594742
-157.427571614583
-158.292200041712
-180.702180144075
-92.721771284271
-47.193825813943
-188.94984794936
-28.015249453238
-86.111402107008
-145.576110575622
-221.903318903319
-198.154663966676
-30.130321067821
-82.823342943948
-30.535902411391
-165.899961529356
-92.442620259515
-31.277228901741
88.976301096907
-109.039592352092
-195.500713750226
41.323129453012
-83.390422077922
-27.291458107864
207.891684704185
-116.680284992785
-49.986762857368
-165.63265819467
-28.408000907513
-145.904872525478
-25.178488991477
-0.354236421131
-148.321851325758
-106.989337431232
-189.97602278364
-201.861123793741
-38.965901340413
-38.064241747835
-155.421786926181
-205.931748427354
11.155060651154
-39.176857864358
-187.214115555668
-166.248397056503
-161.385940882035
-90.518668831169
-41.521645021645
-30.085345643939
-35.812028628923
-166.955455080943
-178.614259926272
-191.765262135868
-10.616883116883
7.351170043065
-193.42515205064
-159.234668109668
-88.049041615936
-51.437659942054
-174.047250546762
143.397005772006
98.142488642
-177.585039147051
-191.141955266955
-35.615538053526
-185.084866522367
-34.467893217893
17.541105108
-38.870199624594
-191.690496623602
-37.958985079591
-165.317452566964
-38.049139554022
-14.538242004306
-128.524649395743
-194.587489712978
-37.359126984127
-181.393406018894
-89.708052554
-178.924250174738
-180.593642902237
-150.835116652011
-179.923458919553
-171.582050273945
-31.845328282828
-159.511904761905
-98.002808497926
-203.902216219111
10.727032814191
20.447157822646
12.533008658009
-43.495031932044
-27.523927895022
-31.069186564304
-183.67612861314
-33.574466765873
-187.912345412834
-160.945333637716
-25.7726473017
-183.251520506403
141.495601241207
-1.645943954049
-34.258116883117
45.362090491973
-155.218524531025
-80.524198457792
-30.83917509357
-164.577631082026
-138.465708282603
-33.085129334641
-192.984217171717
1.190213378202
-46.934516059028
-133.006485755997
28.224837662338
-157.952180144075
-33.752705627706
-171.21895503585
-42.934773939168
-126.979957921852
-147.260752756358
-101.199755295703
-167.532918470418
-98.793269610164
-36.300968671086
-133.248216681322
-145.557186682675
-153.766607199224
-33.629336754825
-192.824827516234
-185.243965181953
-174.490058931954
-54.621843434343
3.619691614809
-197.026036029942
-166.794745727363
-189.209413118349
75.056006493506
-27.698585323097
-148.699056694174
-36.590909090909
-35.112185611697
-39.003074128562
-45.114911672529
-189.05284992785
-30.68423034756
-153.153970649576
-150.225010287022
-144.391602267091
-107.720508658009
-35.153499278499
-163.3363997114
-30.43090855542
-50.692550505051
-197.495830937725
-175.436347994454
7.610652422664
-165.509670505276
-146.729797979798
-87.543818486201
-87.974309219426
-66.397567330673
-70.28145503585
-192.17237666847
-30.667588975694
-142.651257271374
-160.203344832251
-110.121670809659
-146.745851370851
-152.423368731962
-35.755042754554
-89.171176046176
-152.408557534046
39.07693001443
-80.062950937951
-150.841999092487
106.240718428707
-33.54998435809
-169.843282151876
-145.415952916441
-195.188692871798
14.516594516595
-175.975005354888
92.448675510687
26.746204370716
100.770294673859
-185.057351556863
-30.45200751939
-143.358212425595
-136.69046843998
-148.302128427128
-36.664772727273
-36.085518268624
-29.252948006854
-153.344073407062
-35.438110880005
-159.027424777913
-157.551827214669
-56.052239047845
-49.456251268263
-155.841741212347
-164.482343665449
-201.745859121347
-174.147817460317
-33.382694128788
-44.072088068182
-157.659090909091
-180.279581529582
-34.826007705402
-40.890852582747
-161.458673650568
50.912329911842
-95.462100778995
-192.72783428594
-193.644279711174
-0.777777777778
-167.714896594291
-30.053323764994
-44.182359307359
-33.584784085272
-195.797827606421
-135.054813621708
115.688311688312
-0.461678024666
-208.222312409812
-32.409541847042
-34.010629453012
-202.145312640918
15.706960086355
-164.138347763348
-78.041785037879
-37.596057534046
-90.012273262762
-37.887889074901
-162.819173881674
140.148920144526
-39.191849437455
-37.225546480429
-184.282369594381
-144.092725525343
-32.326048571654
-176.217560651154
-211.271637271149
-159.300407112419
96.358114487509
-40.597763347763
-130.396714776109
-185.322129639024
-186.226461038961
111.017676767677
61.691308311914
-201.177551181457
-191.103903854392
-117.185848439755
-179.217442279942
-36.502242007125
-184.526605339105
-37.372634689529
-29.378955571338
-38.634920634921
-79.12786556976
-167.566926942415
-33.263448167501
-35.21643753382
-125.226288414277
-78.547328051723
-88.129176812771
-201.118416305916
-39.405844155844
-90.970328282828
-154.496495366613
-153.954996392496
124.662307012649
-193.681838614944
-40.977891357774
-198.563561817956
-127.549615857233
-188.163780663781
-39.291125541126
-49.261002886003
-203.243686868687
-94.435147372159
-85.859024113907
-38.513798701299
13.167996581327
-82.771928267045
-36.948342943948
-29.777929969336
-148.266586766098
-164.486319669913
-184.971021247633
107.540834545229
-35.68740981241
-39.484016363411
-200.734938672439
-28.760281385281
-193.836788645382
-142.548902107008
-37.611103360615
-152.528589466089
-162.940643883027
-45.004231066243
-187.516073824179
-157.336289090684
-151.447588327471
-198.010163014069
-157.800334891888
-20.898090489155
-163.215999278499
-25.665854978355
-150.549845553752
-135.657377344877
-138.10274409835
137.632315411368
-191.452027952516
-38.700667388167
-177.99252218051
-196.219599031611
-152.133309940927
-152.987721805105
-27.24244467555
-31.050123867018
-36.393578643579
-199.418838919327
-143.849915167298
-179.411046852453
-159.852002164502
-35.289058977047
-120.263097633703
-90.870603707274
-39.057982869995
-118.407078598485
-87.831717707206
-156.59623015873
-78.364280359398
-33.842782597177
95.3297053966
-40.412948542343
-33.415313852814
-46.199327256944
-80.404754154266
-166.314651467239
-36.197670764565
-129.354367474973
-49.848142065183
-36.55581836783
-28.270841083829
-35.871302308802
-137.24992249504
-45.614796119679
-82.540110578441
-186.8747167546
-37.500894125406
-30.301587301587
-198.219967532468
-161.817632942145
-179.250639063627
-93.984016363411
-166.707689337572
-91.659083158595
-75.031302844291
43.912440532558
-175.913989222583
-199.232846390805
-37.61743199292
-161.616883116883
-33.249000186012
-87.439906881313
-25.259129379735
-20.951097892992
-73.63006318768
-115.63463738952
109.755230880231
16.541336565995
-38.051394243777
17.889089697195
-190.103826349432
-151.225737072173
-37.749902061914
-155.471042033054
-36.527867965368
-38.335227272727
-150.43932418493
-89.304230925325
-166.054383116883
52.483936392384
-94.409611601506
-24.344995716089
-172.737082741477
-174.559163059163
-190.068625005637
-34.721570475965
-35.884948818543
10.242702555691
-123.087732092127
-100.816669062275
-25.255869943858
-29.444694574089
-30.756872223913
-83.177239047845
-161.520299958288
-134.198142135642
63.288710909316
116.635101010101
-47.334846089241
-37.94027538217
-29.692923938041
-32.803682049288
-0.784832842938
-185.822623909294
-141.150412467307
-21.512994763483
-200.501290809885
-41.521354025749
-162.296606551001
-100.44244763483
-35.252512569895
-32.13483044733
-89.987041170635
-31.557418845261
-174.767676767677
-140.845217662112
-90.301865614854
-195.213945397051
-118.67228648088
-187.327548644931
-158.498827561328
-146.397637085137
-176.509026509515
-85.463141459235
-28.702741702742
-29.756776751894
-155.430284992785
-31.810724431818
-166.351558977047
10.36229130028
104.079906204906
-196.697621443227
134.462654587166
-32.871572871573
-40.027514965503
-190.536616161616
-205.867596867109
2.626545871663
-26.037337662338
-168.247462064845
-92.810876623377
-153.862935296041
-157.963772772367
-162.133817950712
-55.739095052083
-32.821851325758
-168.946158008658
-75.941738816739
2.507317877435
-154.085219522231
47.196129825036
111.297077922078
-167.767664085047
-32.969717402823
-36.862095424107
-159.739197922303
-34.957160894661
-33.973374227769
-27.405483405483
-163.616169366658
-36.128980936598
-41.698433131539
-157.932519249414
-34.076388888889
-38.118936998332
16.241674558081
-92.048430735931
-167.550123867018
-134.600288600289
-177.737636549648
-138.653118095013
-192.654138342127
-181.417650979663
-160.086572336084
-95.651334776335
69.302571614583
-155.549332611833
-144.457341269841
-34.584255642361
24.943272005772
108.401066679631
-144.748356190251
-87.942759063853
-86.881583694084
-155.263187821293
-35.027965903454
-153.895452149847
-144.132784316378
-43.209804518398
107.424435482053
-128.641664271059
-32.495482869995
-126.572322696834
-40.911054602949
-178.69306344697
-100.934794372294
-100.406032281521
-39.655601776696
-132.281627660534
-176.170913233902
76.288597822533
-155.306715311598
-178.660595914502
139.520402828508
-195.109487734488
-102.306900618912
108.148719336219
-177.578110203598
-41.745573057585
106.000443187455
-99.092532467532
10.658036841631
-179.855179163285
139.451656985593
-88.565115440115
-108.588293650794
-190.200765326254
-36.861832611833
24.028929783324
-35.619969928075
-187.507472887356
-82.526806147412
-179.588396521014
-74.924159987148
16.557449494949
-29.908980288375
-161.157124749166
-173.405192409587
-50.567620259515
-137.006513939619
12.868679118191
-37.965540590052
17.528200532107
-189.551677489178
12.143959827065
-83.690656565657
-35.290051040539
49.917047850153
-84.783176350559
-47.083756087662
-73.16168591608
-29.77199802151
107.188561817956
-189.934060188943
-45.073523319129
12.047619047619
-0.386827256944
-36.490009610615
-134.039509914998
-150.253427128427
-32.426767676768
-162.444895382395
-33.955877835272
-176.399899525388
-155.277494532377
-171.846480288375
-71.36707124256
-144.697420634921
-86.358072916667
-35.231774356286
-175.894292393804
-150.539453195459
-106.340007215007
-163.473062094156
-141.008998325893
-128.946871758883
-39.13092948176
-32.344078339196
-34.369781802399
-24.864350113862
-28.680362497745
-31.415702786797
-88.724116161616
-87.27380952381
-39.597034096546
-148.487935296041
-89.443354442866
-105.889888702877
-188.320075757576
53.613365800866
13.20767383658
-95.6808056852
-28.10310484871
-43.649809337798
-203.163953288465
-32.018024835408
24.10978648088
-54.379226134109
-37.086587837076
-40.51911976912
-168.164259785354
-99.742937184343
-42.755070938176
-99.976849972944
-176.704094516595
-89.729895917884
-179.479264604753
-189.633650258162
-38.443722943723
-177.88914676903
-33.756140506629
-95.361394356512
-155.428661616162
-33.764783014295
-69.160013218119
-101.713834776335
-184.594696969697
8.030122655123
-192.051316738817
-39.657750777868
8.829743796785
-163.16619529559
-195.61534992785
-157.384011008523
-169.774822020427
-26.648600965007
-74.382768815386
-117.691656379645
-28.665143694196
19.236500045094
-175.447773634785
-67.077824139836
-147.675394429789
-149.757202324585
-133.594586348981
27.760832727385
-25.208854025749
-139.454983709866
-36.164489481872
-148.547245614628
-36.704725829726
-90.350087791982
-159.558080808081
10.63638406949
-49.695423825307
-31.659804659316
-65.033008658009
41.164600102588
-25.336871082477
-194.115862869769
-33.805202555691
-28.089757085363
-36.562700808306
-175.905462972358
115.416867474973
-25.708145207657
-38.955328959235
-156.091720779221
-43.080197200803
109.564906881313
-7.497827747339
-35.193722943723
-95.210698643804
97.757333378427
-158.313971185065
-35.539231601732
-184.957062956575
-45.953623145518
-178.670918166035
113.37787825239
-35.894743331755
-158.688824630231
-80.57433500744
-179.605630101236
-101.697121888528
113.128246753247
-168.246933621934
-32.171093609082
-108.65576171875
-99.609057229663
8.538231787744
-172.090339781746
-35.10102278364
-205.549262857368
-33.696526509515
-200.379238816739
-37.577089956484
-124.992952685336
-127.156315526921
-33.103818598936
-36.735119047619
-158.16533428594
15.280753968254
-173.860291672303
-33.540744357639
-110.373266002661
-200.987361054744
-104.103903854392
-37.984856235345
-87.08658008658
-172.012175324675
-88.852826535444
-33.393017084912
-3.601932410038
-162.423242610254
-176.645755828373
-178.187708558802
139.937848067731
-184.07033856985
-29.479056045951
25.458451704545
-192.837379092262
-36.508678441784
-79.635752756358
-27.606248731737
-152.326757389746
-82.534992784993
-36.586219336219
-39.914494414006
123.407266724161
-150.187922754329
-27.506565727025
-35.532078598485
155.811154936643
-175.314775122881
-87.181978123873
106.946897476439
-166.333495741455
136.487051387198
-178.6636002886
-142.779331399937
-36.819416260823
-135.683441558442
-38.141303520698
-179.44793357684
-190.637966579861
-30.187868500857
-29.674410116793
-164.10856542546
-40.9175065386
-164.725669783775
-179.798242610254
7.551657056052
-91.537036449878
-176.967192150298
-32.25018037518
18.301948051948
24.363025483631
-79.053779987374
-165.912267907873
-94.223603219697
-111.800775613276
-99.585657777552
-166.279504024621
-41.937708558802
-30.267316017316
-179.210588023088
-81.207681587076
-164.888195571789
-32.078213073819
-146.674304075915
-191.492715238321
-186.774899525388
-39.306174186057
-148.601267981151
117.577460923408
-178.700487012987
-170.934884559885
-169.162801282918
-173.066538008433
81.423811919417
-154.832874644886
-104.167540358947
-42.533972537879
-103.303849741838
-82.982864357864
-178.135724572736
-157.80275974026
-141.770111832612
-85.003259435877
-38.77426046176
129.932178932179
-100.738185425685
59.633665759154
-32.528597216586
-114.802120676632
49.897526464421
-31.853076665088
-41.985832797845
-39.720147907648
-174.757457386364
-33.654581529582
102.341089466089
-34.767586580087
-78.909181096681
-210.022837893443
-126.999757620851
-28.548167923656
10.487270867154
-52.938020692415
-103.166138223755
-159.866141183036
-42.923360981466
112.515262135868
-164.769508703102
-161.927489177489
-199.057908183396
-111.07023569963
-168.912420099432
-186.378136132531
-40.508915888799
-75.625110620716
48.809704184704
-46.117805425911
-153.046016104122
-162.018037518038
-156.41532160331
-34.227723665224
-100.985930735931
-32.17326304338
-38.124348253743
-115.239190171807
104.091089466089
137.838924963925
-40.443792698187
-146.310987244093
-34.44514551204
-31.697080317686
-157.5818001443
-150.545794862689
-31.362201112689
-19.313061558667
-29.235381859894
-86.713203463203
-84.096402783414
-126.668400664006
23.640582019977
-141.743748872655
-176.384928385417
-166.794810549693
-40.976711168606
-93.249992249504
-105.611471861472
48.083493275388
-46.103174603175
-52.778589466089
-30.465167157062
-157.386203694309
-40.2520947477
-30.200757575758
-187.646402642496
-76.878865383748
-191.390241702742
-87.145382395382
-152.456181513799
7.911314949157
-78.054465553977
-159.585157518263
-118.801870546988
-169.667929292929
-30.930187054699
-85.117715238321
-42.177136177624
27.13160412721
-30.362443491838
-11.928231111337
-32.04147854099
-147.148747519841
-36.221222408234
-181.274891774892
-176.919552669553
-173.648629148629
95.718331473214
-170.110472047484
-109.375069754464
-154.183359121347
-16.417040099657
-159.916212910354
-95.227465785083
10.876971444354
34.072518573007
-59.091432249391
-65.871420680014
-85.210325210814
115.175517733135
6.130230880231
-87.786435786436
-147.709145021645
-187.452929828418
-207.069534632035
-177.29510154559
-41.737012987013
-90.793671226777
-40.23261422822
-118.194251386634
-150.940055902214
-170.086780894886
-197.264499768894
45.148636899125
-155.737914862915
12.498095844043
-153.021755642361
-68.976752034858
-32.82474507914
-32.7653938943
-85.096861471861
-156.382117069129
-160.014342292907
-35.751422568317
-148.644181773088
-135.286976911977
-151.23356542546
-146.150613275613
-112.226641414141
-188.243264114358
-182.009297072285
-27.361984803391
-34.320366753472
12.09986584596
-191.873827561328
-171.117632801227
-24.287628658234
-120.279671717172
-179.307712307224
-167.063672438672
-34.280635597042
-156.557377274418
-71.847049597538
-79.067578688672
-36.727522856917
-192.687041311553
-185.807982869995
-129.687159682765
-98.808150562545
-166.804834054834
-169.693071197466
-154.095057720058
-150.563492063492
-182.337920217803
-85.195063074946
-179.658029091135
24.725128658234
-47.434523809524
7.816280128292
-21.668638111021
-42.725559163059
-206.755493692505
-86.73365561305
-3.482052669553
109.291937229437
-103.335420330538
-182.481802539908
-24.870954241071
-184.968795093795
-176.639597706981
-173.421529046041
-180.200216450216
-182.199072195166
-153.496412929518
18.724559349071
11.179313362419
-0.002334660782
-205.245019249414
-109.314123376623
17.47276581383
-30.531655844156
-117.395299958288
-194.227994227994
-34.598294256742
-145.837051457657
-31.241272236878
-161.05283724522
-151.66829004329
-141.224394474883
-35.317993692505
-39.600649350649
-178.121219871708
-192.906565656566
-77.425144300144
-22.540223665224
-168.101461038961
-0.953445236404
-167.039682539683
-145.682789812184
-43.829913955402
-37.762613579996
-58.024621212121
-157.432178932179
-54.323510636499
-108.846812502818
-155.754517130005
-93.456259018759
-0.221418284407
-98.918490851596
8.885178515061
46.194166131178
-21.075216450216
-164.18072818024
-37.064123376623
-165.59116697105
-143.116862683757
-108.068001443001
-31.262598079004
-160.071972163037
2.362435741342
-196.894112018624
-158.685126939033
-123.351210909316
-24.075409508027
-30.148618932066
-140.914682539683
-32.995568125451
-27.646001025884
-122.699314574315
-43.905413651019
-40.311216940611
-42.206439393939
-31.866632987238
-83.483413233902
-134.724719291126
-160.318452380952
-185.046093609082
13.818269539705
-62.585768398268
-174.964826839827
-171.007936507936
-188.474574850063
-32.35913720069
-40.916035353535
-28.684253246753
-159.169449799333
-168.98573767812
-141.753968253968
-158.008678441784
-31.487396636567
-29.307331123737
-141.515700391189
-104.148649581755
-41.577839640828
-160.362984617379
-70.60217232312
-198.316280128292
25.791944979933
-89.514277822872
-35.491702741703
-38.371642626037
-35.768045268534
-154.471681096681
-185.505854442866
-188.811049248061
-181.631924011319
-42.496294558306
-35.409381904987
-74.891602267091
-172.275703463203
-30.613989363501
-37.45852145901
-47.281495902101
-31.303911745806
-33.224817229212
-35.704156520563
-190.40942347583
-39.619148023201
-143.511814574315
-81.579635642136
9.995871803977
-20.592179467668
-33.963752339241
-88.264131268038
-107.33927796379
-29.657557720058
-91.636987198999
-120.61752218051
-148.881854256854
-192.880140692641
-154.693189568678
-162.303772236878
-80.881764069264
22.475448542343
-33.077198111134
-32.65203584393
-157.131854256854
-152.843135597042
112.433864312771
-39.175893984488
-106.853883421266
-195.234938672439
-160.111572265625
-189.474665037653
104.991640737734
40.601741818295
-118.307429061824
-27.520583203689
-131.436237373737
-37.447789135777
-38.827208327697
-199.376996809614
-155.092712842713
-81.111832611833
-135.310724431818
79.683441558442
-203.385842943948
-203.793823418335
99.446526509515
-92.172077922078
-199.027589652101
-85.585956523945
-160.510794327201
-156.123466810967
109.030462972358
-32.060703998692
-26.584353580447
-167.181186868687
-115.812291441198
-163.659000721501
-91.489891239403
-180.700203767587
-27.854818412924
-34.169560420049
-167.75565363456
-85.808248500631
-42.657828282828
-37.559072871573
-29.725100474612
-81.233596075149
-89.609660359172
-29.873995253878
13.594606782107
-146.780295279807
-17.067648443137
-29.711752711264
203.097312409812
22.517163825758
-160.547639480745
-170.69715007215
-160.33467839669
-33.687151932269
-171.805076433983
-38.382338310561
-186.272977402372
-69.853813666802
-163.908722408234
-123.307920866026
-73.539674789186
-107.313561817956
-158.55107717803
-76.186876437365
-168.370240490846
-53.358946608947
-179.174118768601
-75.006493506494
-33.267148324766
-199.43490499301
-39.530573593074
-190.227543290043
-186.380591630592
-2.762724200712
-28.887154891549
-95.400592842487
-176.389680144075
48.178653865666
-37.500373432991
-32.644913490372
-164.733926175821
-32.145570521059
-195.097644976551
-82.585247705853
-41.691746567235
-158.967081529582
-98.241259554248
-104.39866261668
-47.257124819625
-29.332168645157
-43.501713564214
-146.805457617469
-120.978347227859
-39.247036492154
105.072670764565
56.082861962256
-189.625741933847
-147.13196487757
1.169372294372
-166.610417794012
-198.111742424242
45.744506307495
-172.603687545094
-36.023456523945
-175.113914676903
47.534930781025
75.301948051948
-150.670622238005
-38.005153375271
-28.180187054699
-106.3915120795
-168.742083925189
-157.446608946609
-148.020985524892
-27.153249148855
-142.445776825171
-38.772629334641
-162.678744053256
-186.825945701434
-178.867903363997
-182.16637567077
-191.997843248332
4.637257761769
-147.841177187613
-164.058724803842
-195.89068242413
-145.290854978355
-97.902945470328
-97.167125355114
102.576667202155
44.29357328869
-157.436229623241
-185.084866522367
-158.99512987013
-32.308261183261
-41.041924546807
-102.141073824179
-172.261265698277
-97.535235164141
-111.408647721636
105.858696479302
-105.698064630682
-40.111894615801
-32.017759204771
-19.107039986923
-177.618534677128
111.89439033189
4.078901458784
-35.830996206484
-188.162038915945
-136.861049107143
-72.127705627706
-4.062770562771
-43.765893448999
-162.379411441423
-81.069985569986
8.920704675099
100.566821253833
-39.76642189191
-6.801066609172
18.038079596185
-139.051705672799
-173.390422077922
-76.749729437229
-99.20183982684
-181.517656334551
-146.876505005411
-34.471397851281
-185.867867429879
-185.045544733045
-205.955537518038
-167.707954615914
-173.953012265512
-129.794995857008
-145.722513218119
-37.097132034632
106.749487058081
-42.407114532603
-192.545163549558
4.677579365079
19.85778192077
-157.309065121077
-41.829344646239
-158.1702946034
-71.388991759109
-38.021902901786
-57.063213750225
-168.624902061914
7.539862914863
-72.792179608586
-140.050226737238
-139.123654936643
-27.685425685426
-39.573786131403
4.242483780326
-29.014041080447
-168.822433317551
-181.352453102453
-77.093807776425
131.567730880231
-203.952208327697
-41.968003838609
-102.080898268398
-29.768127705628
-42.25592419733
-150.475440791847
-24.365267490756
-141.164440160534
-98.753336940837
-161.442468067956
2.798804168921
-119.837579900568
-128.15013415404
-55.1829004329
-25.820173695662
-111.89413245175
-146.637917258523
-29.654151024756
-135.521915584416
-150.588564213564
-103.350018037518
-163.232593795094
-180.231511544012
13.809072871573
-37.272637085137
-46.783181282693
-91.452929828418
-23.188754875767
-103.491071428571
2.085046897547
-159.563873599274
-146.022539147051
-82.036366031972
-183.873113811102
-35.806637806638
108.211830216225
-150.348304473304
-37.86400733056
-41.353986291486
-139.029421587527
-37.887716450216
-186.674430549919
-153.514582205988
24.4151359437
-133.535984848485
29.612734487734
-107.189205813718
-159.097021413916
6.256202510597
-31.90060305905
-24.677857678346
-49.248639435651
-43.917841571406
13.854965672348
21.392516825622
101.385912698413
-162.388790950803
-157.546364171852
-51.027878181931
-148.427365521848
7.781926406926
-150.097763347763
-201.435613811102
-162.456717707206
-153.819895382395
16.947678515061
-196.337649655032
-35.77676528116
-108.183621933622
-162.718967718479
-118.963113275613
-95.24113343254
135.808351370851
-144.523358585859
-96.791055786661
-197.748294186282
-197.219614532603
-35.000360750361
-192.532647907648
-146.590079435538
-81.753787878788
-185.866264486382
-80.778326653815
-86.266143578644
-98.389880952381
-93.118764373647
-188.935036751443
-37.642065887671
29.199404761905
-98.55563799265
-160.119969928075
21.805826118326
11.400633708739
9.131673881674
-84.776986522592
-151.668220288826
-37.508645326028
-73.028048340548
8.412324979708
-155.759297072285
-182.61257454568
41.732874574427
-201.240988991477
-85.457952149847
-90.072773634785
-206.054125236742
-201.450487012987
115.839022902011
-149.959657963564
-114.27207552647
138.349077761431
136.092885467397
-35.584083017677
-181.109549738456
2.981421356421
-4.544171486066
-36.690135873241
-40.267857142857
-146.897539147051
-148.562327375316
-91.63465007215
-146.113303796898
-31.135732323232
-180.351120721726
-182.949667574179
-82.243436739042
-157.15366697105
113.27486359127
92.960776148764
-44.20123669733
-38.431367243867
-161.51615132914
-145.178293115305
-158.521727458739
-114.673873923386
-34.095065470554
-107.434822555916
-168.770271774666
-34.852272727273
-173.680284992785
-33.645472582973
-178.165043290043
-181.970217662112
-40.120212307224
-161.634211816829
-136.236471861472
-36.071441254058
-150.686147186147
-60.493388122294
-182.447601010101
-110.895841083829
-155.447139855587
-188.681630056142
8.901607805172
-156.922528860029
-29.239197922303
-164.709956709957
-204.935946377841
-98.576847577336
-159.156086534993
-201.87480694219
6.115429898877
-166.688053808171
-112.453184890197
-185.559155308667
-113.204455266955
-160.601267981151
46.310696248196
-184.274621212121
-89.660881978265
-34.288788414277
-195.16073471884
-33.808060374955
-93.186507936508
51.981150793651
-157.661185656791
-35.244068052174
-31.124528628923
-36.28202681108
-192.126192871798
6.181186868687
-191.865628241116
-77.481802539908
-182.467512034407
-171.390782828283
-130.600937880479
-148.940767186373
106.389880952381
-192.613546176046
-184.997655122655
-58.841728529717
-94.934351184839
-193.234848484848
-41.571686451569
-133.57015819467
-151.915481545364
-149.413530534136
-169.958423520924
87.100857909452
-29.313381442776
105.013798701299
-150.274731832837
-166.874466624955
-196.929756549874
-84.782828282828
-193.108585858586
-29.69400125699
-40.881055251172
-187.05503486314
-195.486644486156
-144.758449449856
143.065746753247
-26.077831890332
-35.672639480745
-157.088772772367
-39.458235395247
-29.182887750271
-27.418748731737
-30.635268702652
-35.864558672664
-101.485299422799
-35.846070216676
110.694256318768
-111.0187410517
-31.097873968479
-146.633407879013
-157.046696738591
-172.594696969697
1.821158008658
-37.150373362532
-138.59615265377
23.926968485074
5.533389841495
-164.356591515039
128.374028369634
-24.886515827922
-70.063852813853
-45.573080131674
-3.045454545455
-40.088113275613
-94.860399826953
-169.697593259605
-38.943660939755
-136.491182049288
-210.293027231016
98.92515205064
-152.009497880592
-177.35300197849
-162.312118816513
-28.39698533888
1.811224691108
-176.724644604527
-34.923603360615
45.490883302895
-45.626545871663
-31.835036680984
-172.10073953824
20.865189985795
108.66129381144
-155.701221196338
4.031016780528
-201.368568497475
-170.750458688447
-34.200188266595
-90.808539496528
-161.74531024531
-32.979269536887
-32.553661616162
-162.438123562635
-165.454918887536
10.11135349026
-147.703024948142
-77.586953519571
-62.644238140332
-77.566488687094
-38.879607317596
-194.539502164502
-155.305375180375
-32.026064213564
29.29825036075
-92.922446422935
105.480908414502
-29.035255597267
-154.478645974251
-39.039932669327
-148.185954128337
-125.958222712617
-31.371023995536
-33.173157707093
0.030470722854
-33.827270331665
-27.277326839827
-156.439476376488
116.910062539457
-154.602174789186
-33.683273865891
-26.089626031521
-166.274891774892
-173.712412208018
-31.502231790562
-48.025445583063
-29.264880952381
-163.053473490485
-38.252053881448
150.259108946609
-23.441576408617
-191.63437950938
-160.697310014204
12.75009018759
-41.721959409948
-184.411886724387
-133.767213147096
-83.474356074698
-110.065566378066
-148.337752525252
-94.857946794959
-88.68968493529
111.173811919417
-89.722291976686
-79.139700577201
-38.172611297123
-153.459402901786
-155.606047923431
-32.348873782468
50.958173391279
-149.117944934839
12.497855930961
-42.600218845824
-189.259920634921
-33.352190290179
-37.016602267091
-173.918449985345
-193.643508889114
-170.020632525027
107.596851255299
-177.188734442641
-35.537415167298
-167.546266233766
-188.756063001668
-40.164780477769
-37.617854747249
-39.403651470058
-173.323585323097
43.518787202381
46.970160590278
20.647559580177
-90.779761904762
-31.108405483405
-173.046634734623
-146.978334545229
-31.411366031972
-36.79310966811
-98.653236466225
-32.567908789344
-178.717171717172
-34.257415815521
-158.541125541126
-83.657637691085
-85.851363100875
-74.062618371212
-37.951028138528
-96.56242249504
-90.243789738907
-36.579205137311
-36.876741747836
-163.614345181728
-29.715929524035
-43.632547573954
18.466630591631
-80.989259926272
-180.71052601912
-176.221070216676
16.883928571429
-92.598456664863
-126.654954962572
-110.516233766234
-182.754717938312
104.693472814078
-33.05428271273
-183.305354747249
-39.077172393579
101.057186682675
-166.420196665314
-196.945436507936
-28.592803030303
-161.743699551317
-36.763069450081
-25.552731556638
-191.210116652011
-144.449953637942
-83.654573779086
-38.801164547258
-195.731802539908
-38.584784085272
-100.2711116466
106.326729206124
-34.918101917614
-192.095799653905
147.350669783775
-177.830447330447
-51.622487430105
-37.832792207792
-147.08152958153
-170.835956523945
3.563644255051
-31.807457245446
-92.545121978716
-193.220709466315
-157.129148629149
-141.682449494949
-200.715705816536
10.51203334968
13.445256132756
-132.372126679744
18.890860333243
-199.220769004216
-152.588293650794
-174.840285528274
-152.484858701411
-89.37490981241
-37.305403363997
-161.869395686778
-202.270382395382
46.362456174468
-158.875242379149
-34.464979031385
-193.300783363772
-35.318911069399
-200.913502350514
-87.996191688086
11.088263001105
-153.682186682675
-29.808650117244
-185.011613766008
24.732655799062
-39.31717707206
17.827922077922
-79.43481480542
-164.566558441558
-175.084157704275
-142.32033856985
-196.993333868822
-157.852370665359
-22.423819669913
-139.29816017316
28.399358399847
-153.947157822646
-139.706650418809
-159.79547497858
-158.145361962256
-34.210387214782
14.34615265377
-27.721209725604
-24.02857149903
-40.53554166103
-32.91847041847
25.946170691288
-182.652316623264
-13.625899409835
99.423778803662
157.216872970779
-163.89735877187
-159.730269350875
-137.025252525253
-173.39621451682
-114.636634199134
-32.55284992785
-117.048520923521
-146.233245541351
-142.659181096681
-33.739981426993
-103.535203809862
-154.989329680736
-89.760018573007
-0.577499323593
7.999188311688
-175.966978659361
-192.082313086219
-35.30312049062
-175.016491646374
-201.859778730384
-35.02617483428
-38.098567285579
-161.879331470396
-182.718496347403
-37.529699900794
-162.410832656926
-31.317001629013
-186.179001933396
-135.025170088158
-175.512203508297
-201.000541125541
-145.35577736066
-173.859467301362
-6.033980288375
-175.460740214646
-166.282557720058
-147.545642671131
-174.912760416667
-47.244957245446
-163.942210187816
17.982390520721
-80.18671649531
-157.034985034497
95.834668180127
-35.908196783685
-33.36257454568
-152.988157242064
-151.018119955132
-156.887716450216
-101.180014430014
-32.817480750586
-70.301669738681
-117.171176046176
-36.964383652372
-82.933719871708
-31.900162337662
-31.659181096681
-101.070547128653
0.644568241004
-155.614739047845
-102.677148860254
-184.205717893218
-48.071129825036
-87.057248686643
-35.229104662698
-151.928563678075
-45.003697691198
-42.605769610164
-25.447080317686
-33.268017084912
-142.202548644931
-141.358155353761
-96.335768398268
-193.632949190566
-126.323855885868
-158.622183751578
-196.247835497836
-40.906274660669
-32.369488340436
-30.00765819467
-37.813963434569
-146.535533910534
-89.473415094021
-30.826278268173
-32.547368917974
-46.674402366297
-176.72601010101
-72.341099682652
-156.66341991342
-49.52886002886
24.877677444084
-166.035353535354
-36.840285528274
-40.406452569783
-84.942439884334
-184.706321022727
-144.228452916441
-191.068174067686
-153.69445219494
-56.693911069399
-101.130849510732
76.822039451434
-28.386100824089
-22.825487012987
-43.326138759244
-85.741813362419
-203.825749825262
139.883209536774
-85.491432178932
107.055091934975
-138.647469392587
-174.304772050866
-21.677038239538
-36.269642927602
-168.226994414006
-205.659299467893
0.869580994093
-114.336149581755
-28.736221731827
-174.197773634785
-32.79719629329
-42.96167027417
-77.899724082341
-165.764700577201
7.197400201795
-26.8894173318
-120.174000045094
-179.307158499053
-147.902958152958
-184.761917444535
-142.131743636138
-34.858196924603
-152.747946118552
87.944596636003
-33.479687359082
-192.198745265152
111.512979262491
-99.646534400929
-16.593635151741
-183.198044197556
-184.419482915088
-115.644591140197
-142.709304963699
-173.897005772006
-85.598644790539
-153.532745845734
-151.385711890106
-153.483696479302
-35.583874458874
1.051865614854
-134.960227272727
-167.268939393939
-182.351981731376
-37.550775613276
-162.201048571654
-22.821678701073
-155.735111297123
-173.014401830808
-212.593697155709
111.865107548701
-90.063151746257
-136.085415398404
-42.559093304699
-106.247376809389
-149.444985569986
-81.835879018984
-181.617145929158
-161.345660849567
-149.149420403815
-205.288870851371
0.97401822353
-40.824855699856
-195.093622469111
-31.788863100875
-38.183822741928
-23.694153448548
137.375690851033
-152.88282588722
5.22582972583
-33.830204951299
110.533992971005
-93.97887567077
-51.836461715368
9.909534096546
-31.665404040404
-116.794274356286
-38.3970882091
-93.500631313131
-199.397719522231
-146.642328699946
-33.675296491703
-104.262688266595
-42.085304777688
-30.048090418696
-89.297348484848
-28.389179884785
18.89229558419
21.712641904536
2.087765207882
-185.660866477273
-52.781946840052
-36.125708818092
-158.149358399847
0.549721545815
-67.844684287067
-189.753074128562
-94.553288183171
-35.647899897412
-170.543228039322
-58.331521831034
108.407487965593
-184.428100057495
-92.908196783685
-113.153700086806
-175.604179349297
-142.296454359443
-189.952290764791
-160.284160663555
-192.779872525478
-205.306179118191
-162.033668154762
-24.100747288736
-163.905565842578
2.124466624955
-168.468406159812
-175.737103174603
-39.139270072376
-143.587023274035
-93.501012496618
-93.228896103896
-169.659902597403
-27.147657518263
-111.823850953734
-96.808433807946
-34.117236116748
-116.896464646465
-177.422168109668
6.243756623151
-146.268370084776
-165.072663014069
-59.851079855474
-154.311958874459
18.940978915832
-91.352383347989
-191.733142671131
-37.587038775027
92.984188988095
-185.416396103896
-166.013077200577
-89.421967301362
4.229367474973
-189.282238188244
-154.126352813853
-27.225559163059
-197.887445887446
-183.970591095103
70.074585137085
-138.392787388393
-38.439906881313
-110.798010447669
-16.107676232188
-1.991592120987
-34.794003793516
-31.080557951163
-52.333513708514
-190.842362308915
-169.352362914863
9.666666666667
-170.63445701434
-33.3940168989
-91.592712842713
-168.676968485074
-150.834083017677
11.53938379329
-32.342068846952
139.253805845847
-76.902507215007
-189.912670229076
-32.619478123873
24.116341991342
-166.443029626623
-110.065115440115
-195.189672252661
-106.995382465841
-28.418900923295
11.462211399711
-91.966818717307
-83.488247429654
-33.434003117109
134.941726134109
-178.195449190566
-173.06240981241
-148.971510938064
-156.299262857368
-38.82033856985
-87.679022366522
-164.842011775117
10.835879018984
-32.952208327697
108.57024838226
-152.515339640828
-84.112566795184
-97.652958152958
-201.080169017181
-164.348296722808
-157.351981731376
-96.044449799333
-1.637383883478
-33.543748731737
-40.909832842938
-109.035075222087
-35.791764604753
102.018478239426
-191.083346015963
-39.411165223665
-103.178290649238
45.436618557224
-183.477342481737
-175.345861657873
138.551218800731
-32.352803636251
-85.522083276966
-32.208443954049
-102.006485755997
-31.940767186373
-77.038858168741
-87.161137040043
-157.554592027981
-140.498376623377
-41.156578339196
-180.329122700216
-138.748675369769
-86.286616161616
-138.81717707206
-40.730261600379
-155.806088930601
-159.080980705492
-94.889860519255
-36.084505772006
-27.021817646329
-35.588744588745
-182.574487198999
-203.450556767451
-64.630841760236
-156.121863867469
-143.820915629509
-97.089819089331
-30.84623015873
-34.609848484848
-184.635363822376
-185.443362193362
-143.874278499278
-138.554543058938
-37.07493813695
-128.08152958153
-35.573350694444
-168.192522321429
-160.574404761905
-165.294552669553
-29.369691614809
-27.066538008433
-62.580557951163
-185.933343620355
-31.379862379374
-71.172972047484
-175.314824444219
-73.024018082612
-191.959513522502
135.883941254058
-99.364435369318
-159.510108760597
-40.544191919192
-43.438221500722
-158.277610085227
-204.996925871438
-92.321358816964
-175.597771098259
-119.160984848485
-37.45202020202
-70.068534818047
-36.855539913645
11.397727272727
-169.192981009876
-49.309010867605
-191.921536796537
-31.798152422664
-32.537816783911
-38.803834240846
-159.052030489042
-42.533660404266
117.638425268308
-78.923389869679
-184.576577014565
-145.898518527913
140.934472022118
-190.156946840052
-35.345939162834
50.85894414288
-117.075749825262
11.286525974026
-218.575840012852
-86.306908369408
-176.162329911842
-173.15863997114
-138.236389424378
-94.004862379374
-100.122835497836
-87.989190171807
-35.710866336355
-94.145312640918
-163.47113997114
-157.308268933757
-26.973394660895
-169.705877835272
-192.305846551452
-167.968156030168
-37.820464691558
-35.599407157513
-79.038870851371
1.888618326118
-190.846578226461
-38.376512755907
-158.774822020428
-175.965097402597
-195.472673160173
-178.428223360841
-184.479187099793
-39.217913651019
12.174242424242
-154.789051226551
-157.857490924874
-43.108225108225
-145.831689523584
-163.854146233541
-36.247384559885
-142.781663594652
-149.255313317325
-29.230617418606
-124.207964832477
-202.914932669327
-171.612275799288
-178.741452612058
-133.349484662473
9.654942279942
-199.037536004577
-61.201499509605
9.796549479167
-175.950474330357
-33.807892682404
-150.627156751668
-194.549963924964
-178.693009193497
-170.912497604392
-37.073134385146
-36.295905483405
-108.205086580087
-98.748905066288
-151.987020737509
-156.577027952516
-166.137827070933
-182.177919682314
-164.883547387942
6.980166480655
-111.812860750361
-138.031405714511
-99.416916796311
-173.057920866026
-173.417929292929
-42.513167388167
3.960515802557
-29.465265095148
-205.211219336219
-152.259046942641
-35.095877158865
-36.972389914773
-204.068210001804
-98.978161920545
-137.017947330447
-33.368867243867
-31.762626262626
-93.528146278635
107.807269119769
-78.44445219494
-179.620490620491
-115.287185470779
44.549332611833
-78.034825092442
-125.641496578508
108.818362193362
-91.178563678075
-152.034299467893
-87.339466089466
-182.079475700081
3.968774660669
-181.914862914863
-27.436688311688
-63.150703463203
-41.123528814935
-33.0866829568
-98.479810662428
-205.622544501939
-35.050033679428
-150.96254396645
113.117573967916
6.526244588745
-198.407980474387
-198.662768167163
-174.827290764791
-124.938762626263
-24.048162639227
-157.328380766369
-166.706980519481
-99.533106596095
-88.446711816829
-141.305735930736
-89.078275077787
-165.517676767677
-156.949487198999
-74.144550273945
-169.464293464782
-28.327831890332
-33.699412512401
-35.339716219111
47.22448712854
-84.623647186147
-85.460034214917
101.810515873016
-27.144751082251
-135.988796305691
-188.287968975469
-176.334423334912
-56.291839291351
-40.5383170432
18.992653938943
-102.063041125541
-170.363997113997
106.42576786278
-154.145562770563
-129.88665463226
-188.136917444535
-53.07222757711
-21.250651746257
-42.948515568633
-53.442251758658
-32.559072871573
-192.558621933622
-106.291145974251
-43.314275568182
-35.709948959461
-171.508449449856
-36.239986711422
-31.90521530878
-32.638979076479
46.837481962482
-197.71079658189
-156.501094933712
-96.311245124233
92.449322324811
-183.36352574292
-94.597680910669
-99.678599612193
-98.233753551136
-102.288989222583
109.100711354618
-125.512463854505
25.924525669643
-87.001553622159
-41.452491573097
-5.841617909001
-142.195895196383
105.206599335994
-78.32567760473
-151.134959035106
-67.100309033415
-147.425386679293
-199.939025438537
-199.118715052309
-103.160353535354
-178.369137806638
-153.096132220644
-28.702270331665
-44.426246984352
-107.858217357729
-184.780594026199
-141.207091140197
-32.713564213564
-41.612533679428
-159.76443001443
-51.087574616139
-148.932622119634
-37.263790950803
-149.546905297394
58.054924242424
-35.222222222222
-193.000512941919
-200.032307590413
-190.51156444467
-36.024683216089
-23.31441437252
134.603452916441
-194.508858816964
-134.862554112554
-28.087149395743
-132.566640878653
-171.540674603175
-171.887976796424
-48.493596681097
-174.691545758929
-162.791944979933
-141.091102148719
116.741341991342
-176.454787833694
3.135802077697
-38.470238095238
21.150523088023
-29.832243331755
-193.757395382395
-205.198904854911
9.848124098124
-188.594143161526
-159.513089883207
-159.872655122655
29.850268167163
-91.299000045094
-32.627344877345
-176.184232813627
-160.289030793425
-145.418720548115
104.139159451659
-87.789780477769
-37.048327865711
-52.311355744949
-196.807297303391
-145.344856911751
-103.952373201885
-148.296619233631
-98.601801356196
-84.508650258162
-146.520042078148
-81.679653679654
-21.202311197917
-34.913502350514
-183.393779451885
-37.0365055409
-38.196997880592
-164.68628634278
20.659972351867
-184.001816434434
-38.722041847042
-166.812167433261
-35.806637806638
-86.497487430105
-196.843253968254
-155.259748010236
13.086610736269
22.596771284271
-84.056346810741
-24.367506679518
109.042385701321
-187.231228298611
28.624077690972
-196.599567099567
-137.85666373557
-33.329094516595
17.025683030078
-37.813963434569
-45.066197691198
-37.37481962482
-98.42602574292
-81.764971139971
-97.294109482098
-73.93968493529
-163.824613320707
10.369418585971
-95.683879813763
-41.676378742785
-107.506864473417
-26.402228901741
-31.255238630727
-147.93421696034
-184.770993275388
-24.527388843795
-170.061605874594
-87.939775122881
-201.606088789683
-170.653798024892
-39.209936276831
-179.589646464646
-86.356949799333
-181.981310735705
-115.748126493732
-151.470070402688
-110.420536982549
-181.989898989899
42.424512987013
-35.193975539435
-123.23556998557
-35.104076479076
-149.456078643579
-166.347222222222
109.824817299671
-91.217061096456
-34.837198717082
-155.791203046086
-34.496121933622
-139.489530489042
-99.704094516595
-159.649879092262
-30.950064258658
-187.415842295725
-14.591560837166
-162.553190245085
-34.729367474973
-38.286858540765
-30.099128844246
-198.507207256719
-154.183621933622
-149.609217171717
-33.010441327336
-161.72991635101
-97.782467532468
-85.380202696609
-190.005792438898
-200.36344823796
-35.155130405619
-179.998126493732
-161.258044662586
148.637979262491
-42.818091630592
-189.899690966586
-183.278125845509
-102.615718428707
106.679019900455
-37.684962064845
-36.005493692505
-4.86438604798
-32.770292207792
-191.45583626443
-54.825646955041
-161.201450892857
-107.06927181976
-26.217725525343
-156.016947516459
-180.44045575735
3.459657963564
-111.623314619408
18.568704976664
-195.435147372159
-37.577860073954
-165.759567635056
-82.50200456011
-171.899268212256
-173.791326349432
-107.724374041757
-109.913870851371
-206.548541356647
-38.532807849702
-166.829645858699
-136.430014430014
-174.508464950848
-50.552398989899
-89.827553577065
-11.436427965481
-110.326396639385
19.670536982549
-195.769751082251
-42.346042033054
-149.137616046063
13.392766955267
-164.001803751804
-184.815947561553
11.542991296898
-175.389803447421
-183.971673346185
54.590839336445
-37.67946308791
-34.287087532693
58.268841455853
-91.966519970914
-158.008998325893
23.697863822376
-33.20888220937
-164.328733766234
-195.732836174242
-188.392344200938
-136.140692640693
-171.767926897321
8.394653144165
-188.806527185922
-88.874721686733
-157.173811919417
-35.841810966811
-0.881511473552
-27.685876623377
-149.816029998647
-178.145284457296
-171.720230344742
138.866450145991
-180.839528093434
-15.494207561102
103.901605339105
-125.00191437252
-180.535693852588
-44.151687776199
-148.247843248332
-161.327749453238
-33.116231370626
107.893640647547
-123.469516594517
-30.031898223304
109.755251313357
-149.396562584551
-164.050386679293
5.512536075036
-154.064033189033
-156.477453102453
72.035263347763
-199.830725643714
10.628066378066
-117.903326653815
-40.546807359307
-13.029671717172
-67.128705441694
-38.727661661255
-35.792125355114
-160.570194128788
-106.604805730294
-35.414023042929
-161.337293836806
-153.143861888979
-38.412079782197
-27.287247474747
-29.960505585994
-35.236840362329
-31.599116161616
-198.335768398268
-95.630571197466
-91.037177720283
5.052767490756
-95.132936507936
-95.287530720148
-157.704254458649
-193.073760766144
-54.578184890197
-88.649178024666
6.164419727408
-199.56945219494
-86.515342106895
-103.326909581304
-157.723407343525
-115.742403809298
-38.527166897772
-134.96263415404
-152.767246262852
-98.501360564349
9.285804473304
-1.859397546898
-229.92088505028
-83.864115485209
-23.096168154762
-34.060162873151
54.690226060832
-54.454427083333
-39.421977517925
-190.817107317596
-30.055735930736
-149.993426522479
-36.409632034632
-156.147915398404
-179.854326608721
-30.419820766256
-88.43166599026
78.481761673656
-47.695137409249
-37.365460548566
-153.860397360886
-90.731581298476
-152.826035889024
-71.22373497813
-57.302932364944
95.590991528003
48.334227458739
-170.32623669733
-165.181630056142
-161.883469882982
-169.169212352318
-23.255331284384
111.812049062049
-114.140241702742
-158.474819695279
-170.979797979798
-34.357302799197
14.924951242334
110.458854025749
-154.620670995671
-40.814213564214
-153.497835497836
-29.973497531115
-34.151507401019
13.292027417027
-161.723394660895
-41.967540218028
-173.780024717036
-197.533750591856
96.489288109894
-76.04330272592
-184.595987779582
-133.815476190476
-134.771637271149
-153.243784806773
-151.310064935065
138.971119538014
-97.800144300144
-75.534812409812
105.244380185786
-28.604986105474
-36.779573779085
6.553839525275
-91.767787388393
-171.84404522344
-32.068472814078
-86.93279756268
-172.87003968254
-90.488989363501
-35.67803030303
-177.108134920635
-62.602813852814
-13.595127474522
-26.141383491725
-195.520993275388
-136.116079179067
-89.88647425708
-65.829754013348
-27.701631268038
-90.536085252638
-155.40186815138
-175.094975282964
110.677857678346
-36.143119955132
-98.689143809749
-92.706156148539
-48.657828282828
-145.177329235435
-103.812840317235
-181.22619047619
-78.225177979572
-83.082251082251
-93.618977864583
-92.274719150207
-38.179202741703
15.186770748782
-146.468241285624
-35.231789857278
-123.937569754464
-164.741993737599
-146.672446422935
-35.315829190341
14.851370851371
132.391754458649
-44.225649350649
-72.150432900433
-28.368988081146
-119.38446969697
114.334657963564
-88.906225339331
-172.990883302895
-160.382145252751
155.006292698187
-52.965014965503
-195.662538470644
-181.082091140197
-38.17278674017
16.15672559862
-72.483232858721
105.279128125564
-31.751623376623
-86.781475468975
4.45203288465
-28.124098124098
-193.035152727047
-177.526064213564
-42.031475468975
-77.860459364854
111.831782177241
-31.715458152958
-191.829344646239
-184.243707301813
135.512064703959
-193.323232323232
-170.667040099657
5.34671174637
-164.187069495175
-148.331328773223
-159.679543058938
-183.205828513934
-95.100448542343
20.667215542704
-79.199286390693
-38.71970718626
-95.783542033054
109.263721196338
-169.664953102453
-201.700113579996
-104.320604200487
-160.288337476326
-35.727966044372
-37.259302004419
111.49113343254
-167.397284085272
-36.42585805037
-38.579906204906
-34.928411486517
-88.866279987374
-20.064844877345
-145.712850463339
-163.208395337302
-158.205988455988
-54.138257575758
-31.476272913285
-135.064143809749
140.072480172822
18.316726134109
-167.996191688086
-197.758317691423
-40.00659144458
-175.440033003021
-42.66369047619
11.922008167614
-94.748827561328
-18.000373432991
-74.38283856985
-139.732335914953
-37.331008889114
19.910201343795
-31.698850953734
-34.796717171717
-195.872564935065
-3.138708513709
-31.228543104031
-24.649072336084
-97.846480288375
-29.735008426903
-23.225747288736
-178.378128382035
-116.313610434704
-94.707411024306
105.606150793651
-194.778056091044
-174.112734487734
-5.126340131223
-186.887376132982
-25.156934157422
-149.477530607413
-103.577929828418
62.760719640602
-30.429292929293
-153.817349696744
-200.014347577336
48.642156075262
-96.481331168831
-150.373459060471
-35.67038479099
0.195286782445
-148.504058441558
-168.380529626623
-106.982052669553
-163.696809754915
-198.572989944084
-37.894598890693
-106.48356542546
-16.911075036075
-172.300234487734
2.957042523449
-29.609224922213
-187.182101427219
-185.077721269616
-51.626685380592
-95.478022411616
-30.287600474612
-195.557622119634
-193.73519126815
-85.542014734398
-185.376643809749
2.298227461558
-156.780746217758
-33.674603174603
-191.192259509154
-182.207632265738
-105.133658008658
49.319202065296
-140.687249870355
14.699134199134
-109.231720102814
-33.805826118326
-42.524428154311
-187.181519435426
-40.014770331665
-199.412899221005
-38.317931688537
-147.780295279807
-164.901773031656
-34.549062049062
-1.123830027394
-85.514368010462
18.469336219336
-141.657369594381
-92.555555555556
-33.995511053617
18.688602684208
-34.653347086941
-85.177661802174
-167.464764835859
-36.879406509289
-78.389009726168
-80.804465553977
-38.542187359082
-164.877517502029
-75.15081408392
-81.450007891414
-146.864530489042
-155.939566564078
-30.450778008883
-154.064927314439
-39.291055786661
-190.739710864223
1.687943187455
-35.330717893218
-82.021624588519
-50.628787878788
-125.303960362554
-31.796884864268
-114.127517502029
-162.838543780438
-32.333346015963
-157.595696783685
-99.697420634921
-31.851422638776
-167.019292393804
-53.758096449991
8.35597041847
-113.208591213474
-28.398350835363
-152.152257085363
-41.810515873016
-81.792839105339
-75.438754875767
-37.174234673746
-161.295155799062
-15.366349741838
-48.992903363997
109.956078643579
-121.125992063492
-176.641143578644
-88.241682308577
-187.704184704185
-45.003890749008
113.44046843998
-7.217923867582
24.204725829726
64.813574500586
-138.891517011634
79.96854496415
-186.141955266955
-89.088092842487
15.971317880253
-99.788698226686
-113.193382626488
-26.56183803718
45.644127519616
-178.539391543786
-28.364808802309
-216.067612509019
-154.039971069512
-176.323162568768
-57.151515151515
-39.78345959596
-197.066558441558
-80.963381372317
-198.573843203238
-158.928488991477
-31.627718310336
-34.676316738817
-143.090618095013
-35.676316738817
-38.38168163217
-37.603285223891
-35.677107994003
-40.239545990034
-154.023075340458
-31.126623376623
50.315919377931
3.280782151876
24.570449190566
-200.266676953689
116.96130952381
-159.280836405348
-38.910701603084
-173.363796305691
-157.050783363772
-154.053218428707
101.804310896352
-116.121482683983
-177.860209235209
113.292457921852
-157.251090001578
-166.664945351957
-30.085760647772
-11.16637567077
12.041396103896
-40.620248241342
-29.400260275749
-84.017163825758
-89.302751989764
-172.439123376623
-49.365731111337
-113.581542264159
-40.920073361968
-135.66925392316
42.081050459957
-0.650966275478
-31.258284575667
-34.023837707431
-147.674896636567
-154.866432178932
-119.962752525253
-174.277589652101
-198.214115555668
-122.586698457792
-86.493596681097
-143.477445351957
-34.864197922303
-35.038677793561
-93.860057043651
-61.981359352453
-106.104187099793
-32.639950706845
-184.650100333694
-86.246552438447
-163.967810780799
5.388450633568
-176.899981962482
-103.36438604798
-184.598923103806
-168.977342481737
-181.546557229663
-139.900141904536
-192.29119529559
-83.490329494724
-164.2479052523
-34.364976494859
-168.727633477633
-156.464002468885
-158.801587301587
-46.886286131403
53.116903550009
140.607433853039
13.459245425798
-148.418650793651
-150.254669321564
-30.094849161255
-109.598873782468
-151.835838152733
-38.209075267181
-93.233508353626
-108.978908786526
134.99731480542
-129.159812409812
-176.801406926407
3.401888584506
-34.543851601957
-151.712141645247
-195.738914676903
2.506210261093
-161.003357373963
-2.603097098214
-29.49216143015
-190.69687950938
-29.892336450442
-38.062840317235
-141.406586089692
-143.131583694084
106.075226666779
-53.980248917749
-31.337149395743
-163.795835728941
-197.320464691558
-190.182098961152
-39.908980288375
-90.32215007215
-78.67611593051
-34.001561372655
-105.935335497836
-46.061667878562
2.388806451795
-33.130882626488
-30.346619092713
-26.509642321654
-157.475857909452
-36.558629684118
-91.834956709957
-91.316898758793
33.698855885868
-26.113966464308
-29.835227272727
9.77686815138
-163.040785223891
-37.125631313131
-30.935235093682
-150.048492739899
-148.356068356557
-28.507387631899
-72.874007936508
-190.334207025613
-188.182006307495
-38.718225784632
-137.462461529356
-35.365321744228
-13.225108225108
-165.643869639475
-113.317931688537
-29.668740981241
-33.401043780438
-144.742436925054
-38.567197505186
-31.957258832747
-165.551940301452
-148.643488455988
-157.906836219336
-38.385670319264
-156.57195701434
-137.247745310245
-201.841659127548
-156.022296767902
-165.933523995536
-181.534353721365
-195.952922077922
-197.065718569625
-30.888319579726
-162.457341269841
-188.522830142947
-172.734335542929
-29.795266419778
-89.736361240756
-179.475468975469
6.223033910534
-77.295717357729
-27.764061513573
-159.84126984127
-39.978024877683
-136.272907647908
-29.869518990124
-34.201770072376
82.561340243957
135.337474211986
-37.725850158956
-92.720598845599
-69.566287878788
-182.315989132395
-28.749015687004
-39.994227994228
-139.670176232188
-152.474276103671
-113.869408369408
106.845155658144
-171.123737373737
-204.00859600469
-83.214847272953
-96.735778544372
-55.095791903409
-30.138278008883
-110.175242238231
-86.505658918989
7.762257761769
-27.914239352228
-28.128517316017
-73.904852092352
19.139880952381
-31.300685425685
-40.034472092578
-179.537646625293
-36.053599612193
-39.291924546807
-161.215388398494
-28.910533910534
-153.577187894571
-35.730248917749
-134.574023578418
-160.535443722944
-177.151043780438
-171.869879740485
-41.987025669643
-34.045016290133
-30.852370665359
0.757153003247
-181.330439579951
-90.361824861337
-169.795732858721
-169.571260878878
-169.025079900568
-42.751463434569
-76.874709004104
-37.590568773674
-37.250631313131
-27.941759249865
-45.710157518263
-105.874561744679
-192.456168831169
-31.244047619048
-152.699056694174
-29.440636132531
3.691628196023
137.727453102453
-98.908848529942
-180.915682353671
-152.965355282738
-157.764360259966
-42.971258342352
-35.770841083829
-89.143849206349
10.191455571338
16.293612393466
-38.137265512266
-107.434343434343
-98.634642321654
-53.703811271194
-51.049603174603
-189.379058441558
-188.076667202155
-158.742063492064
-180.587494645112
-193.441398499504
-177.955086580087
-94.49321549761
-173.885454009966
-40.274461270067
-193.293130101236
-190.132006448413
-121.572350880456
-30.344163594652
-44.767759204771
-24.549956174468
-38.948149886138
-36.174131803526
-149.506583694084
-196.2373941705
-28.401432714421
-40.280323463429
112.099505095599
-174.95202020202
103.419712611607
-34.90376984127
-129.875811688312
-189.633755946744
-137.670913233902
-192.335415398404
-28.122765743371
4.467712842713
-201.357864357864
-33.448773448773
-155.765040894435
109.637987012987
-99.404421587527
-111.455259204771
-155.316447820842
-40.13924963925
8.353174603175
-100.960227272727
-45.133395196383
-42.529158775253
-200.443660939755
-25.354728225334
-168.258186637581
-90.858676046176
94.422276264317
-94.654413837031
-79.722034096546
-122.652316623264
-102.335227272727
-35.919851415945
8.238455988456
-170.619227994228
-118.318542568543
-118.933920680014
-39.960755715639
-28.743674186057
-156.710838152733
-19.770480333469
-104.353625541126
-30.210866336355
-153.071768888663
-116.987706304113
-48.626022713181
-145.90203584393
-28.144959641053
-82.328643578644
-129.193390376984
-40.604867734262
-30.708956895969
136.98756186305
-162.068522135417
-161.827631082026
-167.059273679879
-31.712371341766
-30.167109854122
-150.472582972583
-29.377504819399
-44.654220779221
-134.237636549648
6.420725108225
-148.493333868822
-30.65594209393
-200.561876437365
-192.003636039525
-156.115821298927
-160.9395947477
-206.886376671289
-28.751074500586
-201.308531746032
98.880022321429
6.680382930871
-168.398358585859
-164.558531746032
62.865231556638
-35.738656796762
-164.655114904627
-161.105146047529
-184.233397732909
-47.236041356647
-84.823971791013
-181.952831890332
-184.428218428707
-95.38734794936
10.265950520833
-183.035283780889
-142.677386307269
-143.461136899125
1.778298470193
-200.979695109578
-30.026141718525
-112.94627637987
-177.682519249414
104.482683982684
6.742674372069
107.550783363772
-148.426850113862
-34.921183796672
-158.008395196384
44.343676722583
-98.129329004329
-200.733307545319
-49.647747705853
-191.775515337527
-161.180452685336
-100.94428450239
-113.667686913781
14.437461599815
-99.616169366658
-91.883116883117
-172.352994227994
-180.247051993146
-91.075487012987
-32.911858540765
108.309536492154
-152.393406018894
4.064942815431
72.205529767541
-27.222472351867
-29.077929828418
-31.845127474522
-85.927731556638
56.274781154176
-150.296377206778
105.292818672213
-88.616815828486
16.970225412608
-32.441808571203
-111.419230319377
-31.52608464669
-146.102280477769
-96.57033856985
-185.409812409812
-83.215035398629
-158.855186913781
-110.037234792118
-157.513968859916
-155.189754689755
-194.953032698638
-191.357864357864
-136.341151470058
-168.273250431209
-28.45194269706
-207.523997649486
-79.820354070842
-46.172521109533
-31.898518527913
-184.463105525117
-25.061430431548
-161.70392189191
-173.137638945256
-154.121835683847
-153.12994763483
-199.597299727183
-165.759642321654
-80.604638037744
-185.047430921943
-158.850198412698
-160.805112368101
-44.62041311553
-76.172959364854
-37.989726365215
-33.395111832612
56.690836940837
-201.267849392361
37.444173881674
-81.474296536797
-203.227613044508
17.08648989899
-38.484660359172
-82.641942584325
107.964917027417
-188.445268815386
142.009490130096
-31.477994227994
-41.816480936598
-39.688943001443
-153.614620676632
-155.240710678211
-151.970689033189
-26.532274474657
-185.195336103783
-39.82520869972
-158.529408904897
-39.933060374955
-91.51730826682
-143.864919423025
-36.545253737148
-97.500741933847
-153.89897721636
135.801226551227
-36.366341991342
32.206439393939
-28.662968975469
-28.461559653454
6.679633246528
-31.673673115079
91.632457386364
-185.020562770563
-82.184523809524
-23.789231601732
-115.21654040404
-86.941280128292
-197.104777546672
-33.212670088158
-141.972562539457
-34.051095497385
-35.508395196383
-57.96454852656
-150.135371572872
-184.935696248196
-29.287796350785
-160.393238326344
-142.605942234848
-117.449404761905
-102.610577736066
-169.664414442979
14.579295324901
-204.72305434366
12.622317271487
-34.424152236652
-95.820096190702
-162.337231832837
-113.575950633568
-144.930457617469
-33.36735448796
-168.978445165945
-179.405200160083
-183.209776334776
-20.289079410173
-37.25295575735
-152.363656796762
-190.700564517947
-192.532815600198
-152.125922309028
112.479617604618
-179.164945351957
52.027545615192
-88.219614532603
-181.14897721636
-28.497154863366
-151.633735513618
114.906668526786
-174.550054112554
-159.794642857143
-170.500340317235
-186.152216219111
-192.495580808081
-28.397386955492
43.742514430014
-26.356709886251
-31.939855093908
-178.906996161391
-92.159910347899
-187.147464460453
-40.032578153184
-93.970508658009
-118.141053391053
105.412059349071
-147.116501933396
-42.110327606421
-102.138798701299
-36.5815168989
-2.44933500744
8.124659682765
-199.723033910534
-85.723484848485
-113.289169597763
-32.156212656701
4.42038479099
-158.751004746122
-36.700827330222
100.550863334799
-153.082730203824
-179.799422799423
-38.899608529491
-24.919472698525
104.139159451659
-154.72465482109
-154.703282828283
-30.90664809366
-11.33380470441
-51.948260506854
-86.207804890422
139.936216940611
-150.264319393714
-44.226842222448
-165.446145326028
-79.477543290043
-35.810515873016
-169.284791976686
-33.2261002886
24.182509032851
8.801664806548
-174.971500721501
-44.505390822285
-33.942530071925
-36.962930434366
-159.134268888663
-29.329094516595
-148.15404040404
-133.942540288488
-35.991780246663
19.705607272502
-174.454553205042
-160.160894660895
-24.684253246753
-172.162085066626
-31.664870665359
-36.744428802534
-33.190636132531
-110.74493681232
-38.985922985435
-76.88950751939
-82.616772496167
-33.667375484758
-36.617452426046
-162.572691197691
-124.23356542546
-198.598103664998
-141.50296843998
-31.873479493597
114.091560837166
-82.071477540472
-135.146464646465
9.207632265738
41.900711213699
-160.176046176046
-169.109946422935
-141.575293955177
-149.786087718705
-55.127262440251
54.271825396825
-91.054563492064
-175.437056812545
-189.160366217983
-11.778130777642
-164.714744402733
-110.182171181683
-132.067640692641
-96.367076174693
-28.684585813492
-188.691259695166
-197.40863997114
11.927751989764
-156.300116116522
18.043408414502
-114.805928988546
-204.827922077922
61.93739712978
-101.171085858586
-141.06555862757
-29.578726015738
-149.935077617695
-170.557457245446
-104.525092583198
-102.545356607368
-89.898608715503
-27.400440650929
-30.739870806277
6.149690966585
-149.13246513686
-172.481343851461
101.53164809366
-98.133936321925
-181.883858816964
-82.486922799423
20.017759204771
-152.769472768984
-155.163943071902
-172.180617559524
-24.203664011769
-96.575937950938
-185.973214285714
-32.424000045094
-166.556186868687
-8.723935786436
-97.923332797845
-33.504509379509
-84.53095477656
-168.440648815161
-135.18768037518
-177.393300330312
-29.477009914998
-92.540494227994
-33.932248686643
-153.688401875902
-43.218163780664
115.001332380727
-172.508055231444
-126.209333147321
-95.104617604618
-104.446268629374
-125.488546176046
-92.078024948142
1.927198181593
-33.55275974026
-224.787219291126
-27.864705932089
-191.315636132531
-162.047598614493
-152.533299653905
19.847132034632
-97.822490389385
-84.073044197556
-86.258817950712
-152.504488946383
78.62605406746
-149.77380952381
-157.183371803977
7.426829680736
-34.147366522367
-151.329455266955
-34.282369594381
-173.47601010101
-103.687221686733
110.242542613636
-41.547516177399
-118.682727808216
111.140061327561
-35.202200577201
-106.69523569963
-26.47773141572
-24.150239842623
-167.453373015873
-148.205197200803
-92.692542754554
45.89411976912
-152.068973073368
106.893941860006
-29.803300865801
-155.335239955357
101.709698829816
-29.175955988456
-29.487672483766
-177.412997159091
-102.819333823728
-163.859941138506
51.969223132553
-171.087690521284
7.531034747587
-31.802592047709
-35.242586650546
-161.956008889114
-30.208070521059
-91.798902107008
-34.728416982323
-114.89717839669
-133.630792438898
-187.983884604978
-30.47935725841
-28.505931947826
-35.888798701299
-74.690816507711
-196.66420341811
-29.331828327922
-183.816127936733
-155.039509914998
-102.540584415584
47.997585368191
-164.772116745017
-154.571165759154
-95.392504142992
-62.936430431548
-112.725378787879
-163.359377113772
-91.675685425685
-166.259810014205
-175.465285528274
-110.50010287022
-37.619338614944
-77.563492063492
-72.290744357639
-139.372724877119
16.006673881674
-169.589015151515
110.269849020337
-98.733786666892
-183.711933086445
-75.216810966811
15.01373669733
-97.301775427264
-42.0857063943
-167.578179958063
-158.283908067844
-173.103916537022
-161.978703046086
-183.736562049062
-148.50479262491
-155.422557043651
-38.026793464782
-31.235188802083
-190.996490434479
-148.111028674017
-32.006666131178
-56.242584184479
-93.146735209235
-185.839646464646
-30.665563982459
-185.966277591766
-198.379759509154
-182.942001629013
-146.427599798205
13.929911559794
-115.563971185065
107.921278916396
-79.810224877119
-143.453635828148
-140.778138528139
-184.993777056277
-35.989254994138
-25.192558255547
-86.166756854257
11.518406018894
-161.93281024531
-153.035082972583
-88.264139018534
-3.01937764926
1.754877880366
-96.857142857143
-161.358766233766
-33.915105294012
-174.902519897637
-76.479527417027
-30.006222943723
-186.752808497926
104.809853910196
-89.862090491973
-186.75974025974
-41.208944213339
-24.75746513686
-51.681436998332
-37.272095959596
-186.107044919057
-34.849394474883
-50.40586458897
-155.026412281295
-98.066025066513
-116.10666373557
-147.954447516459
-182.431006493506
-170.026785714286
-180.470987779582
-147.815927128427
-24.658552249617
-198.597340593434
-33.701909581304
-177.744068052174
-190.399801587302
-86.146655238208
11.533008658009
-149.19271009481
-198.413610505163
105.691249478603
-135.248917748918
-184.712772958378
-42.720418470418
-44.437159682765
-153.636131473778
-33.704372829861
98.126610693994
-27.236910116793
-177.143468022863
-190.089273031656
-129.300955988456
-94.681457431457
21.50485744724
-44.632756132756
-92.427136177624
-90.544905669417
-165.041035353535
18.719343969832
-35.107836174242
-169.03345959596
137.139981356534
-153.528867779356
112.338935180488
-165.642496392496
-150.595488224883
-36.653581715593
-30.492125496032
47.707439207927
-197.36056998557
-160.644292393804
-197.527999371505
-146.898621398133
-32.021923334912
155.946158008658
-154.992542613636
136.021482613524
157.02743992661
-147.920093795094
-39.167650979663
-89.742091675685
-190.50287825239
-39.993478309885
-154.952180144075
-75.90882034632
-92.02190783392
-151.422528860029
-116.366542799648
-43.018648398043
-39.72602278364
9.411255411255
20.462121212121
-80.49197577054
-37.830328959235
-92.302571614583
-29.825917517812
-35.072711630817
57.561495253878
-144.638208606714
-32.824868382486
-196.598832916216
-36.668663476281
-194.619761369273
-26.820699320211
-28.635454009966
-27.302780173386
126.851718919102
-90.243248613366
-31.569715007215
-84.343993436034
-36.548590677985
138.445514012897
-25.413932855339
-171.621510867605
-92.904754154266
-100.669983174378
-172.230990851596
-33.996920939304
-43.248314619408
-28.664605034722
-156.089564027552
-37.374749870355
-189.347693593299
-88.307519249414
-159.091970908865
-171.438291255186
-32.001703347651
7.252906436012
-188.425054112554
-39.573662828057
-155.411087718705
-90.57205988456
-32.519042264159
44.35099741838
-0.808650117244
-199.652028093434
-175.157931153048
-30.104715542704
-40.878169248286
-87.315303565792
-169.713654401154
4.6854052523
-52.050775613276
17.64124151673
-87.620773865891
-188.972665409677
-146.296815109803
-115.314053622159
-160.166326349432
51.524051902958
-202.272817460317
-94.783111528229
-182.144833519345
-32.598464415359
-37.054535308442
-171.215380647998
-142.439393939394
-83.435155122655
-68.825487012987
-105.827551110998
-193.479506983902
50.615640923746
16.353063982459
-9.910193593299
-103.49006668245
-184.279120375068
-206.712211399711
-122.267676767677
-25.829032512626
-93.985216985705
-201.936289161143
-32.592282337888
-93.790952916441
-211.216367779356
-136.47008590368
-39.131521690115
-159.190739002751
-192.7693001443
-126.60101010101
-151.599476911977
118.858676046176
-27.609397546898
-158.236283735795
-180.000458688447
-89.606171226777
-159.624721686733
4.445263883252
-94.66714578824
-75.727453102453
-182.177218614719
48.904151024756
-36.930091934975
-29.654318717307
-25.398641831259
-188.160784040179
0.090728715729
-157.515775077787
-154.63846613456
-35.202860073954
-79.30953156002
-74.270091399486
-131.109029046041
-36.711678024666
-120.440295815296
-167.436347994453
-2.722152467758
-2.856519294508
109.862303982909
-16.161134573976
108.610299422799
-190.551283270766
-149.22104978355
-34.179460621843
-136.790674603175
-205.4547053966
-182.833072987126
-162.45365132914
-37.180437184343
-178.468614718615
-42.416744171627
-36.461420144526
-168.674615857233
-136.103166852679
-34.796897546898
-89.30772005772
-31.7959879205
-129.471668414051
-30.789231601732
-98.990189985795
-23.408286971275
-76.764973606038
-39.875832121438
-28.170634920635
-28.385732323232
108.61085323097
-35.133026695527
-36.70489845441
-165.074737328644
-160.902958152958
41.262154891549
-139.506854256854
-170.537317229212
-152.603084415584
-183.135441327336
-141.71339158888
115.789128731512
-198.868526926632
-173.97104978355
147.837474211986
-41.812249870355
-93.888868455763
-96.18184636544
-162.416957662563
-184.063762626263
-92.93175617785
-154.806248872655
-35.334137271149
-36.501275308892
139.036706349206
-30.237494574653
-153.45262333153
-24.738102988591
-112.039211168606
-151.458333333333
92.284271284271
-33.882042382531
-192.364517806412
-162.854354792343
-3.496490434479
48.462059208153
-76.998897315792
-30.528671903184
-100.502164502164
13.241911300505
-33.290383607278
-261.430256809163
-87.027597402597
-17.619969928075
-177.762363450352
-34.958132525027
-24.099858095464
-142.254439625045
-77.485221917839
-109.127365310471
-34.13159144458
14.816205441694
-160.53582490643
-152.45193001443
-164.754231066243
-36.55303030303
-144.290785223891
-85.354277287383
-38.934433621934
-150.073675510687
-22.119518990124
-35.975587346681
-189.076491759109
-145.63646157445
-93.771825396825
-31.090285528274
-108.17854324495
101.946346134334
-153.128086811192
-187.606539727633
-65.464924777913
-94.725899480294
-187.369678932179
-146.811319810832
-104.601040750699
-83.462399525388
-164.970410719922
30.007137502255
-92.296266233766
-17.554563492063
-25.106359352453
-179.222402597403
-99.169941603535
5.019751082251
-152.42323767812
-90.892689450307
-160.503357373963
-98.912309478716
-92.13092419733
-150.03095477656
-98.036907157513
-37.622474747475
-153.266115395022
-144.54835323097
-40.427218614719
-159.612456174468
-152.849775658369
-99.593774660669
104.759760692866
-202.248299118416
1.684716867334
-30.697760952155
-192.829372829861
-96.962502395608
-24.421905297394
-114.199966320572
-154.71245377886
-35.154331399937
-180.876553622159
-133.265625352295
-164.418400664006
-32.241251803752
-85.2738997114
8.076499509605
-28.457508962392
-36.431810431322
-147.388999509605
-96.148982148494
-32.951801426655
-75.790506910624
137.580328959235
-155.143668831169
-137.400523088023
-101.462502395608
-164.077471139971
-95.869137806638
21.15854978355
-87.995601241207
-37.231872294372
-157.380328818317
-192.190906695301
-0.090821369386
-162.131666131178
-29.612984617379
-145.768496206484
-0.871611271758
-152.390089511183
-42.497113997114
19.671665384312
-109.039834731241
-39.993568497475
-90.585239955357
-116.615251989764
-53.509186451569
-190.29119529559
-38.167810921717
-174.564837126849
-43.104277287383
-29.885101010101
-112.883557604505
-198.728555786661
-186.458152958153
-31.758297258297
-40.997732627615
-29.750381183487
-183.216383280348
-168.677697736292
-199.190177444084
-25.941287878788
-149.976538543921
-155.983508353626
-66.770202020202
-204.397539147051
-169.560253060741
-70.008588254194
-50.607323232323
-119.536193407287
-38.445256132756
-26.087682770788
-86.559260997249
-202.806630056142
-155.082469857616
149.467524717036
-153.978354978355
-137.362020737509
-31.303128241117
-149.81611772017
-98.85778192077
-105.416989016843
-203.585407647908
-171.96129684118
6.246503117109
-44.09822203621
-162.558330937726
-120.356158544147
-153.937201253608
-156.535281314822
106.453395915066
-163.154741471636
-152.716429783324
-149.751061817956
-46.890692640693
59.478903854392
-179.196961946474
-38.469959781972
-20.728543104031
1.328455452967
111.678391053391
-101.542748917749
-169.325757575758
-135.237082741477
-41.468704906205
-39.700659637671
-145.172266047754
-146.409381904987
-175.647526464421
-172.71331408392
27.452303447421
-160.030643347538
-25.747131964173
-93.097132034632
-82.604527417027
-88.229076479076
-169.548500490395
-96.535423289818
-31.602383347989
54.784964601371
-25.059343434343
-34.637536075036
106.66964532321
-42.047168109668
-29.951548830943
14.71444565634
-84.808199179293
-50.254980750586
-7.216651024756
-194.356413605925
111.607784386837
-166.079455266955
-96.585165268759
-73.9423828125
-189.717720593209
-170.721328096816
-137.520841083829
140.892568613028
107.511273448773
-30.012273262762
43.866792929293
-23.104084229573
-197.023108456214
-36.207070707071
-38.16847041847
-140.449412512401
-25.50105406746
-99.866424428436
-82.985299422799
-183.691378066378
112.627726060832
-86.74044011544
-36.033266538149
-34.136806823819
50.136994949495
-165.542380416892
-184.503086811192
-158.651154401154
-89.739357864358
-30.01643457454
-166.296085858586
-34.950569450081
4.101904226416
-64.530385467397
-169.645119583108
45.791576479076
-32.485727461558
-171.596258342352
-64.920815295815
-2.523005585994
-96.13247781949
-165.037317229212
-172.951901830808
-22.898837707431
-32.827208327697
-32.051937835385
-37.772214330808
-182.315226060832
-88.27486359127
-159.841780317122
-166.783737909226
-138.406934157422
11.158647721636
46.876713564214
103.6875
-88.189143809749
-193.090298210904
-191.085469651876
-29.600030720148
-39.779233461851
-160.273538961039
47.92936021769
-181.465380647998
-175.848492598981
54.142836709731
-33.290867660985
-34.636897011409
-85.142316017316
-35.44887138686
-95.117985801091
-78.582058024441
-178.896707025613
-152.961933086445
-32.429313362419
-42.693161385056
-84.068362193362
-87.758109132621
-37.589293464782
-38.788752480159
-31.057691874098
-140.375561558667
-197.033529350424
-144.417195109578
-149.152409276921
-67.600559163059
-195.385711890106
-187.135289135777
-137.439512310606
-32.485758111246
-145.388146955042
-205.85847523787
-150.908910533911
-36.176574618957
-94.195256132756
-35.044635106647
-38.810162873151
-164.637265512266
-188.521026391144
26.569547314664
-181.124889379284
-122.627615440115
-109.696629379735
-104.751693131088
-87.654413837031
20.27589158888
-178.104625355114
-183.82492545432
-188.612533679428
-87.71931578621
-188.743313435696
-148.010010822511
-26.168630360525
-37.278140994205
153.495853836918
-173.167408600514
-88.095606596095
-33.128525066513
23.287858354753
-28.121031746032
-142.275051716946
-30.431289738907
-147.275515337527
-180.331599335994
-147.086871082477
-27.426948051948
-33.968725339331
9.32216275478
-165.217068846952
-138.367153679654
-3.394410765016
-36.886884328779
-122.704803334686
-163.589986781881
-203.872273939168
-30.064213564214
99.437930504825
-32.361464110976
-179.555653493642
106.995279595621
-176.644751082251
-29.562881183487
-118.861090677985
-111.065996882891
-159.440205627706
-42.02398989899
102.640069078057
-48.151695526696
-35.396191617627
-100.319632570121
-88.764187635281
-16.838724155619
102.396472396961
-63.076667202155
-31.356040172935
158.343975468975
-156.341963158369
-168.167207792208
-192.231774356286
-152.81176053222
12.519480519481
-107.112654516707
-153.914329539818
-211.179903457003
39.777695340684
-136.152708023314
-37.670536982549
-48.33667027417
-173.41236584596
-160.589736652237
-135.049811733405
-185.976280663781
-136.058240750135
-196.309585813492
-167.487353304248
-203.04979130028
-184.325654705538
-146.330980705492
-160.488656796762
0.425394429789
-94.018648398043
-51.603543104031
-193.518570893083
-32.278146278635
-31.242313621708
-69.181921404334
7.538337476326
19.189574314574
-30.049693362193
-83.148927895022
-34.117346737464
-32.385080576975
-145.059420939304
-29.586752711264
-101.760469510958
-24.052607548701
-143.31230694219
-193.832542078148
-40.627234256629
-151.516594516595
17.69983526673
-121.681658239764
-198.774621212121
27.120580808081
-92.441746567235
-192.046438858451
-157.248466810967
-37.819424011319
109.621843434343
-152.716803216315
-31.320416074811
-161.020402828508
-98.499250315657
106.992083925189
-164.641496578508
-114.420253737148
-158.978354978355
-166.940947561553
7.998564749053
69.023216610863
-149.15673828125
-83.945165945166
-94.638340012852
-193.225747288736
-34.658619538014
-121.129772191784
-201.989197922303
-149.651334776335
-188.38627591484
-50.293818486201
-170.391406390918
-194.945990316108
107.979908600514
108.557006307495
-91.467352092352
-88.856519294508
-197.021742959731
11.81996513686
-36.423242610254
44.65367965368
-37.505849510732
4.862644300144
-175.757575757576
-165.535082972583
-97.6491829568
-166.6491829568
-89.332591399486
14.056738210791
-52.340618095013
-32.058621933622
-83.721222408234
-29.108044733045
-161.368493810877
-181.777264835859
-172.456078643579
-194.170725108225
-90.583887141504
-34.848923103806
-159.641494112441
-148.126192871798
-187.114698181593
-153.343787343299
-158.275625958243
-191.528290719697
-28.236721991117
-187.009399942505
-165.185265743371
13.109464835295
-38.068354442866
-77.561976841518
-195.066476004464
-32.404393403905
-34.231240981241
0.967321442663
-184.309273679879
-159.249200994318
-37.91361297123
-163.955828513934
-160.681990806503
-43.733323046311
10.357483174378
-194.882665945166
-89.800432829974
-33.274059653454
-42.281393031881
-34.86066017316
139.12718493529
-42.97619047619
-189.862443491838
-111.07005532445
-96.845779220779
34.914855164367
-167.907016594517
-158.952581760687
-167.640782828283
-186.656655844156
-30.064873060967
-186.823770982707
-31.831982985547
-181.705169017181
-112.515664457071
-154.322989944084
-164.337190966586
-94.657807849702
-28.746150117244
-186.506735885642
-93.985459364854
-144.303854673972
-174.349940532558
-93.480519480519
91.941215658257
-95.745758717194
-101.238636363636
-132.648441022953
-146.757859002976
-1.377244473192
-90.862902180285
-198.068480564574
11.36001089297
29.108946608947
-171.550332425821
-152.196518759019
-4.279032653544
-196.263175138663
-38.787165037653
-159.159752871911
-185.886536261048
-34.859655427038
-178.766684704185
-90.850468975469
105.165061257102
-93.842970722854
-195.273636899125
-136.270542337437
102.21826171875
-81.715909090909
44.504898313492
71.44906444467
-104.10264122813
-30.819083694084
-168.159353721365
-142.836678024666
-191.070977633478
-124.261363636364
-41.141865079365
-86.87327868529
-37.641115395022
-0.242687054699
9.307740490846
-38.466872970779
-43.322863822376
-3.990419682314
-152.88292875744
-80.781233089827
-106.682699624594
-181.36047979798
-105.362554112554
-106.682331123737
-134.542736235119
-161.328463203463
109.675507516572
8.174623607729
-104.538489667884
-33.531385281385
-142.383629825036
-152.857483174378
-23.443620073503
-163.66132516572
64.355256668245
-93.092782597177
-92.037358095464
0.583243145743
-179.075556767451
-145.647629334641
-198.924783549784
-198.525072150072
-128.76034338925
-136.401453147547
49.898170460182
-84.979063796447
-26.752816248422
-105.857044919057
-78.391246448864
-34.503164316153
-104.574044011544
-29.289494414006
-107.912149536661
-75.4540120795
-86.702180144075
-182.740731111337
-175.668297793786
-151.603326794733
-161.132312945301
-153.575917517812
-111.298783735795
-5.974837662338
-158.079996392496
-28.3345882091
-123.914239352228
-162.872564935065
165.85752404063
-98.438422309028
-168.587281154176
-34.524288645382
-160.699945887446
-156.470049969562
103.215174907558
-159.86238148787
106.162427849928
-33.153529928188
-172.38436682675
-32.298258111246
-35.119748686643
-2.904852092352
-26.817029812635
-149.402605153093
-194.994568311463
-181.028478845373
-34.313123562635
110.293547923431
-161.801484431367
-94.629522062139
-194.074494949495
-2.920245986652
-98.309523809524
-39.428210678211
-38.362456174468
-36.908227433374
-142.644382581394
16.526813897908
-34.022608901515
-157.448760766144
-142.102795885755
11.780212842713
-35.389527952516
-173.884941068046
-30.796807359307
-86.740883302895
-40.846688847177
-29.750278313267
-158.601530793425
-41.302599798205
-190.928573894638
-17.46148989899
-91.024288645382
-201.283168600063
-38.118333868822
-151.986569799558
-143.132936507936
-27.097021413916
-176.776785714286
-196.656397964015
-113.202471139971
-184.42290229302
-150.929826304338
-157.95461520901
-37.397289017406
-34.770761112802
-181.383018945031
-52.994756437139
-106.791909045815
-32.011121257215
-195.726543476055
-69.70966571406
-120.910435972448
-38.646624588519
-76.816731066243
-100.181284806773
-150.061848253743
-161.01426232188
108.255132942145
-111.383851066468
-52.270983058825
-31.7738997114
106.775092583198
-0.869109623016
-165.256846506358
-191.549242424242
-189.637466320572
-143.877886002886
-162.624348253743
7.944784761679
109.178571428571
-99.815398685516
-151.118756623151
-39.824134199134
-120.568625005637
-183.736361240756
-32.643869639475
-155.294109482098
-137.408289437342
-53.098783594877
-31.97115265377
-189.125811688312
-143.199654891549
-144.490001860119
-160.546147862554
-185.345438903544
-119.712051457657
13.859036796537
-36.24990981241
7.781024531025
77.183982683983
-155.725128658234
113.177241513911
-168.364927173521
-208.593815526921
147.066099753111
-163.320534446023
-162.21130952381
7.029310966811
-38.866821112915
-78.375659496753
-84.63455988456
-52.946997880592
-116.409541847042
-199.864530489042
-188.404248962843
104.919671040765
-17.314233997339
-153.013244893128
-27.671815109803
-95.958513708514
-57.364981426993
-177.607130174513
-83.409910347899
8.526994273088
-86.783902783414
-150.692730880231
4.464896594291
-25.786227227633
-30.75259500699
-38.719890027507
-188.998807128202
-156.202280548228
-35.943965322872
-29.257923825307
-32.547611297123
14.553779987374
-61.48080272592
-106.844464807111
6.879138412586
-161.739074618957
-80.936327561328
-28.191578874684
-92.694604386499
-198.032364662247
-43.671008353626
-30.324577386589
-207.021902901786
-40.142857142857
-38.36352574292
-176.276767747227
-93.910611415494
12.183461991567
-93.730782292794
52.778437274531
-41.406573407062
-171.952290764791
14.121552438447
-179.958312900207
-71.397526464421
-196.451035889024
-39.033098845599
-175.587309337798
-35.718983219472
-40.929903809298
112.54998435809
-157.88047325938
-100.694354256854
12.998528814935
-142.803944861562
-28.186495253878
-180.908160849567
-93.167367734262
-147.371863867469
-137.1636002886
-202.935237559749
-151.178210678211
-36.268488455988
20.796807359307
-161.797716985705
-191.406024531024
-137.049262857368
-197.83152958153
-121.122376809389
-15.076401571519
12.487275799288
-37.308433807946
-105.599136594742
-165.305988526448
-80.249348253743
-161.738533493416
-84.767746522141
-106.313151746257
-35.009912884425
-30.304591675685
-34.22008590368
-187.340097402597
-128.108315295815
-90.88483044733
-81.997322555916
0.561069681187
8.544003793516
-94.233495670996
-112.115522552534
-131.577922077922
-141.228244357639
-35.510830261319
57.56171649531
-30.77235877187
-10.229679608586
-181.038157101145
-29.85082972583
-145.301406926407
-34.418552855565
-94.512433204816
-26.327208327697
102.572691197691
-54.377906436012
-188.918818486201
-165.484405297394
-142.630952380952
-181.427566682449
-156.557266653702
-182.023108456214
-91.325376392271
-26.10369529559
-168.789141414141
-135.030725784632
-163.775440650929
-30.265963203463
-179.221750851145
-28.006957127074
-31.947711630817
11.406565656566
17.275621026109
-105.431395427489
-34.107302799197
-93.906393031881
-96.690283132666
-187.42584536774
-39.127414631809
115.208433737486
-162.549090232684
-167.849665037653
-31.685966810967
23.43950456011
-170.115710678211
-106.774649395743
-165.736541615936
110.26777717183
-152.45174963925
-113.171626984127
-94.885191197691
-70.690754503743
-31.186487503382
-116.067390562996
107.279790088384
-151.434163059163
-158.328110203598
4.513605643488
-185.048180606286
-179.378627936733
11.142197646104
105.919310290404
8.169431832274
-88.40404040404
-82.954746262852
4.839473839962
4.626082251082
96.282454849838
-159.672459105565
-81.359766047754
-183.728071732955
-130.482335914953
-230.114345181728
-198.200236883342
98.826298701299
-34.56900125699
95.751713564214
-182.345779220779
-0.979527417027
-32.050762930646
-147.778040590052
-151.234467301362
-148.292478354978
-181.976308847403
-36.832542078148
-29.653318903319
-162.267746522141
-112.366228904559
-149.189942815431
-38.778249148855
-94.252816248422
-37.249250315657
-191.646382209371
-27.633014012897
-75.706898082386
-102.845980029086
-180.962371341766
-189.960420330538
-144.890885698503
-33.37652297247
-76.707160894661
-29.033341224747
-168.99502699991
-35.835297027192
-38.832333519345
-94.611008240891
-8.684551993146
-173.19924481985
-167.957189078283
-86.238553926542
-39.2019173318
145.271163434005
-109.133900387807
-176.10082972583
-37.862804242199
-33.882513753607
-87.68769305781
-188.402950402462
138.955434647817
-156.803038053526
-183.066857187951
-151.349296536797
-34.618256363862
-33.001533189033
-32.461031210543
-82.972041847042
-201.617506679518
43.791756854257
-41.838626217532
-95.950757575758
-34.073404947917
-113.695075757576
-91.292006983902
-174.686307128202
3.750381183487
-56.394944140061
26.919835914953
-41.238734301723
-51.265981170522
35.263257575758
99.764460664119
-94.431727994228
-151.469405973801
-23.679924242424
-29.299500304383
-71.601834471952
106.628254503743
-37.866945120851
-71.178391053391
-114.738804056187
-196.335948773449
9.266491646374
-35.44037825239
-157.268488455988
-194.694326073232
-176.533619538014
140.421619233631
-76.500992063492
-148.931186868687
-155.756764069264
-150.437249870355
-177.037677979573
-131.759289321789
-28.496011312906
-189.714043335137
-27.766336636454
-195.825236883342
-24.103514920409
-42.073330261319
-157.551324489313
-156.36583151549
-127.267045454545
-136.823523319129
-73.303932178932
-197.269189523584
-57.541424287518
-31.391672021555
-147.927996834979
-33.925054112554
-164.342192150298
-151.923142206101
-37.552050922168
143.351530793425
108.536546407152
-103.079725829726
-187.320444258433
-29.31797325938
-88.568833564439
-28.908910533911
-173.488095238095
-29.680063751353
-141.456537332026
-154.855519480519
-89.807178932179
-36.973484848485
-30.047611297123
0.057171181683
-81.546626984127
-37.124010402575
-165.295614487509
-151.434516059028
23.181024460565
-177.769591140197
-53.893759018759
-211.183080808081
-153.542388167388
-82.908029091135
-157.353994041982
-163.774829770924
-143.920065611472
154.193460131448
-140.908722408234
-96.884289321789
-164.701200763212
-109.856691919192
-31.989538239538
-55.297340734352
48.044310290404
-199.258276825171
-93.157119464737
-192.513507705402
-190.18099874301
-162.590535657918
-166.34431578621
-35.383214821203
-158.478625541126
-175.601891543786
-101.974476911977
-44.387092887581
140.419702395044
-175.8318001443
109.217604688064
-23.528772307337
-180.748835311824
-26.856802539908
-164.765344572962
-173.275793650794
-84.322899756494
136.907307590413
-39.386175510687
-30.726280663781
-40.046884864268
-35.61447623557
-154.248028555646
-150.041133291622
96.284441442889
19.358676046176
4.016885512491
-177.669704861111
-62.366844716698
-163.985209235209
-89.747474747475
-187.315594561688
-146.807627404063
-193.339347718254
-44.629787692776
-160.827491573097
140.306117114223
-29.328275077787
-30.931895686779
-162.905094471501
-162.142759204771
-29.657487965593
-41.013347763348
-96.489989177489
-103.323691011679
-148.515040894435
-106.122446563853
-162.232967228084
-77.727813852814
-141.626270376759
-155.698683261183
-152.67975161774
101.259028975582
-67.386350953734
-85.80755236517
-157.966630591631
-35.503669507576
-148.38437950938
-164.475747288736
-64.436515687004
-91.806568052174
-148.197781385281
-185.343614718615
-49.731789857278
-194.921639666757
-151.372204184704
-75.908799913194
109.006292698187
-39.67335323097
-94.758026695527
-149.129537563131
-37.4009944591
-169.874188311688
-41.529012220418
-42.47286128585
18.463223896329
-28.702082205988
-75.547959364854
-34.743055555556
-156.806284806773
-77.595147907648
-28.483938858451
-145.357766419778
-151.745490620491
-83.806916119904
4.592823463429
-31.414973535579
112.375932525591
-165.096410533911
108.728903854392
-53.575479262491
-39.187770562771
-28.955936668583
107.14716571406
-159.474288786301
-175.117978050595
-74.985930735931
60.464994532377
-48.068202251308
-48.532828282828
-41.458944213339
-188.207632265738
-162.247737559749
-47.516927083333
99.99466096512
-164.286177906295
-179.711407461896
-143.563234183351
-25.230241167253
-150.535685749797
-27.095498441446
-164.826651701163
-192.55007454568
-92.548791486291
-30.959686147186
-189.845147907648
-31.002733811328
-182.400350463339
-98.829996392496
43.749726971163
-171.531586089692
-31.152785528274
-152.014069264069
-74.509928385417
104.681928802534
-190.082799958288
-100.584595959596
-111.439471444354
-192.655725784632
-164.715811152823
-200.443913535466
-27.898817274306
17.792184893015
-180.7433056852
-164.283361657873
-37.514868269751
-28.805813435696
-187.806625124008
-117.799131803526
-147.202471139971
-151.392145858699
-168.512147141053
-211.85473597583
-159.682908183396
-6.462051457657
-199.447327981264
-154.743346551452
-194.032044778139
5.560606060606
-3.79398336039
-33.150785900298
-39.796724922213
-190.972062280168
-149.693851531498
-102.275974025974
-161.639241888754
-137.312479566874
-35.121843434343
-86.646727458739
-89.376984126984
7.699868382486
-92.301497113997
-37.328164457071
-152.759712076118
-30.60119047619
-177.447039451434
-96.607421170409
-111.927960548566
-193.551066609172
-139.327741702742
-27.857753737148
-138.231408673791
-125.580349392361
-37.715909090909
-35.694163665111
-141.957722453328
-165.705349392361
-156.073953823954
33.756593910647
-88.361291486291
13.314393939394
-191.584325396825
-175.831058210453
-43.237525928932
-112.361672669778
19.599226782332
-20.281192223575
-180.70985877187
-32.444735440341
-95.833846275253
-204.836322206439
-179.753164316153
-159.028957966946
103.9375
-37.332972582973
-90.748536565431
-166.05312049062
-40.32196969697
4.07015819467
-201.825868196474
-161.609848484848
-32.406627660534
-175.078122886228
-148.599579782197
-76.100559163059
-36.589826839827
-32.397304518398
-172.280205092217
-156.226821789322
-198.827679698773
-145.185515873016
-44.935446118552
-88.793089234984
-164.051857864358
-162.610021109533
-123.435085368191
-159.325958384064
-166.167929292929
-25.902298656205
-26.31927181976
-184.979354792343
-33.946691383703
-125.751556088226
110.329643392632
-79.126803751804
-30.594967532468
-140.097853535354
-42.84701366342
-42.773379018984
-160.109237604843
-29.29120797822
-114.985778544372
-83.025314529221
-73.13150125699
-36.222582972583
-17.034781760124
-68.125200808306
-90.299484803391
-25.434323001218
138.02743992661
-30.140151515152
114.348284040179
-27.929445120851
-40.436667878562
-74.204988642
-40.019558024441
-107.870518804113
-181.515690174626
-116.10761422822
140.188401875902
-163.550025928932
-8.17611593051
-29.193292438898
-36.110278989674
-154.400683030078
-38.673167923656
108.094885095373
-36.968344155844
-87.78822685561
-33.954262209145
-35.27991409632
-29.454282642271
-202.076561513573
-160.833887141504
114.671516363411
-43.790522411616
-93.047077922078
-172.349915167298
48.536185656791
-31.848312223801
-167.953532957927
-145.296467042072
-68.753336940837
-39.437938255321
-89.907106782107
-136.923873923386
-78.637257761769
-163.253336940837
-161.450043825532
-144.1789941829
97.104609854122
-150.633727763122
-190.845570661977
-33.759539451434
-5.734098800505
7.415672137108
-3.880521876127
-80.431627590075
107.222052063605
-171.886662382756
-182.334518454636
-160.794021760574
-39.760802077697
-203.710510518128
-171.420011358
-149.15568421379
-33.85797497858
-162.737636549648
-31.100461224973
-27.921696738591
-176.292560792072
-189.799159987148
40.22044665404
115.061044315927
-32.319825627931
-119.724587532693
-18.842622655123
-99.811036565431
-172.778700086806
-90.139458198052
-0.646845829951
-95.820678887085
-28.401076896194
114.417207792208
15.903671903184
-33.277326839827
-37.37481962482
-153.414314038826
-182.420011358
-105.612572079613
-180.768328513934
-192.14161494972
-33.542027417027
-32.140873015873
-143.140672207567
-104.171266233766
-77.556990806503
-40.336510332116
-140.475018037518
-167.49321549761
-174.830607272502
-31.461678024666
-102.946358816964
-41.519398082386
-41.243985615079
-167.630792438898
-188.495864053481
5.888097633703
-32.078024948142
-165.055986060381
-157.807990620491
-184.530290347673
-192.016664271059
-62.892869825487
-171.945436507936
-101.188123562635
-40.934343434343
137.864378297484
-200.653228715729
-37.103354978355
-169.739440301452
-88.03572203621
-40.486180865575
-30.154859842848
-90.02677796379
-96.452994298453
-31.125610880005
-102.79988148787
-36.612734487734
-31.828615395022
17.616940188718
-159.294480449021
-29.665584415584
-169.86831836783
-39.462469279852
-99.257395382395
-78.106081039186
-137.830668924175
-154.618874994363
-171.032647907648
-151.257694128788
-140.070526695527
-179.827283014295
-184.323662828057
-72.040473794868
-37.302842177354
4.35847523787
18.456506682337
-109.055986060381
-185.741354673972
9.029514241184
-168.386634199134
-152.397546897547
-196.755980564574
11.08857196406
-150.633477633478
-201.470045037428
-52.339257530664
25.698623723282
-37.072358630952
-36.457614298679
-172.202533143939
-36.084603710092
-38.053249078396
-26.324404761905
-91.227563723169
-32.289502164502
-30.750250129645
-186.007756132756
-195.127246939259
63.006866939484
-31.625200808306
-40.10579004329
-33.322663014069
115.125891659339
-200.913788414277
8.363198108315
-112.959387400794
-68.351399034993
-93.582070707071
-36.710046897547
-84.928321298927
-86.966007028995
-98.901424963925
-90.783271470283
-119.586046711535
-35.201298701299
51.384407693001
-156.522997835498
-26.705073897457
-74.47601010101
21.258740445752
-154.555112368101
114.969354186395
-183.433892496392
-33.992063492063
138.09892803594
-151.622291906227
109.138626076614
-82.584776334776
-100.412229507689
-153.17602574292
-180.72573953824
-192.206910765016
-157.126152005546
-30.835137085137
-180.307379740485
-162.168490851596
-121.714543594426
-176.748556998557
-163.967975654987
-154.149330216225
-138.954365079365
-99.410984848485
-150.766672021555
-147.464736652237
-78.476821789322
-202.307178932179
-158.637837287496
-163.111791393286
-194.627234256629
-43.371191688086
-188.214466089466
-135.092352092352
-155.487997300009
-76.048077736066
-177.91340723079
-49.110271239177
-181.517148324766
-27.949224386724
-40.852806102318
-35.057469928075
-80.950757575758
-194.618416305916
-31.515860333243
-129.909832842938
-28.034299467893
-154.264422263934
-52.311528369634
-86.619220243732
-182.487644300144
-167.903256899351
-229.863275613276
15.214077155483
-90.909701789096
-39.849358540765
-30.824425195031
22.477633477633
-180.017836709731
-166.373389306006
-25.737213795319
-80.855637851732
24.085428081034
-67.373840243957
68.559065121077
-131.329434833829
-156.416408786526
-40.522920330538
-194.449564703959
-83.881222943723
-38.218697155709
-44.543019480519
-189.794740795229
-42.212100778995
-107.068931502525
-35.926780359398
-37.953432553774
-34.475018037518
-34.193715193227
-41.133305008793
-26.661623912112
-190.28354978355
-35.213185496144
44.703733766234
-92.770202020202
-162.058330937726
-183.535804473304
-59.672897360886
-185.49244467555
-31.030560910444
-34.333305149711
-157.701131008748
-193.40854978355
-121.015311457206
-36.642246262852
-75.565267631674
-152.853522670905
-39.367895613501
-170.94715007215
-84.31031506471
-32.831349206349
-31.363005050505
-204.358196924603
5.275453333559
-171.87118393759
-30.679452871347
9.673713981331
-142.795704675099
-151.84986584596
-184.669671040765
-32.072510822511
88.341109899215
146.530844155844
-107.764409581304
-117.672361167478
-133.932281802399
-183.684065121077
-181.512786204681
-81.292478354978
-146.023178210678
-34.432088744589
-34.053038053526
-153.573121702516
-188.112644300144
132.934281430375
-16.067079133974
4.979367474973
-30.810335497836
-143.536345598846
-155.135358890242
-116.401252339241
-198.583055020067
-40.327370735818
-180.325729392136
-41.358676046176
-91.918748731737
-173.390610203598
-63.28354978355
-35.693272005772
-98.294753477859
-150.523070056029
-185.856511544012
-196.592073779086
-98.119576061959
-33.920441862825
-104.259850880456
-29.497536751443
-172.744408369408
-176.217622655123
-182.912329911842
10.195173695662
-86.993887676993
-63.197322696834
-109.476252480159
-178.431650489268
141.472755597267
18.87977994228
-157.296426175821
-189.63761851213
107.571078037631
-201.571802004419
-42.342352092352
19.585567589962
-37.875250129645
-158.30247121043
-166.387056953463
-142.23765205064
9.768869639475
-24.536636594742
-31.685515873016
-177.795807545319
94.885984918944
-149.138569357075
-145.511093073593
-184.12222461783
-35.757034632035
-148.70698051948
-25.716810966811
-83.500172624684
-87.119150489268
-40.183982683983
-52.620511053617
-39.356782106782
-37.002316693723
-179.358946608947
58.230870014317
-184.606880044868
-172.253787878788
-134.891261949856
-32.844093840188
-55.994145557134
-65.125471371077
-27.027659406566
-31.172245614628
-165.45880470441
-38.38655176204
-154.144861702967
-27.813213750225
-95.734397546898
-31.504030257937
-88.743436739042
22.521016174581
10.876703347651
-72.294983174378
-60.878705441694
-160.946415888799
-159.227084601596
43.45583626443
-37.224920099432
-98.118617114223
-114.163162033279
-142.108575289728
1.683892496392
-150.060327747339
96.17984180533
-196.675304242199
-48.408196783685
-31.615432364944
-37.414953102453
-38.488914676903
-170.102481286075
-40.274342898855
-78.00764551204
-29.455627705628
26.698335193452
-189.026404530799
-158.34452681108
-192.20985877187
-145.556346810741
-35.420905483405
-30.88683500744
-134.971410533911
-32.253759695166
-31.056117114223
-13.725711354618
-167.965818903319
44.918547923431
-40.233127170139
134.007665945166
133.699863450352
-76.412608225108
-105.868658685065
-34.808531746032
-126.970348715954
-160.241174298791
-51.203553391053
-39.446415888799
-124.379176812771
-65.300123867018
-186.114275427264
-91.488816738817
-187.636265698277
-82.683691688086
-33.318003909068
-150.130882626488
-160.141865079365
-40.28633784835
-36.162961224973
-28.144382581394
-27.012265512266
-42.279220779221
-157.368235930736
-156.129226134109
-182.467705092217
-126.998306868912
-34.414321789322
-187.201631268038
-39.525863405258
-31.88196487757
-165.492784992785
-33.550783363772
-144.023629148629
-92.825425009019
-151.941468253968
-147.178300865801
-149.091810966811
11.288252220869
-38.056457431457
-91.548152422664
-24.144653144165
-204.377365310471
110.127615440115
8.475569379622
-77.090019897637
-163.88961038961
-144.100448542343
10.834047083559
-153.546709421221
-174.028158961264
105.57989845441
-38.034472092578
-39.467532467532
-109.258490668403
97.836129148629
18.970065470554
-8.271742959731
68.064726506133
-42.840367965368
-100.876553622159
-140.13638406949
-155.45096613456
-145.43175617785
-35.522616652011
-111.771838079455
-161.242764559659
-170.020194269706
-30.838667083784
-90.926747243642
-26.820534446023
-193.540223665224
-33.496482683983
-20.838646650658
-162.526417213429
-148.335776148764
112.28716750372
-26.035276030393
-144.875443187455
-154.240690245085
-121.352806102318
-36.920918166035
-152.228723479212
-34.600120907738
-192.602896289908
-15.813213750225
-95.823564889971
-27.529754154266
-182.233503421492
-137.280661314597
107.510023505141
-85.55294011544
-132.484369363276
-36.556026926632
-198.181547619048
-189.824113766008
-81.012466320572
16.837391774892
-187.521534400929
-195.868604431593
-135.811216940611
-30.283840779446
-30.419900737284
11.215966162744
-46.563680189168
-42.790612599206
-109.852014847132
-6.671995484984
-43.857586044598
44.815664316153
-147.99514255276
-187.874438441333
-31.85091991342
-164.842442279942
-35.028762090774
-28.201909581304
-183.731593981106
-28.504669321564
2.086471931931
-30.129398758793
-25.683330937725
-27.554736116748
-10.584325396825
-172.083596145608
23.867223434118
-72.586461715368
-199.508026695527
-27.365592306999
-35.222152467758
4.914314038826
-157.214466089466
-148.720155658144
-104.367416491928
15.425762930646
-185.123183565566
-120.644480519481
-115.724858095464
72.791138223755
-95.10111297123
-164.301685239674
-79.632104386499
-21.052432105655
-179.225899480294
-137.868075988681
-85.351571659677
-196.368153493642
-152.253607503608
-28.289252034858
-168.886737069354
-39.649791370739
-78.945518945031
-38.53145503585
-185.358217357729
-172.489157056052
-86.484119233631
-40.528298470193
-148.494588744589
141.07988577178
-198.214556277056
-189.682789812184
-184.850912162924
-172.809273679879
-172.35108760597
-34.526427429992
-47.959533955628
-181.383137316243
-29.527424777913
-36.34136002886
-90.073322510822
-188.15681578621
20.502262440251
-32.635461760462
-183.46376502187
139.679194991207
-32.937613086783
-160.994137806638
-191.181560301678
-78.852515106421
-203.109938672439
-82.227563723169
-35.566099753111
-30.125450937951
-26.269660894661
12.600649350649
-45.176497113997
-84.091159220554
-162.682441744453
-30.411095469201
-183.54894367785
-175.924963924964
-38.631305380817
-160.884129379735
107.265991387085
-182.476633663645
-199.314463693858
-29.626352813853
-136.237636549648
-39.062520433126
-96.430928988546
-81.024178024666
-78.103633291622
30.520905553865
-37.326847577336
-85.865870620265
-153.308812525365
50.992153679654
135.824286390693
23.019292393804
-168.895882302376
-169.443555251172
21.172557043651
132.23097041847
-188.704365079365
46.75218493529
-37.799865986878
-103.021925800979
-95.259998139881
6.542679163285
-39.775523088023
-189.31153612013
-105.077581760687
-172.002344877345
-23.250082437094
-184.938971185065
-35.838030838519
-161.829192454681
-196.53822685561
-34.268238326344
-142.355076293065
-150.370658313041
-38.135335286458
-92.012445887446
-34.242965367965
-160.3538883534
-107.089803940634
-192.958312900207
-167.207542078148
-115.88646157445
-77.619929061824
-197.358287112193
-37.391323953824
-51.25696487757
105.326679884785
-34.787878787879
-87.440316248422
-198.558011053617
-49.443174067686
-174.077533143939
29.392766955267
-105.92107810809
-103.564664502164
-177.799861054744
-38.261966765873
-125.700134013122
-35.760551948052
-154.548152422664
-125.806387676993
-189.486922799423
-180.289682539683
-126.732503607504
-11.640249453238
-79.63256800708
-196.669933853039
-165.33170995671
1.725095542478
-24.430735930736
-161.646083462978
-117.125639063627
-89.243784806773
-38.468552714646
-181.057269119769
-163.841159220554
-36.293859352453
-38.237020737509
-32.451950447556
0.576937764926
22.070318136724
-163.524448587437
-66.66916373557
-72.392017270924
-88.218967718479
-33.789702972808
52.491174298791
-36.333665900072
10.577548644931
-165.817632942145
-206.598665223665
107.924242424242
-76.122356376263
-72.16340723079
-89.191094820978
-26.453373015873
-28.357233044733
-186.994428802534
46.715187590188
-206.422639480745
-36.435162873151
99.6681998557
-29.765602453102
-179.309897242514
-164.570547128653
-34.013437950938
-150.186847901448
-201.093344155844
-161.056998556999
-103.758104200487
-77.114357864358
-160.251061817956
-164.745408183396
-102.389257389746
12.0431998557
22.613713868597
-204.666927012874
28.780753968254
-77.31259018759
-85.044704861111
-36.64133170432
-205.493333868822
-164.938742193137
44.740370360976
-32.612401920996
-43.752504819399
-25.914502164502
9.565774936869
-35.898190893308
-140.891061141549
-26.567898572781
-180.298582927489
-31.989538239538
-192.694166131178
-184.203032698638
101.707632265738
-110.504488946383
-200.385281385281
-1.720606596095
-26.001172438672
-159.910160477543
-46.33440783392
-174.146923334912
-154.930292743281
-30.636265698277
-156.033098845599
-34.280393217893
-36.250721500722
-125.106240981241
-157.17993199292
-181.38465007215
-43.203352582747
-31.544983174378
-25.273448773449
-86.901605339105
26.061064749053
-105.565914445797
15.754859913307
-92.545913233902
-158.470877158865
-195.020361962256
12.58466571406
117.276445397051
-33.277867965368
-145.279130591631
-165.982593795094
-173.631673881674
-33.290903595103
-98.988546176046
-188.159639785128
-28.227445351957
-81.156728064687
-166.006320881809
-109.806990806503
134.66810966811
-116.190865124459
-181.00963738952
111.054640997024
138.384549667997
-197.402690056254
-37.039252034858
-5.239079551091
-39.264061513573
-155.24713443024
-100.830176767677
-85.163177534271
-76.67993199292
6.754148629149
-201.411616161616
24.468176463294
-175.42134867086
-191.727986477498
-196.503239002751
-3.806374994363
-133.017488642
-175.96427796379
-35.402757344652
-137.393496206485
-39.438770376759
-188.337322020428
-85.288247288736
-162.626069568452
-160.622572685561
-41.647997835498
-189.732310549693
-97.374007936508
-38.317653375271
-188.892939579951
-187.842622655123
-176.005431688537
-33.350628917523
-25.485910302805
-159.7355826682
-30.09795147344
-40.757588440206
8.30007454568
-32.742396058802
-205.473276289683
-157.596590909091
-171.319825627931
-81.628718124324
-33.405553159948
-24.11047979798
31.334843623174
10.193895568407
-81.059163059163
-197.815566378066
-87.657890286797
-186.686618909519
-174.570707070707
-85.974476911977
-38.194424011319
-101.281663594652
-183.634399942505
-119.251185121302
-38.48816499256
-127.452360519255
-32.880292884199
12.520129799671
-161.569063260958
-86.809335683847
-93.100566913555
-28.841592191446
-160.928641183036
-194.993444489538
-167.253517316017
19.58476858428
-162.386536261048
-85.528388657783
-65.933441558442
-176.471979843074
76.542290229302
-167.667949726055
-90.862296232413
-120.055986060381
-151.761391819986
-27.302689985795
-32.416313666802
-70.028416841405
-110.335760647772
-74.660000535489
-98.185606060606
-33.528970649576
-39.784000721501
-86.311938441333
-38.210314994251
-198.554390867379
-36.378357373963
-144.199945887446
-19.629238816739
-161.178911745806
-35.39926046176
-72.769009148404
-201.651154401154
-77.559874343322
-82.399433086445
-37.599087977994
166.671634734623
-33.736049107143
-28.584969392587
-81.700827330222
-13.733856421356
-155.913219105114
11.92306998557
-149.376061817956
-38.010711890106
-82.46817153116
-35.002823998918
-200.383936321925
-38.467803030303
-143.695957200352
9.072067635056
140.977901574337
-38.299069799558
-155.614357864358
-152.293991110886
7.039600102588
-141.22591991342
-50.87682418493
-83.089917027417
-29.494658499053
8.533838313379
-65.868879926497
-34.965741398359
-172.254862379374
-159.797147676542
125.992622584664
139.393135456124
-34.341921587527
-37.620289812184
-24.60013640873
-143.242424242424
-90.48816499256
-35.351002350514
-164.471590909091
-185.592991155979
-155.149899525388
6.631150723192
-174.209173205267
-163.765352323458
101.964924777913
-91.619395686778
-34.208964646465
-177.401597588609
-133.679723434118
-94.649731832837
46.100268167163
-167.011523578418
-135.071317950712
-29.121655308667
49.851030534136
-55.100566913555
-232.315767186373
-87.372564935065
-157.614455802444
-152.68264255276
-28.753267186373
-77.884719826614
-171.532557720058
-91.816710633117
-150.933621933622
-190.005230880231
-4.94220243732
-40.646096145608
-151.674963924964
-25.719426406926
-33.24809831011
-94.128066378066
-86.163677793561
-1.32685250947
-208.65307652417
2.715658961264
-165.858065166171
-14.520825582837
-40.501435250947
-85.563381442776
146.245191874098
-90.221330562883
-173.101120721726
-156.374992249504
-158.716298024892
-107.692537822421
50.905913910308
-30.954555671108
-80.87671603028
-112.276154401154
-33.260832727385
-38.092885467397
-201.001803751804
-204.294351861246
-156.12194137243
8.587469279852
-100.625803937816
-44.063685121302
-169.806014244002
24.544983174378
-32.525260275749
-160.307171181683
-50.385912698413
134.456361888979
-32.168282292794
-125.053919496302
-34.195063074946
136.90024230869
-189.987541429924
-186.820784575667
-37.819735440341
-32.45689033189
-155.921706955154
-161.742625050731
-81.227543290043
-148.488746984352
-1.002705627706
-79.226481472087
-149.36937771972
-151.296516363411
-187.721652913059
-36.15594209393
5.795351675234
-164.112734487734
-100.838396521014
-39.869781802399
-5.568292438898
-113.581501397908
-188.920454545455
-147.471979843074
-143.423811919417
-162.125930059524
-37.637716450216
-90.508305008793
-40.539579669462
103.518390517902
44.206078643579
-167.183261183261
-34.136183261183
90.002254689755
-74.960428081034
-88.303411486517
-98.5558056852
-128.173778803662
-191.956967836851
-161.24235448796
122.717813246866
-38.019751082251
-119.737463924964
-91.719885095373
-155.52964353355
109.169434298341
14.824863450352
40.79024409835
-36.971681096681
7.899641645247
-113.369039868552
-158.582632265738
-24.763778268173
-165.13483044733
-176.524981962482
-159.919171486066
-34.082542078148
-30.606331168831
-184.234959105565
-156.93002218051
-51.522263652146
-31.973567285579
-145.821199227205
-29.275675279582
-177.673422985435
-90.868699551317
-28.718532281521
-100.837662337662
-38.787399666306
18.803321298927
-205.264311643218
-197.914128731512
-150.17812049062
131.494859307359
-181.818813131313
-183.353154170049
-110.609064980159
2.464486522592
-154.395464832477
-189.053952612058
-29.208732483879
-169.362914862915
-37.018050200667
97.842905900523
-45.068715193227
-30.794472698525
-155.791638483045
-28.683351370851
-82.81259018759
-35.296176046176
-30.877767631674
100.287961224973
-45.199675324675
-33.324237069354
102.857130174513
136.22123015873
47.91532160331
-25.670622238005
-30.771354025749
133.351530793425
-189.619490806502
64.987401920996
-33.786976911977
-39.388229392136
-142.781766464872
-71.597881718975
-41.459513522502
66.9420995671
-169.011703953598
16.468266650884
-34.300677675189
-115.586018527913
-1.10568717307
9.224229248399
-147.457243331755
-91.293547923431
13.560856190251
-113.262626262626
-154.658199249752
-148.557441744453
-31.879612249729
67.438935250947
-29.04979130028
165.877996623602
-175.216831399937
-44.429473304473
-189.51147425708
49.488919609037
-39.152965903454
5.364357864358
-94.447260692866
7.325404575893
-187.172425989809
-32.817550505051
-38.492604617605
56.7019173318
-18.227646160263
-25.178550995446
-98.100767721861
-140.255862193362
-163.716089466089
-35.887656912315
-93.060155122655
-140.799595424107
-34.631846506358
-17.307519249414
-166.516692454681
-38.484126984127
-27.43759018759
-120.64630470441
133.053398803887
-84.28554166103
-105.070609132621
-148.280743751691
-35.014041080447
139.838265467172
-193.558531746032
-86.35865561305
-188.619034936418
69.029962713068
-88.855339105339
-161.104638037744
-37.310355930961
-197.699312108248
-199.742145929158
-172.69515819467
-148.250909626398
-30.204738512356
-40.790764790765
145.609327792433
107.123134244228
-3.132243190837
-39.50431103727
-174.707251082251
-153.58927796379
-189.627705627706
-15.422696552579
-134.197441068047
-47.121913188808
20.755223129735
45.492965367965
-83.20011851213
-193.332181327787
-168.411706349206
-173.460144835633
-45.77798633658
-183.512626262626
-148.023476957071
-28.157385095373
-152.226108039096
-41.836732278139
-32.957271515377
-39.960768398268
-189.529561096456
-165.708505958018
-207.458603896104
15.183080808081
-93.023175744611
-170.264151701163
-147.608936392384
-202.359668109668
-87.276164617717
-158.483933926317
-29.811250056367
-138.503615254104
-182.283890100785
-34.370823187229
-55.015249453238
-88.644578457567
-173.298520923521
-188.38637138686
156.1231884977
-151.586041427106
-142.1681998557
-131.510842943948
10.438852813853
-168.845668600063
-148.30753968254
-29.474636854031
-41.012376132982
-48.537788600289
-178.142053205042
-85.855339105339
-39.878156565657
-162.236824861337
-184.484668109668
-115.620871803977
7.887433204816
-39.436479752886
-176.544524485931
-35.214404085498
-30.279679467668
-161.462474211986
-156.074314574315
-95.612734487734
-151.625381183487
-192.568805380817
-38.917741167253
111.051865614854
28.511724386724
-33.552932364944
-180.669011544012
136.113844922439
-87.535471906566
-98.124971816378
-26.020743145743
-66.784992784993
-32.549901920996
-25.843003838609
27.708423520924
-126.298608645044
-88.104277287383
-146.481872294372
-162.898335686666
-196.533098845599
-33.395361962256
-152.356323418335
-168.29510154559
-195.392563680894
1.747113997114
14.251051601393
-30.215167157062
137.034479843074
12.194086160151
-146.5172053966
-33.078983895878
-195.695629565747
21.958271329365
-80.899801587302
-199.797438672439
-24.407305124346
0.505419005907
-82.075646955041
-186.035624098124
-183.879751758658
-151.701466393849
-27.698080131674
-114.713376087888
-143.633956755051
-190.828024948142
-36.544830982819
-33.484279175685
-161.792867288961
-182.420815295815
-89.566821253833
-203.235021109533
-81.652687590188
-39.12317581507
-169.650051716946
-202.383838383838
6.559876809389
117.86613343254
-153.48374580064
-35.827769886364
-35.608114487509
-37.425582555465
73.453254644661
-43.473415094021
-154.279290533685
-37.034389655483
-179.04259672619
-32.430382930871
-26.31242249504
-53.920815295815
148.167218008771
-27.611381673882
-194.20384438695
-95.474276103671
-30.284964601371
132.573134385146
-25.868944748828
39.517864893353
-190.162435600424
-83.778118095013
-198.935438368056
-202.749298932404
-202.103605108
23.583325582837
-0.147907647908
-166.752442815431
-29.523005585994
65.04502404063
107.44820413961
-163.332320836715
-38.758670691288
-152.481609482098
99.788437880479
-173.37394593254
-69.869199810606
-151.560126939033
-75.049603174603
29.415854978355
-174.348866031972
-167.695645066739
-25.473657473169
-85.649703649215
-35.921737604843
-32.964347718254
-204.696596263979
144.853703046086
-168.767738771645
-140.690646349094
-49.808261183261
-39.315123190611
-146.479604921988
-89.387445887446
-35.929223174829
-36.181617373512
-29.504591816604
-203.830717893218
-199.819702324585
-26.145936203553
-35.862435741342
-151.365988991477
-25.162615975604
-28.59136002886
-111.640622886228
6.190664316153
-28.013319579726
10.164414442979
98.006120073503
111.717450030438
-151.29797979798
-87.988636363636
-42.023075340458
-190.207722453328
-193.462953333559
-36.536247660759
-34.394279711174
-190.017143392632
-98.73357810809
-171.116079179067
-33.139277822872
7.381390636273
115.967733275839
-72.955364893353
-133.965187590188
-146.716220872227
-72.531655844156
-94.858593609082
-107.875631313131
-24.425082296176
-88.615159336107
-151.621384745896
-149.441378066378
-154.74503968254
-29.032938903544
-29.26164194963
-203.666403854392
-37.073433131539
-42.191218124324
-27.478818598936
-35.493073522615
-43.881493506494
-47.581168831169
-165.101821789322
-160.739004864493
-28.494609177715
-101.091893403905
-34.306470114087
-151.303543244949
-201.441349882756
-32.243936998332
-80.949466765873
-197.404852092352
-8.44687950938
-122.586136899125
103.610580202133
-99.77581408392
-167.586482148494
-102.692821067821
-77.01461038961
-103.085144835633
-29.421807359307
-39.804993996889
20.972402597403
14.3345882091
-80.841999092487
-17.455730575848
-26.044983174378
-154.272397172055
-36.035681169959
-89.372544501939
-82.140991387085
-36.231982915088
-160.306660705831
-41.794204601822
-194.057011239628
-32.088654401154
-125.520624774531
-175.218962786346
-27.291305916306
-23.857864357864
113.558150562545
-84.878635687229
-110.058330937725
-181.262085137085
-38.455467763573
-84.337822279717
-156.613656796762
-146.88924963925
-30.791756854257
-137.234217171717
-108.482593795094
-114.292285297168
-38.752357559975
-148.133658008658
-146.17890399531
-148.426599984217
-179.239316645811
-31.494789552895
14.265622886228
-34.267960013077
-171.176690171807
-180.022116392722
-146.950134013122
-74.10857810809
102.624291181908
1.64811620671
-94.063048876037
-149.717163966676
71.094086089692
-80.082890145878
-161.760933131539
-38.396714776109
-126.212641904536
-179.647124143218
-134.794392727498
-36.912580041486
-90.564386188898
-101.484279175685
-132.209242959731
-167.423603360615
-36.779310966811
-34.460239955357
-127.926136363636
-173.479084229572
-197.422737418831
102.375520692415
-25.887518107977
-165.618756623151
-38.257637761544
-46.800595238095
-155.853383161977
-50.695879695391
-32.436696062184
17.945887445887
7.361812178707
-38.343003838609
-153.165563982458
-28.69400125699
-187.60309216608
-33.449577386589
-154.019112018624
-161.877007026177
-149.386301632395
-34.368428988546
-203.691829004329
-102.750832121438
-145.015532698638
-146.148005585994
-118.991594587054
25.710650027056
-191.327089956484
-189.657044778139
-148.010309568903
-148.80553512243
18.619748686643
-149.431990806503
-228.644382581394
105.992140997024
-178.185974561463
3.703380766369
-182.664883347989
-32.580968022863
-164.109559955019
14.601381067934
-35.70262333153
-46.311868686869
-191.841798284181
-47.247397242514
-161.253718124324
-0.845225412608
-75.443542568543
-185.195366753472
-181.917741167253
-200.35597041847
-36.063484312996
-31.165113044508
-195.408908067844
-180.588133708739
-35.193722943723
114.763417517812
-37.458140275523
-171.958686333198
-161.00792875744
13.934982497971
7.914432410038
94.313422309028
-200.572969510958
-198.457361702967
7.700747359195
-142.200687821293
-158.056264373647
-154.671356421356
-33.81718975469
-89.717151284046
-49.075687821293
-32.094155844156
-30.588293650794
9.798090418696
-172.97861779063
9.219596565544
-187.843642902237
-185.603252108135
-154.585678210678
-112.386203694309
-82.96646289908
-185.679924242424
-26.66771826806
-178.364177489178
-85.139159451659
-200.485840548341
-80.437028628923
-171.345521340639
-40.427496927985
-45.124832307449
-33.843795093795
-176.919442048837
-100.527064027552
-153.132021949405
-92.243055555556
-155.609389796402
-171.060716681322
-172.269112018624
-36.605527231016
-156.525494904401
-147.138790950803
-137.144490736043
-154.80571549761
19.783119278725
-118.45411494972
-39.161443536932
-94.766684704185
-39.809343434343
-46.683511312906
-90.013708513709
-155.896284271284
-45.365800865801
-92.155663780664
-129.811680561192
-158.021856046514
-89.514422263934
-169.102460852949
101.165666852679
-171.922696552579
-43.112456174468
-40.861943232549
46.843253968254
-79.636464040517
-90.608784200825
17.040942699878
-186.973685656791
-95.183982683983
-63.458694083694
-42.370511053617
142.443542568543
-6.883207070707
-194.373404806999
-30.743689334754
-33.740087115575
-204.045462295951
-39.772887214782
-156.461642090548
-35.721791717397
-151.777958152958
-100.627427314439
-31.307449494949
-142.947691197691
-200.600218845824
48.657447099342
110.398088023088
-93.131202510597
-88.111041356647
-98.774899525388
-111.950840012852
-25.459866522367
-198.184995180601
-20.961690707296
-33.826909581304
-118.293720548115
-33.727826535444
-30.347500535489
-37.91072203621
-28.068522135417
105.199402295838
53.490738861833
-189.083516174581
-36.562770562771
-74.006403318903
24.12968975469
-30.426940301452
-105.778929783324
-39.779699900794
-30.821137575532
-31.165875411481
-134.36839587279
-186.484119233631
-163.198683261183
-100.950737142632
-198.662878787879
21.014409581304
-197.55779756268
-149.127713378202
-27.629710187816
-177.512979262491
-187.111652236652
-77.184575596929
-163.390852582747
77.479888167388
-180.768668831169
-84.816468253968
-102.728362728851
107.444715007215
100.942349696744
-161.654138342127
-85.768578643579
101.870753432765
-181.148067589962
-102.945343854279
-28.599767907873
-29.358323046311
-0.99627412518
-158.762085137085
107.565218310336
-129.494596495085
-53.625270562771
-163.627692945076
-159.157016594517
116.722652727047
-200.180936739042
137.911796536797
-176.793449985345
112.838553997001
-39.349448728355
-35.108738050144
-34.563950751939
7.51712789164
-147.163391729798
29.258678441784
-136.957709770698
-152.140852582747
-90.024268212256
-54.981429106917
-87.396472396961
-192.178308616297
-186.510309568903
-37.128537749143
-39.650244774756
-156.314865310471
-38.343815526921
60.108065166171
-182.065636132531
-35.327721269616
110.512876392271
-165.187840317235
-150.521464646465
-101.734279175685
-96.768828773223
-141.174523203576
-29.604888167388
-93.958090954185
-188.8384944591
-45.149781154176
116.585588023088
-33.238035700194
106.433261183261
-173.412095283189
-159.285922844517
-150.932449494949
114.060696248196
-24.810606060606
-75.98088023088
-161.908111528229
-11.148551643669
-173.230158730159
5.410183376736
-84.546106291712
-207.50695219494
-29.920081112464
-180.83315542422
110.422639480745
48.157537286932
4.890409395292
-138.120428968818
-22.499389119995
-199.022539147051
-183.966713028725
8.650711213699
-182.62672131471
-182.114009796627
-200.377344877345
-36.946688917636
-76.500520692415
-120.821546942641
-170.664973535579
-149.769362148268
-66.63873669733
-176.424680679564
-195.998835311824
-186.64690783392
-158.110369177264
-33.139257389746
-153.640311457206
-152.54024409835
-188.974595283189
-35.057920866026
-79.895299958288
-181.857941862825
-55.566669062275
-34.41351010101
-41.193841314935
-42.846693779311
-145.318903318903
-41.923451169057
-29.765610203598
-30.755854442866
-149.630681818182
103.969779406791
-202.246322741928
-115.171696738591
33.958214962121
-31.09279281374
-170.784729972718
110.06519787721
-187.895841083829
-192.864149305556
-27.529929597312
-16.235417794012
-172.306256623151
-94.838564213564
7.548340548341
-89.372938368056
136.963306333424
-81.331980519481
-85.593321256651
-54.624340503247
-28.024087837076
-96.793039913645
-197.704656075262
-78.539174529897
-162.347410347899
-166.614898989899
-100.019021831034
-188.450036075036
-162.490599705199
-53.918387981376
-93.174332611833
-37.699825050167
-174.45479558419
-158.00974025974
-35.026715959821
-29.751886188898
116.156217588835
-176.150363145969
-98.644472768984
-103.002046130952
-140.759261138167
12.662886538375
-26.760662568768
-188.03832972583
-153.562049062049
-149.577733952246
-167.752976190476
-35.131673881674
-140.115280173386
-185.301878297484
140.327478890467
-153.414043476055
-74.926759926272
-153.281233089827
-155.015893448999
-138.309884559885
-137.87970243732
-203.158021340638
43.981408673791
-199.563299005682
-209.980960201908
-94.806720243732
-116.785624098124
-33.039332005885
-201.000819438808
-88.722291976686
39.598775844381
143.848593003134
-36.653388657783
1.913860634808
-158.674164919282
35.519060231218
-37.098763161751
-157.464466089466
-33.538087346681
-148.604617604618
-151.171626984127
-36.871580622069
-27.663858168741
103.9387524097
-158.56260287022
-89.430743681232
-33.309642180736
-77.077553577065
8.647258367717
107.638368196474
136.819364473417
-177.026502468885
69.583603896104
-35.59632034632
56.248847994453
-195.372946118552
15.267766955267
-45.38638406949
4.114901455966
16.844246031746
-168.759920634921
-143.085255456349
-179.406393031881
24.599366291261
-85.118238396803
-100.210330142947
-113.612997300009
-199.950917517812
41.185057184569
-186.313319438808
-212.674360795455
-167.071408138303
-182.744039868552
-39.72418591608
-150.579906204906
1.584748151154
-177.659541847042
-103.870658313041
70.792006983902
28.316988946383
-124.611541615936
-20.130759323142
-32.58178746167
114.619588744589
-189.491231370626
-161.014540635146
-32.375422754329
-37.47201366342
-104.201028138528
24.404769655258
-155.024613461625
11.784704255163
-32.815816507711
-181.556838614944
115.54597523787
-39.405663780664
-122.842331659226
-49.113185425685
-40.029122841135
-96.86734180533
-201.605942234848
-96.636010636499
-227.445436507937
-41.241189799784
115.412255225244
145.800675209122
-202.340831585949
-171.166589161706
-35.362012987013
-86.137355699856
-153.169913419913
-25.207882395382
-167.865612740124
-152.232433853039
112.907647907648
-192.055735930736
-34.652514965503
-165.957521645022
-177.191357633252
-41.5020947477
-36.490981240981
-28.926164547258
-63.959034400929
-149.714306147412
-95.741981054969
-155.32366036199
-152.56797325938
-24.593697155709
-26.870119653567
-39.463293650794
135.42107810809
-109.619959711512
-46.024899525388
-96.686896870491
-190.838654401154
-141.166014920409
-204.26452020202
-36.527068959686
-33.538059163059
-188.776793464782
-27.850731787744
-160.354888167388
-186.022755456349
-186.129488946383
-139.718704906205
-12.477350232233
-71.39439033189
-89.010642135642
-38.606261414367
-146.760822510823
-144.275412467307
-160.33449802151
21.234858701411
-140.702769886364
-190.402236652237
-200.109577922078
-131.549525669643
-93.201672134289
-171.197219826614
-125.215360214872
-19.417027417027
-190.306825932314
-176.209505772006
-147.550582555465
-97.307351556863
-108.607683982684
-149.202089956484
143.420524299919
-156.248286435786
-135.725128658234
-35.393957360998
-186.032044778139
-150.554215424333
-187.508848600401
-91.888046550888
14.106331168831
-32.026757530664
-149.061049248061
-153.380681818182
-159.986464110976
-93.905733535128
-169.872075596929
-189.353437415449
-38.073933390828
-53.291223479212
-94.112296232413
-171.703455452967
-154.794449799333
-155.27886002886
-135.789231601732
-155.942640692641
-161.635031255637
-40.480186913781
-152.874840057946
117.071699134199
12.963321834416
-38.717344341856
140.28460385101
-179.696235513618
109.283026625068
-159.617875180375
-178.046688988095
-28.387085137085
-30.6587174761
-27.118037588497
-48.432469928075
-165.171446608947
-90.693272005772
-150.818542568543
-30.862824675325
-88.436069681187
-30.18463443024
9.641664271059
-38.967913651019
-141.662255225244
-198.923320115215
-165.947879323368
-163.48575036075
-92.628184749278
-39.983946608947
-185.241730925325
-196.025806333424
-175.187479566874
-38.487365986878
-117.719446840052
-32.677638902981
-160.219127660534
-37.904429338023
-31.325909767316
-35.893681513799
-87.755895309118
12.619418585971
-9.344676536571
-151.891942584325
-181.438742193137
-173.426239586152
-27.207771774666
-160.174062049062
-152.634920634921
111.107774170274
-75.887987012987
-34.427218614719
-156.581882581394
-41.410505726912
-198.310253060741
-143.672611297123
33.198683261183
-74.560446118552
48.886904761905
-46.876512755907
98.911075036075
-190.560696248196
-31.731338919327
112.527777777778
181.480171412789
-173.470127474522
-33.217532467532
-35.728154170049
-31.574211704095
-49.200770258387
-100.724997604392
-190.741702741703
-36.590625845509
-73.036263161751
-8.702388702877
-10.060245310245
-154.715339781746
140.381024601484
-38.141303520698
-188.408812595824
-201.78660841112
-90.769550273945
59.460317460317
-143.270001211896
-25.578179958063
-139.058712121212
-192.452540894435
-170.289620535714
-26.041408786526
-190.892135642136
-113.910977097989
17.304743867244
-169.460219522231
-41.608766233766
-203.702200577201
-184.256140506629
-160.709116838023
-40.899337966721
-165.656135151741
44.169635106647
0.83917509357
-94.237123607729
15.700927734375
-36.838363405258
-35.831980519481
-91.86525974026
-83.516857328869
-24.38187468998
3.605949985345
-38.975731787744
150.925582555465
-20.723582786571
-29.815045685651
-189.829215353874
112.045704675099
-186.337211399711
-34.746482683983
-104.937790995896
141.653409090909
-86.984936206372
-108.089045801204
-152.629398758793
-39.733495670996
-33.352362914863
-158.862283549784
-32.315295815296
1.253800561418
-37.30084536774
62.582160894661
-196.663870851371
-200.320444258433
-74.924783549784
-198.854695109578
-159.76137138686
-150.051657056052
-30.676296305691
-89.513198037856
-181.548984544102
-24.152785528274
-143.792359983766
-37.374188311688
88.425324675325
-140.161874041757
-33.468434343434
-25.352280477769
-211.584657963564
-28.015401644796
-28.631555510462
106.406117184682
-193.940386002886
-98.964855023449
-32.921917980023
-72.957722453328
17.795526765986
21.849739724251
3.361562049062
-39.651424963925
-109.926837431232
-192.006320881809
4.236804428211
-32.51939033189
-27.934245496257
-183.75018037518
106.450389074901
-38.949917703824
-27.967705092217
-201.557178932179
-44.240161802174
-156.642065887671
-153.580885585768
-152.781277126736
-156.885090793538
-79.871843434343
-40.032369594381
-115.406573407062
-196.958676116635
-149.005210447105
-177.640171948277
-84.167027417027
-31.20966571406
-194.469086089692
-40.285693852588
-81.369318181818
-156.64880952381
-173.635183447195
-37.221590909091
-190.862353304248
-89.503885816874
-177.703473420026
-165.910276030393
-103.100468975469
-34.022276334776
-71.703463203463
-153.041694850289
-165.946338383838
43.999105874594
-29.927496927985
-185.851551226551
-28.498564749053
-173.177870360976
-28.923693548205
-163.229617604618
-32.965195340684
-27.232774170274
-94.548618861607
-121.002525252525
-142.603715728716
-47.346598659587
-73.82424481985
-27.105241167253
110.701208513709
-36.969065656566
-179.247294372294
-163.551685239674
-98.955238771645
-200.493416305916
-190.939754689755
7.898371268488
-183.631555510462
-18.274608529491
-19.665661920545
-54.463736838249
-44.528852278364
-27.987845108451
-118.062770562771
-43.704934388528
-122.535250665133
-37.557011239628
-46.869769119769
14.151182584776
-169.514499768894
-153.267246262852
-165.630702251308
-189.962932900433
9.400883838384
-26.086010777417
-28.461520548679
-80.004419191919
-29.583513708514
-187.434884559885
-122.165674603175
-135.754238816739
-175.952172393579
-41.179576174693
-32.543117418606
-32.668678977273
-168.396817646329
-1.450695571789
-31.211768212256
129.559150376533
-28.882923825307
-38.840658961264
-78.16810966811
-160.375749684343
-198.906086534993
-30.047910043516
101.180207487825
-193.454205137311
-34.481338919327
-78.32875419936
-179.634186451569
-31.253775196158
-186.186147186147
-200.91323953824
-39.038219105114
29.444331357661
-99.727522856917
-183.878489132395
-142.892504142992
-90.636245265152
-6.181838614944
-176.5153938943
17.927107994003
-34.156295093795
-207.303932178932
-180.775272958378
-25.070194128788
-195.32511851213
-33.376883722831
-172.717254154266
-90.407660590278
-196.475378787879
-156.331259018759
-172.423951428346
-33.265262135868
-150.473603219697
-44.141602267091
-158.601641414141
-145.647248151154
-183.677288369183
-25.445588699495
13.30286261048
-32.415383607278
-6.185147372159
-32.594807590413
-189.600636668019
-45.429723434118
-182.752365310471
-51.498577431683
-41.344364402958
-40.227826535444
-31.149989712978
-31.246454500361
-189.856040172935
-120.055748613366
-79.098575036075
-23.444071011454
-147.394202206214
-147.643766769255
-157.900162337662
-154.483588324653
-87.435245310245
-167.1376058295
-34.689303751804
-155.133207070707
-113.115079365079
-77.68577868529
-32.192537822421
-49.972049597538
-139.789960852949
-34.359188988095
-131.473013477408
-108.59832490643
-174.093712656701
-154.714007401019
-39.919733044733
-90.92603842555
-33.697350880456
-25.268821022727
-133.265520016008
-143.784250851145
-29.033660404266
74.138971325983
-145.690934878923
-155.186758066153
-125.329828699946
-94.737636549648
-155.733294862689
52.854597171492
-65.282738095238
-136.600128658234
113.942981009876
-118.099997604392
-139.87127412518
-138.620212307224
-183.40874284136
-191.354826515715
-4.162871037383
-142.296085858586
-142.947407952291
-12.876615626127
5.175672743056
-72.280751502187
-172.114357864358
-26.094877344877
-29.483052483541
-101.914973535579
-86.233835988231
-186.194424011319
-77.300041429924
-14.806637806638
-163.507062815657
-177.101731601732
-92.652667157062
-24.206238585633
-158.585850835363
-27.38828575938
-139.477896289908
109.671609017068
-197.417921542433
-188.685536306142
-154.709227458739
-55.508464950848
27.340125586219
-165.136646881764
-139.623855744949
-100.659472092578
-106.246044428662
-114.907797633139
-151.739911672529
-81.174541170635
-74.398961715368
-165.476551226551
-36.666014920409
27.1123941705
-168.391774891775
-173.597691127232
105.984557488952
-33.192723129735
-193.898178210678
47.304313362419
-78.897830142947
-30.96358464669
-157.438955684073
-169.057748241342
-190.002976190476
-144.31629148725
-27.295905483405
-0.290870128514
-84.492334054834
-32.787593068671
-143.27380952381
-169.918834747002
106.366603172015
-33.925125535948
-192.918128432306
-141.992082256259
-25.796919931409
-203.21645021645
111.967370856548
-39.457431457431
-33.523647912825
-165.819264069264
-157.905212842713
135.923272745262
79.064769833635
-186.920341973353
-29.250653697643
25.727733030292
-148.783260456583
-99.575126262626
-180.557092280615
-181.803300865801
-190.285079436557
-89.219610318133
77.728625541126
-148.170986271868
3.660263347763
-164.721519451637
-81.118957431457
20.518383074288
-31.278611732252
-166.625067921428
-155.973375930759
-143.195181139276
-111.545796565679
-166.937120519503
135.855628398246
-165.081909062026
-51.828643578644
-34.208513708514
-85.976803059186
-37.628787878788
-172.028657387517
-39.285353535354
132.794266912672
62.069711471189
143.755411255411
-182.97323301585
-160.467641385259
-84.475123318759
-155.484288561052
-168.69915299739
-56.500003704605
-172.356308665971
-31.85595532482
-149.481981280218
-171.211741663505
44.116413380677
-103.095499258881
-139.397099664201
-31.294845735184
-175.800779317881
-74.108751140116
-39.762288015126
115.86994949495
-27.992240162639
-32.470132813997
-115.036432081831
-40.851006396405
-200.898016633753
17.688388772169
-184.214939530278
25.958224347488
-91.662875083274
-140.36075036075
-31.978080710979
-27.326302405904
-192.235663877765
-201.15854978355
-0.876999220635
-160.762987012987
-143.870391033773
-121.87709311283
-189.738640068241
-106.715172496537
-167.975089426853
-37.214484887722
106.195684567846
-169.731673120936
-45.389880952381
-177.311218575482
130.578482001719
-109.553642817906
-154.626010861748
-135.373290140391
-70.259920634921
-4.520559065958
-90.223755411255
-214.97095959596
-27.210031803896
2.650417806782
-201.78841991342
-166.143510958849
50.058264887866
-165.482323232323
-131.600487773725
-88.730519480519
-40.599638488902
-181.231056901456
-37.738884423546
65.05084700261
-113.006854256854
-32.84589191123
35.703827658429
-148.031561951961
-33.883742501725
-126.909000721501
-34.325107464371
-161.062674680658
-55.275357806493
-177.458059065958
-33.504396689059
-83.90367965368
-177.077741702742
24.510551948052
-37.202452341715
-28.256207850072
-100.658012362614
-36.735393314995
-174.572420634921
-189.56737012987
-98.282741799843
-203.499192016293
-100.554747571849
-170.894025876925
18.9613997114
-182.602456807058
-187.796191139827
-181.227092352092
-156.291309620911
-91.110678971416
-186.31484858195
-111.911706349206
56.571537557274
-144.770837037938
4.221677392076
-37.891887582226
-106.593167485269
-35.237738192339
99.96660808877
-160.249098124098
-104.885390371127
-160.414318084717
-44.928229476466
-198.09632034632
-32.559974747475
-158.250270562771
-159.743483990646
-203.455883174748
-86.575941655543
-104.501713564214
-88.209780039381
-36.743040461905
-39.498808763072
-91.837414277752
-187.763419152682
-140.388708513709
-40.277616200853
-91.727471900709
-103.567811668693
-152.376356518458
-187.106056901456
-83.717442279942
-77.235122752224
-177.665659509524
1.157995554276
5.57954915915
-183.187413517015
-106.40898562785
-181.035188253824
-37.665024491788
5.579816017316
-47.396735209235
65.048269159006
-175.660717990319
-187.008120587722
-155.745135564653
124.938576556559
-160.200325436062
1.79103905814
-44.460700713539
-75.942640692641
113.254148629149
-205.68262987013
-37.124116922354
-150.993795854533
-99.859754592653
-178.010529445191
-82.685876623377
-176.045093795094
-145.19571276523
-31.797534554552
-29.927323895959
-33.196614641132
-178.270994910258
-146.566453160318
-35.686684607083
-143.827993467257
-39.655949437085
-36.277871669973
-90.30312049062
-26.390873015873
-175.162702117303
31.19915299739
-188.808618229017
-34.935696248196
46.021844195081
-159.910646600985
-28.86023173807
-184.85544438658
-171.366345695947
-34.796281327417
-98.233240201876
-93.873737373737
-35.032937268674
-192.186056998557
-87.314957567796
-79.010138606612
-178.590912795514
-170.007575757576
-155.759108946609
-95.220850610114
-150.109487734488
-158.483871515007
-194.374364982264
-40.329004329004
118.277601107202
-164.305551850951
-181.652435825673
-23.478712024111
-98.879144924544
-44.785917163755
-103.942659490896
-32.364553333189
-95.579365079365
-81.360641374905
139.942926349062
-173.832773409537
52.155502203739
-181.686241078342
-3.010536854401
-161.42722458172
-88.16854551241
7.97123015873
-184.219516594517
-145.228648043986
17.064397643999
-26.871663059163
-42.577899575061
-86.440671659307
-72.986385378487
-89.191372644334
28.340822607924
-197.483424281661
-34.591378827116
-36.144499317736
-123.929311727549
-159.54572881283
-52.045740201876
-132.294011544012
-149.854422135787
-165.591183358285
-39.931367243867
-177.436237373737
-127.877863500025
-34.449585137085
-183.125469736207
-98.97382680059
-89.51217162007
-199.875108985846
-28.089304512541
-143.232590090489
-89.806010198111
-89.96358301182
-197.890959498858
-41.143492160593
-160.095508658009
-187.717010140247
-26.075686186423
-46.073217229582
-32.193106724242
-60.494321886423
-179.605786338685
114.855718653955
-71.376443001443
-32.91107133147
-145.415388946753
-193.53136648313
-78.508026695527
-183.936759701023
-69.074472446634
-120.826114621513
-182.065382298281
8.596756190621
-90.498827561328
-82.213199758598
17.008007897271
54.513080905182
-193.297596544758
-84.459509476611
-184.524166569565
-131.934989841125
-162.660530205929
-30.008729397993
-10.57945156235
-95.126627081228
-90.27180659857
-147.935245310245
-0.27207716134
-183.149354353956
-144.698209820372
-28.428838286737
-32.673943936567
9.559546312384
-158.495875591151
-87.67498272322
-37.481891092628
-158.211106645768
-165.951911216174
-37.585497835498
110.280479700878
-192.739895285294
-159.774365743001
104.987302348039
-148.066558441558
-161.159271284271
-32.451118326118
-191.732977048315
-36.124458874459
-182.496847138948
-109.313289185451
10.270093034356
-30.458987149325
-192.927398989899
3.407196969697
-2.604726045507
-29.806889571153
-145.769097266259
-181.039250399987
-198.258210775312
-187.071770523534
-114.362193362193
-155.654581529582
-188.775504289767
-114.84370861081
-28.611746128847
-104.807160133923
-38.613465115105
-184.646919289021
-30.180912601311
-191.322510822511
-30.720489859753
-37.234126984127
-190.354181760317
-29.940106313466
-174.193565071403
-96.003156565657
-144.141214967978
-32.872294372294
49.685780468785
-39.259574978211
-194.30066662743
-35.586238134475
-177.759199134199
-40.662766097428
-86.567351331614
-175.354347041847
-135.121858527994
-94.624455169854
-186.428210678211
-35.286764907286
-148.449476151239
49.602107445743
-146.515151515152
-205.355500682264
-74.16082327156
1.286796536797
-14.517567781831
-97.265715143553
-142.173872547232
-109.546991439093
-44.252908505747
-145.575919152682
-180.418361432625
-163.808189793927
-40.993164541401
137.289611150348
-92.876514390778
-35.430555555556
-38.290967668806
-156.845963300565
-39.694376759715
-41.007936507937
-183.659831208068
-66.421968936232
7.460479037242
-35.967509964672
-37.914953102453
-175.584780039381
-47.181551323653
-102.94958884169
-146.87281669958
-184.898647946885
49.000531453935
-188.852704866968
38.100446472608
-157.237396240234
-127.010010822511
-65.232935747199
-117.656114718615
-29.902420732022
18.455263250662
-131.763238777502
-156.744246792484
-174.713132073869
-154.707070707071
-35.401590245455
-179.417795189531
-161.37012987013
-103.746818669087
-195.627074314574
-68.060046136809
-40.359559123822
-168.792204087603
-35.551235677876
-125.65367965368
-191.637698196918
-154.237824675325
-177.673072341545
112.692019596072
-139.139973495946
-166.561958874459
-177.626963517711
-199.143236146517
-81.277852068044
-41.295815295815
-180.600015681543
-184.538958682986
-93.118957431457
-26.091288094569
-29.129888383169
-51.500198628479
10.418539996787
-45.697436532245
-33.984018543238
43.016414141414
-40.245490620491
-204.847585328558
-158.025072150072
-15.768197283944
-160.980769434016
-92.605792399265
-110.900525443998
-174.958895068148
-41.593413734161
-189.108477417697
-30.291414357195
-151.550974241755
-34.728246537466
-202.867963011991
-26.358209210901
6.17288961039
-148.404339436673
-163.696624843933
7.370391306251
-37.666233982015
-148.919101731602
-37.931457431457
-116.728429268621
-49.148342688534
-177.989626071154
-47.407555364083
-174.305375180375
-176.802865825174
-157.378787878788
-125.900432900433
16.094696969697
-166.522639441112
-194.920914610055
-183.372925685426
80.238636363636
-170.747817244537
-151.743235930736
-159.271663274944
-155.901353029634
-191.967460533241
-164.926210653902
-175.884631818851
-37.595601201573
-31.336293626485
-149.920290067598
-90.860028860029
-48.700773473082
-106.923232107451
-96.616341991342
22.907449279169
-51.925216234436
-162.803661616162
-104.250615415807
-36.109036796537
-192.81323975402
-156.059253246753
-149.521660918969
-37.365330584638
-173.058168639696
-37.309341078369
-38.710028644248
-199.739991533464
-155.176677489177
-38.115077009105
107.276515151515
-28.871103680323
-32.335603920412
109.449515558768
7.652576793324
-67.438237398046
-206.522320250584
-48.05753968254
-165.644410941164
-151.120761183261
-154.879416835945
-178.06098742024
-29.647977226224
-164.659812409812
-133.221412889885
-171.468256324229
-165.968882925411
-191.858096509441
-128.736455964148
-160.089213779994
-36.951770248523
-163.975665247974
-91.496644805864
1.816125756906
-30.989628427128
-194.768323978132
-27.231691919192
-33.84875776723
-190.701009885229
-39.522727272727
-119.207431457431
-26.580537518038
-31.054042975796
-119.186345814626
-31.873737373737
-138.836577730605
4.675856674216
-93.195452405261
4.430916305916
-128.799713971467
-36.679110198138
-209.253517316017
3.109052693861
-151.414157311466
-163.212301587302
-95.763077200577
-180.39711185692
-78.917210148182
-41.649512771232
131.512716450216
-157.475177803425
-1.293831168831
-190.598036266509
-116.084073087354
-84.522098315571
-26.736381673882
-35.037427849928
-186.228066162286
-124.752615440115
-26.389971139971
-135.320328067047
105.142854786882
-151.915942809971
-75.261361280389
-137.083333333333
9.582070707071
-28.71372869142
109.233874674655
-28.0025276085
-180.4954004329
-199.918197499725
-36.713476381949
-188.579383332664
17.497673375954
25.341438733826
-86.892316017316
-101.082882395382
-31.384922990895
17.965367965368
-137.219771259963
74.60775827295
-43.425435472188
136.480359714613
-198.866630807411
98.371196223888
-32.827922077922
-83.57646082318
-157.692999087027
-27.856691919192
-32.877450962259
-80.931730350203
-32.78851010101
-107.108840524032
-204.891585389945
-34.286958658678
-150.700956204237
-97.045614311361
-162.694643072924
-192.042205436233
-164.319099591408
-147.799043795763
-180.682627514155
-102.744227994228
-22.009812194032
117.721768928297
-90.654081963874
-8.694969672661
-40.851097932626
-35.496417520366
-154.622366306586
-174.138798701299
-93.576569264069
-30.785154906874
-192.990710678211
-147.678571428571
141.166133401714
-148.12725233378
-96.992174288927
-91.635820154848
106.229166666667
-99.449605746359
-156.044011544012
-175.021266017985
-80.265225805417
68.830555771336
-37.077815993008
-49.479527417027
-35.633766449547
-183.384289321789
-147.56314956643
-55.904655819847
-193.242985977239
-30.214824483852
-96.059431265959
-171.037157287157
-6.281734549122
25.44696969697
18.023716980245
-34.851706577758
-81.62236866256
-38.1920995671
-155.243037302257
0.670274170274
-83.946083718392
11.77099309924
-33.854148413368
-32.623374267402
-146.509652428125
-176.997039706848
-173.352254473974
-38.590076793324
-90.185606060606
-206.50234723332
-46.12723879243
-90.41838023088
-164.353066162286
-137.664483911203
-25.058624289597
-189.117604617605
3.065726143973
143.160073845934
-31.992875180375
-95.696627199908
18.569789297481
-156.601463394936
17.647003416031
-34.752326624046
-59.923430735931
-78.236543795763
-141.649353005325
-33.090897608285
25.454899434231
-196.287529520142
-138.523917964699
-70.340622630814
-32.86010079432
12.327831890332
-150.791560581752
-6.052218614719
-37.913778307806
-37.317836965145
-86.483604111885
-125.635283741256
-116.881595176708
-188.863638719611
-199.088185209905
-160.762716450216
-150.482792423573
-41.17840930669
-161.740275637584
-96.573771092799
-203.015532874786
-201.587105314797
-30.357753561001
-32.410894660895
-192.289139058167
-32.500809332337
-203.002599542791
-31.550579340771
-65.863259715951
-105.602446331778
15.693368964037
-111.251151829399
-27.99034992785
47.822691197691
-64.721768928297
-178.201747283275
-28.519231655897
-1.989824699633
-154.84209978288
73.336853005325
-152.329635642136
-198.787427849928
-29.283660580414
-162.914143770116
-151.844139946832
-36.225286244314
107.125631313131
-195.170019504828
141.372463264851
-152.608964862246
-155.410822726603
-32.624729437229
-18.172547113328
-41.312303727495
-29.973646970366
-113.017496392496
-160.326118326118
-75.972835282055
-34.224921079253
-52.370127514155
-40.656574783215
8.832884751357
-124.942805170497
-64.717965152185
-188.812752309472
-201.083603896104
-31.162897041178
-29.561624237985
-141.02445909024
-198.800063239204
-40.446881865354
-29.923088238869
-153.478715728716
-43.878429484402
-194.663404016096
-108.994516810297
-149.689592567873
-40.74099949428
-23.980771789991
-135.355808296589
-33.651353029634
-171.454723473751
-95.724370827062
-183.950396825397
-156.977723665224
-150.9731082008
-166.065638312358
152.234142881451
-202.652613299922
-29.1590189748
-154.223015657235
6.657830638803
-44.764427658455
-51.726442785662
-46.628336940837
-117.374731793204
-185.916465682213
-165.325847763348
-185.342261904762
-40.556982659674
-26.36544011544
-114.079716703076
-164.39898989899
-36.155481049509
-180.355426936955
-196.372363950611
-37.786273664554
-176.986307383616
-147.781405890659
-44.153318903319
-28.388600072819
-168.635445863138
-176.980498871246
-107.888266702407
-147.811147186147
-138.539053582526
-176.84117965368
-29.356419000447
-30.46093052015
-143.854908776662
-38.496371887119
-33.301406926407
-0.596308863696
203.596783966901
-108.359294676678
-37.710559553226
69.756702065296
-34.008928571429
-156.849046407152
-162.654950030438
-94.126352813853
-98.49531024531
51.702221010326
-70.719856911751
105.231593981106
-201.869506593735
4.827401385507
-164.156274660669
-38.232982729076
-35.10505057551
-33.412886538375
-186.162948542343
-82.293310476416
-18.571699134199
-203.772817460317
-31.951597447691
-37.744957245446
112.607150607639
-37.215076969472
106.351198512926
-27.124729437229
106.728994041982
17.843967718479
-75.160922844517
-75.665043290043
-154.024337966721
-33.212814529221
-96.268501138618
-34.23287210836
-88.363718800731
-29.496495366613
-183.9574934614
-128.045544733045
-125.759490130096
-172.835407647908
-38.498479493597
-211.787618441671
-165.044212352318
-0.979457662563
-0.439115626127
-90.53267609127
-157.603347227859
-93.346430967036
-97.747286621798
-183.965084719968
-88.761273448773
4.821338383838
16.217983405483
-135.367043058938
-150.101551226551
115.141032957927
-39.34051212019
-25.173061948834
-158.154298284181
-30.06555862757
-143.811598124098
-151.302829494724
6.813685121302
-157.440669248286
-97.382034632035
-252.220709466315
-25.259036726078
-78.848595469201
-91.298229927624
-60.177489177489
-81.682609437004
-27.596943908956
-124.937242119859
-33.96905790607
-86.899461270067
1.804115020179
3.797789206236
-33.402589652101
2.621933621934
-180.334944027327
-152.842179467668
4.639818948413
-32.774231925843
-33.922175860164
-152.479888167388
-161.624902061914
-76.78841991342
-91.521387141504
-38.331972768984
-29.325154446248
-191.159632034632
-156.991632987238
-42.104166666667
-30.389945136176
-119.169384977002
-185.109758297258
-145.73079004329
-166.417666480655
-37.105228484623
-68.824752829636
140.062347808442
-14.544101731602
-169.3297053966
139.941305845847
-37.027334590323
-39.163801096907
-166.077932294485
15.191919191919
-180.062249870355
-36.811245124233
27.755970348011
-36.158439162834
-84.457160894661
-142.907274474657
-203.203344832251
-161.517037704049
-38.089917027417
-78.412518037518
-36.577844572962
-174.804120304609
-33.810175555781
-13.751713564214
-173.687159682765
-198.956328773223
-87.788530534136
-197.999430690837
-71.987383953937
-188.675623421717
-41.859224922213
-23.529310966811
-185.565218310336
-30.79862907817
-168.655766650884
-40.443993506494
-189.759268888663
-90.103264790765
-86.433359121347
-38.392586580087
-160.887613579996
42.905024717036
-163.892759204771
-7.644320577426
-161.725747288736
-35.638590142496
-171.214826839827
-28.334936276831
-192.696235513618
-153.563139063627
9.169191919192
-39.979888167388
-31.163788414277
54.972304659316
-31.319887631899
-59.487373737374
-142.381022135417
24.284098659587
-33.195547128653
-95.292395917884
-193.524149841044
-89.215798470193
-39.717614904627
-165.824224386724
-95.574605570211
-190.521492830087
-135.538842667749
-127.919359611742
141.643390231662
-44.481040172935
-153.2738997114
-154.376365496483
-163.16827736066
-161.228326794733
-32.117973118461
-139.251159756043
-149.29023141572
-96.002587256494
-45.401597588609
-102.832591399486
-34.540785223891
5.512007632125
-181.570256132756
-163.572052134064
-35.37490981241
-86.489698181593
-147.186688311688
-158.126963693858
-99.426156796762
-28.896727458739
-35.951741888754
-113.525896521014
114.766476145382
-181.851628731512
110.403118095013
-74.071789321789
-149.307196899238
-77.676066609172
-37.987005236517
-30.868936998332
-39.6231884977
-31.349629103535
-34.969779406791
-168.225641600153
-91.03354978355
-35.244601427219
-38.538157101145
-40.290396289908
-176.216651024756
-185.568112063718
-149.285791790675
-165.20202020202
6.34345477656
109.144939207927
-177.111479611968
-38.283291903409
19.049172669778
48.357621978716
-199.931207301813
-151.761982266865
-167.395846015963
-194.795130015452
-117.762002699991
134.43262987013
-130.889401830808
114.35588023088
88.181367243867
-177.331259018759
21.72295147344
-75.958866708378
101.542220474838
-176.529561096456
-37.260263418222
-146.66524409835
-35.557457245446
100.202471139971
-41.961572336084
-47.170717357729
-90.746946304564
112.949963854505
42.372412743506
-83.0845882091
-36.131403318903
-41.855158730159
-124.353354978355
-145.457611832612
101.353264790765
-195.528589466089
-162.992674372069
-163.047972047484
45.204357328869
-36.282549969562
-45.708513708514
-116.97314453125
-172.717893217893
-38.886446073458
-37.261162828057
-34.134580317686
-191.260711890106
-109.031774215368
-141.822412884425
-27.866883116883
-197.854174417163
-30.513437950938
-19.670982988366
-158.30093555533
-39.33065588925
-45.579996392496
-156.003148815161
-188.961842898855
-190.256563260958
-27.267135642136
16.170536982549
-167.188852813853
-71.491890867379
10.423438486427
-145.421536796537
-135.062708558802
-99.383276825171
120.229187386032
-83.736590232684
-99.520722712617
54.122675555781
-48.34214353355
-198.288169783775
-36.604986105474
-159.114718614719
6.867166362284
-150.848276289683
-149.486291486292
-169.3490055409
-135.308802308802
-108.622191502074
-75.310806868912
-120.621134616252
-186.323031514926
20.792027417027
-12.474469161481
-38.134387259876
-38.293560606061
-36.263355513844
26.418622610029
-159.481338919327
-28.182451961016
-102.996933621934
-57.641705137311
-33.07032588722
47.088105525117
-32.743426522479
-33.727751848846
-153.843795093795
-146.300747143414
-25.295745541351
13.808691688086
-38.559085554203
-79.90126502187
-82.413682725694
-87.367424242424
-36.235209235209
-166.719696969697
-184.224206349206
-170.331467577561
-167.18462174761
-84.42812049062
-28.772186147186
-36.826499509605
-117.809183492289
118.032807849702
-123.692377880366
-39.007665945166
-45.036172974161
-77.299803982909
-107.008928571429
-191.276435180488
-151.780934343434
-198.002275122881
117.072232509244
-201.113205858811
-156.426968485074
-165.625082437094
-169.880874875992
12.23269173318
-44.439935064935
106.345758787653
-198.64439033189
-201.196621629239
-44.80945405506
-74.447670764565
111.209227172499
-123.784188847177
-100.973768093885
-81.929009683892
-149.701729206124
30.737726450999
-40.099845412834
-31.380058255547
-43.725358354753
-43.607032236427
-192.369248427354
101.981421356421
19.972492784993
-27.600559163059
38.320797258297
-159.655560910444
-33.148010518128
-182.676226551227
-108.498819524592
-96.443083880096
50.94255050505
-188.128164316153
-146.456176581665
-165.887154891549
-41.142594330583
-30.539862914863
-37.068645438763
-173.88618572725
-151.32127637987
-195.005612063718
-37.797959364854
-154.097833102228
-174.688401875902
-40.823211890106
-162.381944444444
101.900883838384
-167.329565887671
-203.225288600289
-174.123487244093
-86.851633663645
-51.574966320572
-29.649613461625
-177.232836174242
-152.211760748
-162.389187635281
-86.5211116466
18.098386910399
-38.170827978445
-45.04033428594
-186.083513708514
-168.882846320346
-115.62509018759
-184.136994949495
-163.336379278274
-35.945506262401
-2.212322020427
-157.260729857165
-105.714819089331
-168.789509914998
-31.124250315657
-149.433428875812
-150.60942573052
-68.111853044959
-41.97906872858
-38.69724025974
-89.236860795455
-47.447781385281
-146.881936693948
-76.391226015738
-90.746482683983
-114.124340217007
48.949044011544
-161.957861962256
-66.617957617469
-161.441378066378
-158.151076896194
-155.132833637716
-32.216617909001
19.03086458897
-141.689233997339
-30.862976866883
-29.937930504825
-48.026695526696
-163.097124284136
-83.338752339241
-184.969864662247
13.569202351536
-37.747474747475
-42.352543290043
-81.700113579996
-119.451541080447
-27.758727763122
140.814043405596
-146.452540894435
-124.690213378202
-173.239816552805
9.933982683983
-31.494498556999
-27.993416305916
-52.586518368852
107.07205988456
-194.681395427489
-151.170031791126
-35.749458874459
-155.767225829726
-137.672807173295
-136.934150376533
2.182379740485
-165.537891470509
-160.385802077697
-202.510559698548
-147.964195526696
-31.405836405348
140.432990620491
-98.012703767587
-38.882305194805
-123.091429783324
-32.009268888663
-32.773358585859
-33.496111717059
-33.48261422822
84.149342898855
-76.306457431457
64.936848253743
-145.896652772141
-94.168851601957
-191.566821253833
-123.182830678436
3.013798701299
7.284992784993
-165.635384255501
-88.314865310471
-31.974747474747
-154.069173881674
-69.109508167614
-157.091042853021
-81.879970534023
-29.800345108451
-165.359307359307
-176.662775917659
-206.966803216315
-25.931457431457
-34.095598845599
112.017934647817
-94.780045150162
-93.565205627706
-202.230957735841
-71.739095052083
-93.576466393849
8.584444054277
-186.190574128562
-152.935897056503
-207.704545454546
-42.064644069039
-86.395395078012
-172.810134689529
-39.610229668335
15.333694083694
-112.354244171627
-84.822067635056
-91.770555020067
-204.276314343209
-99.24503968254
-149.668934039051
-35.621683778529
-147.99025974026
-187.03659572849
-170.069702324585
-129.531197155709
-190.667027417027
-72.385351139746
-117.410283780889
-189.32048547698
-134.597382164277
-187.061868686869
4.971147721636
-86.079156520563
16.778970649576
-131.5843049637
0.082153144165
-184.768300330312
-37.592622655123
-243.170905483406
-122.231341385394
-113.212932900433
-31.013535889024
-178.779470908865
-37.904290533685
-85.933954500361
-115.166937229437
-101.495838688222
-87.218802844291
10.820714821203
-27.914870665359
-181.31058562748
-177.608036982549
-92.299530954072
-125.989968744363
-38.310938627345
20.540754574202
-23.635281385281
16.272985152868
-161.857516290133
-47.275551271645
109.181970373377
-123.332604082116
-175.559974747475
-152.809781689664
-161.843967718479
-37.419274356286
-202.040133477633
-158.019918774802
-183.351198226686
-191.673783735795
-28.924963924964
-98.065919377931
9.595045037428
-34.082083389701
-33.370289812184
-35.827130822736
-152.409381904987
-33.22322203621
-92.962961084055
105.252164502164
-191.560126939033
-37.237804242199
1.886191297919
-45.417736235119
-165.668998861382
108.978994041982
112.462904716811
-174.507583508072
-194.236590232684
-19.050873551362
-154.343253968254
9.529954962572
101.111319669913
-185.18062531002
-52.828373015873
6.979609567882
-180.039695222312
-178.568784947691
-115.124430690837
-25.95119026041
-164.061237373737
-35.52398989899
-144.487636549648
-104.582140461535
-78.822698948187
-28.70497595937
-37.962211399711
-32.537317229212
-190.763778268173
-33.523198643804
-20.229790229302
-205.492944934839
-74.037698412698
-90.501595193001
-149.091560837166
10.299963924964
-35.392413955402
-33.931277056277
-188.236319669913
-25.346681096681
-102.515512265512
-150.551566868461
-34.41341991342
-168.441911441423
16.169622424017
-181.81231962482
-42.425567054473
-85.730457476551
-32.641143578644
-114.743777056277
11.496420680014
-32.341249408144
16.597472351867
-106.451597447691
-162.846972092578
-34.198891819986
-158.037989408595
-25.281323277417
-183.870580808081
-33.790674603175
-129.214195526696
7.361554298566
-164.801837431232
-32.612636549648
-157.702221010326
9.970786971275
-97.070006003111
-193.25868619228
-77.596340779446
-131.236721991117
8.769923706935
-33.204978425437
-93.414674789186
-165.356982915088
-30.621057749827
-38.806921052038
-172.940386002886
106.146263838158
-181.93769305781
-33.539514847132
39.866349741838
-39.849288786301
-162.991632987238
-193.185057184569
-33.041145974251
-130.867452426046
-163.655545409452
-173.264540635146
-20.1862475903
-28.451110575622
-201.011000419936
-23.576298701299
141.257866753472
-37.06449187748
-154.558544428662
-153.020743145743
-87.079427083333
-173.005321067821
-159.875172624684
-162.177579365079
-188.389880952381
-155.00018037518
-27.46227340368
-170.147374272863
-1.514978890467
-197.393918960814
-170.382317877435
12.403236466225
-37.926254734848
-30.410242914637
-81.123995253878
-40.047278730384
-89.929936925054
-115.999466624955
-112.834956709957
106.205246522141
56.875541125541
105.076110575622
-31.099296536797
102.001249943633
-37.40862728851
-175.248840243957
-106.758137316243
-163.223201603084
-32.110090577757
-15.61275492086
-85.419470232459
-153.800685425685
-143.814200881584
3.195075757576
-168.461198903093
-99.142488642
-93.896222267316
-177.757215007215
-33.901424963925
83.833423520924
-36.437873432991
-115.150100333694
-40.699945887446
-159.818174067686
107.359647676542
-88.524961529356
-31.913592538104
-154.153118095013
-38.688700622294
-84.753308757215
-170.211046711535
-74.551615485209
-68.183962250857
-100.39048408189
-33.789584601596
-39.715465903454
-124.121474933487
9.728638223755
43.656323277417
-147.667138037744
-91.857962295951
-172.710317460317
7.262556508162
-33.86153386544
-6.801566868461
104.745944024508
-27.927587115575
-95.400072150072
-27.302398989899
-31.572601010101
-152.19055862757
-75.858676046176
-204.6847119352
103.608405483405
23.561507936508
-26.418838919327
23.404282210709
-90.674505236517
-176.348124098124
-82.418039913645
-151.744027185922
99.86744467555
-177.269931457431
-74.748203998692
21.077463389475
-36.72896585836
-147.241161616162
-36.903068773674
-190.780290347673
-29.658196783685
-180.686250056367
-31.855277101371
-127.94514551204
-180.687139249639
-24.146472396961
43.52598177647
-36.198781199269
-31.704553205041
-94.805666176272
-160.977440419823
-22.345529091135
-182.711129148629
-25.15604496415
105.471681096681
-160.452283014295
-152.820998066604
44.985930735931
-186.154831659226
112.443820881809
-34.020132265738
-178.791022670905
-133.931194619183
-38.451651701163
-134.80266955267
-38.697302263709
-153.90213871415
-27.945366753472
-52.358044733045
-191.076319134425
-31.60616876071
-162.701360705267
-41.932830678436
9.463373621821
-173.093347194391
-99.203569464525
-84.634289321789
-194.097312409812
-164.502902076358
-34.207617689521
-173.792027417027
51.291953302909
-75.721410533911
-164.229347041847
-42.344413372001
-33.180465367965
-198.154594564507
-111.051484079072
-112.905119616576
-188.506673881674
-141.352978154522
-102.299435834348
59.63140635745
-186.640228667817
-179.184794372294
-40.620564734609
-160.497294372294
111.057449494949
-25.380230880231
-31.861816538361
-200.233782307238
-71.691558441558
-138.896287309831
-30.442637654094
-201.084975821975
-33.382289121333
-26.819821268277
-32.651138327683
107.829184704185
-197.277220578765
-92.053571428571
-158.273432699977
-34.665478154522
-166.076482115026
-0.04942583797
-0.833497635042
-160.826102252646
-29.407016594517
-91.904945318489
-12.154578491035
-193.438511175511
-198.756055603468
-178.799979998436
107.444914494414
-167.269841269841
-191.880878266834
-169.294568743025
-35.220437582437
-137.882682018638
-27.457508610096
8.649060974561
-74.879623038772
8.68272005772
5.892589618633
-33.606978555434
114.200921877466
-175.991599519187
108.761971698007
43.233856421356
-161.706001490914
-184.460043859
-157.324123982571
-30.906188832733
113.864174450631
109.415674603175
-116.1978554994
-78.204184704185
-152.52704909904
-201.03670331066
-155.938404914449
10.074778547191
-35.904310966811
-34.503230679775
19.558454593367
-30.40548644403
-160.175070186026
-162.564558241102
-147.122204184704
8.280299991756
-137.647018806931
17.212105138649
22.051513187469
-121.33189033189
-200.306457431457
-135.489907885355
-169.78461596116
-134.578195679239
135.831174688078
-82.110553912098
-25.951385850342
-34.032271083815
-28.236739385696
-4.167391205935
-25.707624867537
-20.732683982684
110.925343787343
-34.00009018759
-32.560966810967
-191.09566992117
-162.540313852814
-168.625450937951
13.445059684104
-74.954365079365
-137.242495317996
41.816731638723
16.929937277349
0.392151715608
-32.368609716022
-160.652259903725
-172.73806894806
-83.658172959717
-141.434720258176
-170.944351218308
-176.283446561034
-157.11877401773
-192.773986860443
-74.852907078951
43.939648428693
-28.909194131606
-80.216076431164
-147.265241702742
-155.066818787766
-195.455898268398
-160.341739891239
-191.350378787879
-174.609201098245
-25.966092284452
-86.778425164381
-36.066561480105
-86.449948705808
-36.726551226551
101.8214446449
-191.060171196127
-158.818455419499
-61.523610036611
-32.352804957358
-143.704200777657
116.922152036196
-179.130662706163
-175.798176246632
-85.870748148336
-43.88358389454
-69.637629301173
-82.775597202141
114.541383068971
-181.620761183261
-98.957054633599
-190.576765712722
104.724856774356
-181.033839458339
-164.553378018466
-33.566107503608
-194.734307359307
-30.568181818182
-28.252344877345
-182.350092151636
-154.613166313667
-94.281366169367
-186.957251082251
-99.026515151515
-39.100217524717
-41.262806637807
153.488890852935
-77.124191350235
28.516681665638
28.824577959069
-199.281111680068
-81.873109099153
-162.203823953824
-30.103267829312
-31.451227625727
-179.670451506908
-190.833619969576
-34.781388319932
-27.535008858465
-84.648629148629
-122.286687237188
-36.833877497421
150.724386724387
-176.768382194926
-37.720798332798
-208.297006846506
-30.880875228287
-175.896010669967
-171.11706653061
-27.477803636251
-145.887533036489
19.505775044319
4.36136560041
-182.906298132342
-34.691290917335
74.197507783964
15.173977718381
-29.263798701299
-83.112212474212
-94.386814574315
39.014143378188
-34.737731449188
-33.801971303436
-164.846211046712
-153.851116362072
-150.997564935065
2.974834623791
-190.150085184997
-133.77514626419
-4.344983605939
7.469713043169
-129.425147338691
-39.728986291486
-115.646358385403
-153.429022366522
-92.321789321789
-155.357052669553
123.033826203229
-29.556380278792
-12.618490420035
-195.832611832612
-92.11028616769
-154.601551226551
-156.367498356543
85.915500084903
-30.912446961946
112.914521276521
-163.898535922492
-172.689123376623
-207.973858633771
52.074253715306
-33.42236455832
-150.072675124219
-135.719680896225
-37.699044011544
-63.941919191919
18.089089265633
-29.567351017852
-91.594800192212
-87.971590909091
-155.563943001443
-152.845495623084
-30.860747322204
-164.705808080808
-157.047619047619
-165.69445747937
-193.931544580501
-153.144934495978
68.23955431301
-34.940914093502
-26.962468927557
-91.464124451124
-134.481598693055
-200.725195374152
-37.615123622173
56.770830294787
-153.455827192827
-40.02236348382
21.748103022059
-86.93215982016
-175.905322142322
-132.601097250054
-199.3795995671
-40.435966810967
-184.304289890746
-28.081349206349
-199.136080038668
-88.333603896104
-98.719896456896
168.278231754275
-207.124639249639
-21.893581682125
-31.220041646586
-181.69812606217
8.682168715616
-93.732680944137
105.18201463047
20.203466021825
-28.826314774771
-29.366328956417
-146.79671413317
-38.095689033189
-131.613816738817
-154.627853107315
-185.538867812824
-76.109577922078
-181.68670438516
-116.867607656151
117.308969649058
-106.338654401154
10.479734082243
100.158095807052
-25.012697338198
-159.595582772127
-155.509292140152
-33.781671917628
-29.414157487613
13.238832812289
-27.463113275613
-34.060261383717
-39.827919039375
-22.970418470418
-30.602112785218
-88.909184135228
-101.652510253554
-23.030570554527
-169.869965568421
-101.050250561206
-182.447163107075
-111.064300713257
-132.017966442466
-146.020198981655
-149.148068911069
-72.478174603175
7.421804320761
5.856240981241
-30.563746552791
-35.395215055127
2.440930166974
-177.914756653801
-37.411629416726
-160.077306838263
-33.736445571437
-159.460059932472
17.676613591622
-49.853731802188
-34.263183461639
-157.554544380045
-203.803674651087
96.280770041726
-171.282180896225
-168.023448773449
135.76892613883
-42.031926406926
71.150249486706
-169.224113123069
-140.769586780543
-83.95417166926
-37.706062570107
-136.09242620647
-99.235225308681
-40.796807359307
-157.613349727394
-162.77156786898
-20.434813484313
92.747294372294
-103.536529012573
-92.893597755597
-26.217078711219
-194.53780467376
-198.890148476605
-36.235753399297
136.857413419913
-35.940366890867
-178.263798701299
-197.169282106782
-38.37898432744
-42.107161969161
-43.247130070586
-30.618954392911
-36.32772562927
-153.308982683983
-162.453991294079
-29.751336740381
-199.728551427007
-137.38302365698
-148.330821115733
-28.182195005651
-34.487360702449
-27.268472382517
-173.358766233766
-172.219593747182
-80.448112807061
-151.298730627283
-177.988906926407
22.203627505172
-39.307266081222
-92.347399558856
-28.754061480105
-51.584866522367
-98.776337814882
-146.939390900847
-95.720312209356
-37.875254489299
-140.689938103482
-183.678948252404
-70.889700577201
-192.401888936801
-31.589179453224
-39.677125388582
-39.780820684172
139.439303751804
-82.632865432365
-192.240336892925
-194.301406926407
-38.378727019779
-51.734020723065
-198.654687790644
-34.071773248317
-160.70623990674
0.413507062463
-153.425237526281
-2.609307359307
141.08259575914
-155.438865848778
-87.749906773863
-92.941184656273
12.812065135521
54.347395419386
-82.562120137621
-101.475378787879
-70.425775613276
-171.947691197691
-35.06485791227
45.556892295936
-199.032467532468
-131.238185425685
-152.947043811088
-173.309955635456
-167.043921356421
-68.38005050505
6.680194805195
-87.251623376623
-24.460871840968
-171.944518558563
-33.222418670874
-36.701298701299
-31.142860181404
-177.155029428986
-145.479801018345
-38.670263953711
-173.663059163059
-26.938134351678
-222.858060806517
-37.885986812531
-177.364737726737
-190.782300192212
-196.564828803873
1.69599370695
-112.353171564628
-155.225111263655
-162.750525052069
-119.061688311688
-32.092880182968
-81.703282828283
-34.724100088144
-46.934452733952
64.497384559885
-146.431547619048
-74.349984569467
-31.554927280971
-151.762880751925
-39.681698665646
-174.772817460317
-80.267750881795
-176.253800913713
-34.917027417027
-168.922786387874
-28.970341317753
-199.472843318791
54.106344203756
-36.14898989899
14.127151467239
-93.832235008779
-43.505517516473
-158.83268594673
137.198309475897
-161.793306116762
-84.092078491035
-88.296897546898
-31.19148432744
-188.481872294372
-164.51991538396
-102.172908722408
-183.190911054955
-141.325490051534
-138.818433268934
-70.963367764912
-91.879883164795
-85.97066992117
-178.062248549248
-41.350001964046
-146.563495102039
-104.3660553551
-192.937245510701
-174.913867812824
-88.867623729623
-112.557638765586
-26.0296556437
-180.098829525374
-74.923147138235
-143.01044568699
-28.05187393783
-177.155737894782
18.793016441973
-43.521284271284
106.61779802771
-119.047261335805
-23.589810766355
-162.319093910647
-85.689017115561
-32.399711399711
-98.776525368078
131.324598392195
-164.467174755718
139.509266070301
-84.660807291667
7.543396304352
-32.488997113997
-34.649096160052
-41.111108072564
-47.297348484848
-103.288165424121
-32.263811736224
105.929640424544
-198.880034431579
-209.617620691077
-24.889050152051
14.482593795094
138.165130439087
-79.716092504636
-34.442821067821
-153.584035722036
-170.17705431301
-32.634987350838
-141.369321220365
-114.629867091323
-26.049406725951
-165.87680679035
-47.884933669846
-188.449945887446
-5.027417027417
119.334872379275
16.9657997913
-195.882321268277
-197.072510822511
-203.703099414556
-145.014790764791
-90.654207744296
-36.595147907648
-38.015599414556
32.124546023502
-27.052324875781
-33.95670995671
-37.954184704185
-135.18496171255
-35.733222069678
2.476654449067
-39.973591109547
-25.269748043704
109.26902958153
-175.984468622469
-53.770289169245
-137.589272679361
-139.944821268277
-178.546549831462
-29.112206397119
-141.734381473426
5.382411455867
-31.386002886003
-30.52115453855
-76.376443001443
-22.325309676353
-144.732216971261
-29.712481962482
-156.808715159759
-108.192717845306
-161.801587301587
22.710410686454
-25.053677689634
-57.992347089759
-193.754763868808
-159.578917179961
-94.866338952795
-34.683699086287
-164.87657440758
-156.378684436088
6.850559163059
-97.804276855821
48.050614350114
-4.34056441402
-45.073158209114
-208.366451290951
-49.132737020738
-83.189664502164
-30.793724907769
-142.252055202556
-187.939828803873
-41.411258449802
-36.245673814033
-98.386920835377
-138.395292207792
-35.867710878667
-176.308621933622
-165.089453054541
-184.421446608947
-153.943832243332
52.078733766234
-198.632031593488
-36.034722222222
-163.350108225108
-98.51262322408
-197.613365800866
-75.116361103361
-32.066471292515
-176.359652036196
-37.55934647289
-155.606328130284
44.023181249225
-188.171536796537
-135.233047771591
143.512191398147
25.251459074915
-71.949961960918
-12.08630952381
-92.551751603296
105.139690360638
-29.01939033189
-173.962649302737
-138.193452380952
-102.251069216157
-90.097208967113
-149.992153679654
-175.716537365494
-172.732596833641
-201.76433982684
-163.783282259326
-32.00371376467
107.072243298287
-31.268053591509
-25.268292007336
-166.721577874166
-188.396554834055
-44.530570554527
95.873930783843
-49.66522670377
-89.020652958153
-153.121302308802
-191.806634768091
-187.641214654215
-35.497655122655
-208.010284423828
20.614898989899
-133.137742740251
-146.758119921664
-30.6532997913
-153.837752525253
-187.005050505051
-33.366880078336
-37.854147554648
-169.387716450216
16.676751603296
-192.817359913307
-130.156459395504
1.311237373737
54.669913419913
-165.862917901462
-39.199855699856
-37.348127136671
-149.84271588126
-77.996643947144
-202.933670902665
109.882392343849
-157.060586948587
-176.593418269962
-32.91648325294
-167.979240780785
-141.901804826304
-161.324561885597
-195.484110910655
-182.826385850342
-102.535897699441
-157.678841991342
129.913671364172
-94.00306333952
-22.798359660359
-73.82919773911
-38.50955988456
-90.797619047619
106.897981762026
-150.525520049476
-93.780122655123
-27.246305347349
-197.633226182726
108.794752156752
6.22675071375
-136.148812562356
-162.23987987788
-176.454977280478
-36.10082972583
-30.481888367844
-176.918196817153
-151.871466610511
117.098965115017
-132.453373015873
-162.63798397444
-36.11066017316
-99.828985216986
-94.657364309952
9.963023088023
-167.374532988577
-106.702094316139
-32.970763147307
-110.851206549662
-154.479092552548
-109.500992063492
-182.670995670996
-35.638531177075
-179.092352092352
-179.809069833026
-80.908398736951
-30.457898468854
-158.778772879817
-75.481946408491
-35.580160694205
-96.314863989364
-187.107413419913
-111.829725829726
-159.205972382517
-124.932452533496
-85.77797422643
-38.096516794973
-140.885477833934
-126.083961607918
-26.067643731187
-85.717068494656
-167.927470065471
-149.190386002886
16.958964646465
-64.666325028325
-92.738455988456
-34.817359913307
-38.422261335805
-37.493580607625
-25.412628658234
-180.73031999332
-136.033276182232
6.784918670874
-92.595601884146
-56.928861103361
-93.712588223544
21.210842512387
-140.4285553551
-84.083407447452
-155.441990267491
141.173778451366
-117.353193715193
5.565908016409
137.446341422385
-30.436582050626
-163.641674487622
-226.776247627291
-25.449762473719
-156.437696448652
-4.909624856616
-162.691577553577
-87.380788079244
-82.110946809403
-98.319911455867
-61.795722069678
-137.45652958153
-35.766050352507
-130.99522005772
-86.856147755104
-40.413168462668
10.431096681097
-32.53599788341
-146.219500521045
-109.472128996085
26.853155491156
-87.643040556584
107.165854978355
-40.625450937951
-171.679115592659
-183.407992584537
-78.770491694991
-111.069905598958
-97.60198609103
-148.547061848606
-164.700503086459
-158.287420671912
-160.092277978234
44.023648260648
9.028138528139
106.044388367844
116.55140388786
-152.046733245189
-158.998363368267
-42.438311688312
-93.357307158851
-99.813778699734
14.060592805496
-38.931009532053
-192.690659604203
-34.115604417149
-93.751816786729
-174.832808281264
-199.625718462175
-161.548788447745
-91.376530150486
-28.210317460317
-159.70661976912
-182.141485216986
-193.147440636485
-79.767403166359
-41.987466963511
-150.545019680976
-118.65793454389
-49.517602653558
1.025703463203
-160.662698412698
-177.437322663366
-172.518034479491
-101.987827713871
-34.630143731187
-95.635374611418
-37.284090909091
-27.393398268398
-205.23728658833
15.818719905176
104.23421413317
-173.204999431043
-157.490549415049
0.7911125062
-168.909451659452
-203.175502011958
-41.563228678738
-30.319013939619
-36.357126783671
-32.893488455988
-33.624980887981
-37.810248348792
-36.916321989778
-109.142058489471
-82.873570033482
-140.668486491942
-156.708317259861
-152.679563492064
-180.654581529582
9.290332964832
25.34117965368
30.39332415428
107.353606429107
-118.355248917749
-191.82613439959
-37.788149350649
-212.32126426972
0.192730880231
2.470147907648
-35.144586780543
-73.156401354857
144.428309761256
-35.041669705213
124.574314574315
-120.673234287278
112.932085706042
-185.506509579965
-82.246212121212
-94.885117083573
-38.827999230587
-152.80266955267
-187.126429966518
15.474025974026
-169.329542415999
21.920019680975
2.082802424355
-106.943014477927
-40.731047571135
-3.950664349621
-27.887552148508
-165.565582451538
-203.142209756254
-176.195452581408
-98.060316385817
-183.14276391672
-99.993599719643
-144.982680944137
-39.115894091938
-250.776966089466
-78.863365800866
17.208616931029
139.33467896917
-95.623663259619
-103.699588175632
44.034454697998
18.13339026425
7.845174197683
-71.10091991342
-147.565276703277
59.014085337541
-41.434526848071
-46.862628226672
-170.961583125127
-135.382508821474
-28.767873216329
-29.659377545333
-145.07674963925
-32.37724165483
-28.055916305916
-157.287995265504
-70.435261383717
22.771106934651
-196.5907997913
-24.268018406019
-111.934613997114
-145.10714589569
-27.206255980212
-207.772913504817
-27.916289842834
-136.769857343313
-146.095625135634
-82.910714285714
-160.522543859
11.362824675325
-146.559971708928
-33.813943001443
-180.980702894247
111.898522887567
-32.729811014723
-33.598304473304
-28.831275092231
-159.861381673882
-155.188221500722
-148.702471139971
-113.527961191505
-150.79886560041
-142.332972582973
-152.170976558977
-186.020472582973
-164.641881152837
-193.711744388289
-193.207640016234
-131.097927649472
18.879596528553
-143.452558289015
-88.046247121748
-185.114100556697
-14.165838904883
-189.155570554527
4.41077818327
-184.090983205027
-200.321988808988
-42.189213564214
-100.050955988456
-37.306457431457
-36.798446809403
110.136002886003
-191.732609868566
-175.558602821603
-99.677595438551
-168.970689033189
113.778599682652
-154.38526531181
-33.006135794679
-167.982397346442
-99.320781184825
-185.240994275906
-28.933441558442
-188.691284840241
-189.176948051948
-158.142570506615
-155.76513544168
-148.006493506494
-154.580269993814
-37.922544933501
-100.456062570107
-162.334866522367
-142.821248196248
-38.016343065843
-165.053587502043
-31.24109054059
-88.785082972583
-143.79969640074
-36.471948620905
-46.153321941866
-112.157667019667
-40.945961560006
-28.534828483284
-40.318722943723
-176.555661816618
-176.139246600703
-42.427846889303
-193.04626319522
-186.498740412284
-171.331078643579
-153.790661568249
-169.263434912391
-87.121028707485
-78.52009575914
-175.020833333333
8.702834928879
111.899350649351
-148.91170331066
-33.484922598967
-201.096036748625
-86.166756854257
-59.625904914449
3.971752172253
-90.363201499157
-145.77886002886
-102.566184656273
-39.400632387632
-77.684958674003
-56.464749687162
-116.312767524224
-158.466176615133
-163.107867176227
-97.944821268277
-44.507559684104
12.023558073058
-169.618793129749
-89.187213363758
-87.667842143886
-81.838673513173
-29.147366522367
23.859143057599
-134.690566378066
-56.622742271699
-110.605068542569
-71.819173881674
-40.393581682125
46.326572302616
-30.987631265219
-152.173269472769
-37.911165223665
-140.916650593195
-85.437857711814
-185.915764790765
-101.394838451479
-29.122567973612
-28.657300192212
-24.948319472276
46.550043895991
12.224554064642
-20.240984279528
114.505321067821
-82.131239017195
-31.281382242839
-33.122742271699
-154.424706397118
-39.095856373444
-202.684810445766
-182.202380952381
-177.389069264069
-77.465290812703
-152.234217171717
-39.108318334362
-155.057452533496
-170.230867195955
-165.020108794065
-51.149547098003
-148.487824675325
26.086306485263
-172.502973151929
-186.55303030303
-28.324771369174
-105.822781385281
-160.32521341167
-34.228174603175
-38.898703262747
-107.340834976791
-165.860734287278
-199.06324061274
-29.544716971261
-34.791595591095
-51.927666514123
-156.433714939574
-154.735747322204
-177.392769993814
-94.36292789784
-35.568349158437
-20.002161463618
-39.19003828745
-182.304853166853
-158.430996276944
114.538078275078
-31.564951138407
-2.566017316017
-168.102887966932
-195.277037165038
-30.00557555712
-155.891491294079
-200.319428370973
-194.965747827747
-205.088654401154
-34.553194604739
-33.9329004329
-139.764175525131
-151.391127505172
-75.055104617605
-171.724914815003
100.41908565813
-78.17576257835
-187.851113323525
-30.009936708393
-154.415584415584
-158.31727994228
-39.305197843742
-89.379435265391
-38.797547972047
-32.016050352507
-195.893501490914
-32.971237336746
142.594986644486
-108.366345029889
-190.377003239003
-194.34117965368
-162.435531946488
42.611036996993
-158.131780142736
-30.459959748503
-151.72338162597
-156.276441037397
-177.357577721622
-146.008477633478
-105.298624146036
-77.638544212
-85.081784070828
-185.746830399418
-158.979888167388
-198.013344724801
88.058077769534
42.588116093975
-89.838306685719
-161.979781906326
141.880939125843
-99.65043593898
-171.731237942694
-102.336924763469
-167.844787157287
-118.496212121212
138.307656160165
47.58551390897
-95.6295995671
20.839900953945
-176.108856421356
-48.197874611418
-189.742875180375
-34.29877541282
-78.308441558442
-165.323770410227
-175.605445366401
-40.521928839525
-69.00593630748
-190.666860076772
-33.389623424536
-144.165674603175
-32.485930735931
-51.340893017437
-96.185081008537
7.560606060606
-201.255594669138
-157.097028591932
-31.805011391468
-150.760084936629
-45.568980471568
-142.635117083573
-207.119942316933
-92.203537317582
-36.142390131434
-126.420634920635
-38.680722895811
-40.157180896225
-73.405828082372
-22.488906926407
-138.428751803752
10.69237012987
136.581712995257
-184.697526895983
-26.905339536901
-157.275610237067
-188.590551379095
-66.641053391053
-47.56592408988
-25.829368117912
-208.04338023088
-32.748376623377
-48.256777104189
-138.127702589159
0.291380030424
8.238472061928
-161.29222386568
-181.974657287157
-182.332611832612
-141.6796567182
-149.648896672853
65.681186868687
17.079474378974
-18.156900116892
-32.573041731489
-148.190823905912
-169.356498509086
114.767480319024
-29.850758650258
-67.664772727273
-191.929309002765
-40.779291854792
-155.097325444738
-39.47349788341
-32.132031593488
135.872387598431
-203.086763500307
-35.856150793651
-29.001694452195
91.017212794801
-29.374095085551
-33.963503354556
-81.745954593367
96.174693362193
-105.295183982684
-190.063579212536
-44.323139097095
22.926935017023
-93.072407599995
5.01855953156
-199.532921508965
22.687574114118
-178.080553591509
-182.78354978355
-155.407358232859
-35.622474747475
-40.652523288479
-34.795995670996
37.329155375603
-136.782144962107
-35.427406167915
-82.066722743267
-202.805570484068
7.367417064408
-165.177308802309
-184.204181665638
-164.428123529167
-39.649711399711
-35.818365231909
-173.494421404334
17.548624146036
-43.046085858586
-188.164502164502
-40.916128579672
-115.19148432744
-39.086145222101
-28.302919682314
-122.382501643457
-38.114715576172
-39.563585289629
-163.41117825859
-95.693381305381
-37.744949494949
21.579267713759
-171.354418117419
-33.647456709957
-36.38320403216
-38.391127505172
135.632411455867
-164.275265560178
-66.792046529046
-156.03771448617
-93.066104465061
50.321696095652
-37.658114919071
-37.480448404948
-24.748376623377
66.040117404162
-141.364795767384
-133.293573640986
-31.561224338812
-98.092699807788
-43.652040203584
-88.319879308924
-85.723768446181
19.509218246218
-167.657287157287
-127.31510240519
-90.506490467947
-113.796085858586
-26.755243915156
-157.135899663488
-142.131474394475
-178.523268398268
-169.182468606968
-33.729636716636
-193.084869560913
-99.692096528553
-65.352382026882
4.368310044854
3.557088744589
-177.237392849392
16.279024330569
-175.001172438672
-126.703353903854
-80.007665945166
-191.236742424242
-77.800682387139
-125.661996023996
-86.298073024117
-29.616779894368
-149.085314421771
-149.525957952502
-161.967819103775
-27.475375749332
-161.853805916306
-157.524527985984
-52.174780511237
-35.431077569078
-33.898546139055
0.752451138407
-102.390241702742
-34.867675693176
-31.856169905669
17.303744625736
-146.618777056277
-28.026692488149
-32.562303551348
-42.243145743146
-63.066290917335
-37.344967532468
-80.651692488149
-134.914605387018
102.091893976385
153.554205780249
-113.466553438966
-34.493252004208
-175.817476390932
-91.935428723972
-55.243313083401
-143.822694236238
-167.916666666667
-28.965548340548
-40.686234335191
-179.150777577322
-37.757578796122
-141.851206549662
-148.844155844156
111.631944444444
-36.54806998557
-73.862087101131
3.217893217893
-37.665497266541
-83.975275345179
-88.045003607504
-130.518668831169
-90.606166867123
190.65637224646
-80.340367965368
-161.985028860029
20.038494027538
-182.287698412698
-43.552598477098
-129.813656365201
-179.711132187176
-175.796250160294
-28.433982683983
-190.072617083573
-58.473774523274
-62.690693072254
-191.561520971433
-37.028051379095
112.520923520924
-114.462121212121
-34.227649551105
105.036706349206
-106.08902818644
-168.922995871452
-140.3704004329
-189.524888736345
-31.84469393115
-184.284074835619
-151.870397394354
-144.789769688726
-90.526424963925
-136.019480519481
-34.560770362315
-110.213132387632
-81.725465936922
-70.326227625727
-183.379148629149
-146.886379709836
-163.518578643579
-102.610132082544
-155.472418670874
-29.17640388786
-82.630594669138
-187.231044532589
-106.245761183261
-169.881493506494
-35.603821989778
-183.017689802602
-184.071248196248
133.014880952381
87.519019364967
-84.530119616576
-158.169552669553
-135.709322358279
-35.907200008244
-35.313025052069
-155.542040451953
28.783111880524
-34.118583646172
-35.837752525253
-148.995126831583
-34.477614365615
40.967728916185
-38.317457278914
-36.957431457431
-80.419626783671
-6.280573593074
-24.064738616283
-139.580895229852
113.929672791672
17.378851776343
-174.533984648029
-106.950399863944
-93.705537518038
-150.824762473719
-177.423157134613
-26.273107135107
-126.246859507815
-152.448276580326
-91.159805231796
-53.221497682954
-174.065566378066
-51.266684704185
-88.71078447174
-178.423430735931
-171.034000721501
-207.857567505059
-171.022743346199
-189.409719183675
-190.829381152837
-30.404494380538
-89.2750560766
-190.285897699441
-78.018655796244
-189.988981040525
-139.325467900968
102.918032735629
-195.818088592045
7.795000568957
113.969275360328
-37.021467685011
-97.9000560766
-26.815476190476
-31.9761002886
-93.290117404162
-148.462478923935
-49.030860229316
109.142599615012
-193.510896624941
-36.056821220365
-153.451646416734
-190.744766081222
-119.989628427128
116.865421003421
-144.776856789857
-195.512967900968
-140.564754689755
-30.42956653061
-69.480628780128
-199.780289995378
23.371734134735
-31.047332411377
-37.393939393939
-178.389591277592
44.852179501136
-39.986578122534
-116.71051390897
-191.934781337369
154.336038961039
-197.30772005772
-34.219954497542
-130.2557559323
-193.462662337662
20.266971340427
-286.493963288366
137.515312778313
-155.053319977819
-97.971120859121
-143.009843482256
-38.430571629027
-37.856798180254
39.378336940837
-44.55529802771
159.072691197691
-180.614915063371
0.420003607504
-178.401067252111
-34.684613997114
-105.280212842713
-34.604978354978
-150.271554834055
-33.271989698534
8.815943201899
-110.904223817768
-211.357522719522
-176.313653326654
-30.467415989907
-122.150265560178
-179.659831521831
-94.31727994228
-173.716015351971
-169.562931825932
-65.450126262626
-35.816017316017
-183.423791486292
-69.600752573165
-186.308821420821
-159.241071428571
-19.803951290951
-158.440112401569
-172.303229790229
-137.452364878909
-32.182645943602
-86.873357511358
-33.442911255411
-161.829709756254
8.780125693669
-159.559053759554
-143.337301587302
115.9850999356
-172.380140692641
-156.393868318368
-173.122838536382
13.406379424476
-27.567818029274
-174.720328282828
101.799619248075
-41.580009427422
-93.089717540218
-167.994859307359
-87.751700529288
1.304579565535
87.229527417027
-78.629509379509
-186.043757054713
-168.449137237681
-168.855248917749
-169.723481809938
-81.364721653265
-27.7853565739
-163.434072871573
-162.097476711521
-151.511920835377
-36.510928771885
108.279401154401
20.486033958446
-87.199208313252
-34.968344155844
-171.796085858586
-83.430928988546
-38.243576247971
-63.369596495085
-38.915576665088
-35.733405483405
-89.762183075171
-91.7766877762
95.721372133726
-156.593712656701
-39.829004329004
-38.778326653815
-193.215367965368
-184.458160708649
-57.467344341856
3.934691502074
136.487005236517
-4.74252218051
-80.393468022863
-40.92488148787
-98.200507446113
-105.431727994228
-137.939692685786
-34.866522366522
-85.400154587166
-85.779859842848
-32.677239047845
2.844869594381
-200.19045575735
-79.055854301948
-35.541658916171
-158.980158730159
9.840638528139
-164.684864126759
63.76990327381
-186.852481286075
-208.046897546898
-150.04339291351
3.383145066739
-30.207000952606
-52.486479611968
-45.764089697195
-35.352370665359
1.72314453125
116.181928802534
-63.312477100807
-32.400252525253
-100.663247288736
-29.221480288375
-155.395730463113
-193.404483591495
-44.055305425911
117.675422613411
-184.466367779356
-144.747564935065
-7.726942626601
172.005612063718
-199.198953823954
-92.826978983473
-181.554202741703
-87.676777893331
-215.073773448773
-31.581459827065
108.70948533888
-152.851981731376
-38.056447214894
-29.194797444309
-204.878705441694
-155.889999323593
-29.176767676768
-152.065037935155
-160.391205230317
-36.623847994453
-167.459034400929
-165.403228715729
-144.819882699766
-31.177128427128
-80.186660128066
-187.69409144458
-163.583341083829
-193.289141414141
-34.197781385281
114.908552249617
-189.171085858586
-152.026314343209
101.600821975334
-95.933872063267
-37.796626984127
-91.989445585881
-34.315125656678
-137.596492971005
-32.158000907513
-174.240051181457
-78.747717126623
-76.023059839466
11.967331659226
-102.590035398629
-101.343967718479
-189.111915048927
-132.880390822285
-28.258287041734
-148.386093073593
-30.9855826682
-151.740723360841
-33.304030117018
-37.456078643579
-108.410144976551
-106.77876984127
21.104354792343
-38.641844646239
-42.463092842487
-91.101551226551
-160.314373506268
-86.055555555556
138.979617604618
-91.023456523945
138.346779034767
-120.542277546672
-91.815538194444
-202.987361054744
-194.578205323322
-182.817620259515
-151.169462481962
-177.871565121077
-103.249396870491
-27.033309870468
141.493017155371
-29.689061372655
6.686154936643
-101.555916305916
14.91272659632
-97.135551948052
-29.237554112554
15.288592538104
-86.189873060967
-199.442390562996
-32.727801170184
-124.548258111246
-46.149641645247
-31.779831659226
-35.295557415675
-88.446060070572
-87.001172438672
107.805174372069
-124.870678746167
-90.208214962121
-30.526417213429
-39.89143457454
-33.025765467172
-1.94687950938
-45.954635642136
-102.39143457454
143.684044687951
-90.925602988591
-192.631305380817
-157.216831399937
-174.556527185922
-160.310734648381
-157.167290229302
-48.463917213429
-49.779491341991
-167.96254396645
-91.811577690972
-151.997835497836
-188.569276751894
-101.609557488952
-190.757956941062
-38.644959641053
-145.025450867492
6.648358585859
-192.006305380817
11.371322741928
-35.65395021645
-31.108938858451
-205.219679002638
-176.79997167546
-171.19915463226
-161.07874151673
-159.502074314574
-32.502816248422
-110.56231962482
63.760163014069
-109.784980102363
-35.175414862915
-197.346132220644
-194.57711038961
-164.725649350649
-92.280856838474
-37.56918163217
-155.7693001443
-184.508145066739
-28.838023088023
-148.720057720058
65.687311874324
-146.125832121438
-78.567981009876
-198.996101500496
-204.799500304383
-170.047258297258
13.438943001443
-38.069805194805
-27.98653386544
-31.568993506494
-94.452130822736
-146.755238630727
-29.148801773313
-130.712404457522
-193.633477633478
-31.409181096681
-99.941009565521
-148.893849206349
-32.011002886003
-8.527935253765
9.665574199021
113.635371572872
12.729187099793
-160.574737328644
-2.590896408279
-24.151625772231
-91.298701298701
-33.914321789322
-29.178468558351
-43.92288961039
-160.563241933847
-193.265241702742
-24.448593073593
21.282356911751
-171.208490809321
-41.346841038736
-199.457153144165
-184.981449540043
-190.355150979663
-93.838183030078
-139.107593795094
-184.500659496753
-23.503517316017
-27.946250662315
-83.810786435786
-34.972312409812
0.858212425595
-28.553952612058
-29.936979307585
-89.078004515016
94.224665037653
4.712203649215
3.230527231016
-204.75259500699
-99.593872598755
-36.079365079365
-34.404138342127
-34.366710492199
14.071797072285
-160.823433131539
-91.404393403905
-97.41323953824
-50.744318181818
-34.971688847177
-192.697572826479
13.887626262626
-161.888064517947
-171.25937950938
-29.546979983992
-86.931215052309
19.312229437229
-60.658251037157
-28.645735395247
-53.453733766234
-158.489836985931
-147.23766473327
-32.661345598846
-76.466007028995
-30.002164502165
-189.353896103896
-38.431818181818
-191.765610203598
45.562971371077
-24.810224877119
-34.88656444467
-42.690476190476
-105.634861097019
-139.461038961039
-36.944063260958
-138.349719291126
-24.155594026199
-30.090989061936
-35.990821298927
-175.301599984217
-146.737270867154
-177.112172929067
23.123266002661
-195.311605874594
-183.051234301723
-91.356880044868
-47.259392192009
-202.034028905123
-177.773567144661
-179.525793650794
-175.186056998557
-188.117965367965
-206.791458107864
-150.052857678346
18.011265698277
-35.895555020067
-157.357531791126
-201.307838428932
-103.641885512491
-31.882395382395
-39.05981480542
16.239976494859
-74.087842712843
-36.367625050731
-145.505292884199
-25.872204184704
-163.063229251218
-195.707148212031
-89.923320115215
-155.331972768984
-200.88808741714
-36.986471861472
-148.263971325983
-38.324765512266
-107.930743681232
-41.208505958018
-28.163850418245
-162.462093028499
21.225366105249
-124.865079365079
-153.582393057247
-191.337579900568
-102.366764745671
-172.734389796402
-59.122204184704
-94.69905176204
-96.220627029221
-200.4420995671
-34.15404040404
2.059766188672
-159.453450520833
-160.724935600424
21.281746031746
-99.269722898629
-2.56546843998
-128.291937229437
-32.537698412698
18.037247474747
-88.932186682675
-166.933884745896
-139.785415539322
-198.263499954906
-26.981699669688
-30.835778614831
114.479700041712
-39.318640506629
-109.392947330447
-97.615058931953
5.49981962482
-161.954004329004
-86.402298656205
-29.587481962482
-90.527965903454
-69.137368382486
110.983776450329
-206.580349392361
3.950847763348
-189.162878787879
53.090548340548
-128.884211816829
-143.000528442911
-98.14612432923
-163.005230880231
-107.625999813988
-195.949863450352
-190.743977864583
-81.602280477769
-87.21625715864
-187.692390562996
-86.982786852904
-194.382665945166
-86.236193548205
-74.989630893195
-83.25783856985
-128.816566192054
-87.679543058938
-39.769833519345
-166.560237559749
-189.377823998918
-174.128489132395
-72.616674558081
112.988997113997
-175.779581529582
-24.635760506854
-160.578893708288
-168.749569495175
-33.394951890557
20.985147231241
-33.493867243867
-80.470779220779
-172.01443001443
-182.264131268038
-85.658992971005
-162.892037704049
-24.239538239538
-173.779032653544
-185.698121702516
-31.972410347899
-66.158542033054
-164.496372063267
-165.393738585633
-4.662868571316
-36.665215914728
-80.097562539457
-123.00287825239
52.161463970058
-183.613373551362
-41.740079365079
-146.310554273201
97.110016177399
-53.018300330312
-31.759477447466
-38.186515687004
21.930096867109
-156.837211399711
-184.818653189259
-142.546889796402
154.142826493168
-101.539154096771
105.375832121438
-160.045753291847
-33.844869594381
-34.490189985795
-35.869490806503
-191.97773141572
-72.44734312996
-111.613566609172
-123.403061023178
-167.100206163194
-29.467352092352
-50.867584184479
-100.0365055409
-104.567821067821
-82.187507750496
-6.882653262536
-151.587842712843
-152.453761949856
-160.412670229076
-188.995462436869
-111.169191919192
-156.475566913555
-54.940906695301
-164.262002699991
-42.590896408279
111.114641109758
-197.077842106895
-86.984598355204
-199.752988873106
-35.554452871347
-151.569354256854
-92.88178450239
-56.737554112554
-37.021402642496
-181.201639018534
-137.967081529582
-151.833271329365
-40.444903132891
-41.467352092352
-16.036874041757
-76.996400246889
-170.205808080808
-76.303571428571
-103.363007516572
-37.692120000225
-141.602092352092
-189.701819393714
103.906645627593
-37.665916982323
-124.648891960904
-33.420843479437
0.961129148629
-91.252246939259
-112.475468975469
-106.640151515152
-201.677780173386
-105.792400850018
-162.948252756358
10.175602988591
-109.048077736066
-38.941197691198
-141.559425871438
-33.835304777688
-48.48097041847
-40.719308035714
8.445085974139
3.619921311328
-55.66637567077
-119.047258297258
-37.370823187229
-84.075056508162
-146.486832611833
-40.589568959686
-166.443460131448
112.541826608721
-202.835304777688
-30.910000535489
-90.52914327426
-36.327561327561
-111.955988455988
-127.597374413781
-195.819645252751
19.740988991477
17.925234487734
-166.468774660669
98.442107317596
-32.105408859803
-127.1854052523
-103.125992063492
-202.216081715593
-166.368617114223
1.298340548341
-76.601208443249
-187.796266233766
-93.671446608947
-89.497397242514
62.735860981466
-171.48009672619
-163.724476911977
-120.478334545229
153.49044011544
-162.355068542569
-204.747482497971
-135.534714471726
116.203210607752
-88.702581760687
-161.029852092352
46.72801466112
-174.223152281746
6.417197575645
-39.313680189168
140.449796161954
-195.507944258433
-34.441558441558
-39.402605153093
-148.195013753608
-196.360951169057
18.893756552692
54.471943908956
-164.79024409835
46.448925640332
-142.754251499369
106.299853304248
-152.973763161751
-191.393480705492
54.11447623557
36.458665900072
-38.358967042073
-34.459853839737
-143.37708206507
-166.157647907648
-154.864628427128
-189.915584415584
-34.173861240756
-19.102721199157
-171.606511544012
-177.876713564214
-170.505944630456
-32.065836940837
-210.871495366613
-191.304936925054
-202.922077922078
-182.337579900568
-140.001270376759
-28.082042523449
-170.824654891549
-91.663087346681
53.514437764926
-129.403429524035
-191.768418701524
-88.832542078148
-40.38637138686
-28.951458643353
-88.457549828644
-91.061598124098
-20.4855826682
-183.820366753472
-28.400064399576
12.298951428346
-35.85761422822
-34.875901875902
-160.400613275613
-33.58667027417
-172.509461946474
-153.039772727273
-127.275592842487
-36.327388702877
-201.682018990124
135.926574618957
-59.327548644931
-194.919580853175
-90.012654446248
98.006292698187
-29.351600195594
-142.656663594652
-138.376636059253
-104.062700808306
-195.688852813853
-69.360119047619
28.198245005862
-151.304844271397
-201.815025252525
-108.259028975582
-136.157565470554
-37.041756854257
138.412886538375
-24.928509424603
-156.956181513799
-113.758675975717
-165.785173160173
-37.418838919327
-185.014139018534
-163.753455312049
-79.05256668245
-128.875348067731
-199.111020923521
-128.594885095373
-185.838383838384
-169.65873015873
-40.235541801948
-150.016927083333
-94.506944444444
-199.106441789547
-31.22782160331
-34.253489132395
-196.889241888754
-36.495573057585
-161.86275492086
-79.646526650433
-28.885384255501
-36.108959291576
-49.094668786075
-155.117313621708
-93.124749870355
-102.674574990981
1.65625669361
12.599296536797
-151.184585813492
-199.894951890557
-117.874270748782
-30.671536796537
-29.741432178932
-30.917055600649
-209.492326304338
-161.109119233631
-26.469253782242
-179.701097892992
-91.00650125699
-83.068542568543
-138.217261904762
-127.075043825532
-7.013548571654
114.373484778026
-33.769369898764
-38.790223665224
-183.520209770698
-41.054174558081
-118.029970463564
14.155766650884
-117.296704489087
-35.479063796447
143.644681327787
-23.641885512491
-41.360196552579
-160.753808311914
-98.258629825036
6.080266955267
-49.924713795319
-162.081542264159
-153.926775427264
-138.872003376398
-56.316808571203
-183.686028814935
-151.817903504915
-84.31171649531
-164.200937950938
-103.091290274396
172.309323001218
-76.823703694309
-27.03164809366
-61.371580622069
-82.603264790765
15.27608464669
-33.510268702652
-99.085948773449
-124.828020016008
-186.033828096816
-40.887085137085
73.325649421108
-84.080349392361
106.569524415472
-30.678481240981
-79.119055369544
-39.384039192145
-188.235098614493
-177.578643578644
-176.526404530799
-110.754988501082
-198.912718845824
-39.320686637581
10.228986291486
-28.105499047394
-164.775064399576
-36.175775613276
-39.537136854031
-148.036783854167
-154.497647372159
-33.724760157377
-130.366993737599
-196.530573593074
-189.450043825532
-31.492774776222
-32.083591213474
-30.443099381088
-186.075577200577
-30.941447820842
-135.524801587302
-200.919823232323
-174.098186102092
-45.838744588745
-162.558892496392
-35.125672883974
-36.221111787518
-33.193161385056
-22.329643392632
-69.157807849702
-31.874822090887
-82.591700346095
-190.350538729933
-148.728161920545
-106.421085858586
-159.743235930736
-183.437381628788
-101.200036075036
53.395021645022
-26.268939393939
-208.865911838812
-172.490066682449
-114.420995670996
-26.013638759244
-189.024240028635
-155.250930411819
-31.072740166734
159.939736722696
-141.056379926497
-186.658799913194
-149.142246262852
-0.384088513483
-30.105630101236
70.901695526696
-37.748466810967
-70.39238577178
-29.303849741838
-147.887786204681
-82.610487548476
-161.048680865575
-25.303288183171
-78.376094933712
-159.64449320211
-30.361113577178
-33.231052855565
-106.75468975469
-168.184704184704
-110.906717848124
-6.712281154176
49.77255711411
-153.238636363636
-85.563672438672
-147.145129799671
150.223747660759
19.801288555195
-156.815267631674
-30.605810476416
-35.52513415404
-157.768089305443
-38.008276825171
-32.76137138686
-35.934807054924
-34.159152913059
-166.423500490395
-74.543192105204
0.021665454771
100.536172974161
-163.671343738727
-88.787690662202
-195.659353721365
-154.582431457431
-150.293921356421
-0.9347119352
-0.021186333198
-179.476814038826
-33.962391774892
-171.610417794012
-200.019660894661
-201.679645929158
-165.968246217758
-35.413883534001
-2.398897245333
-35.116530117018
13.501090001578
-33.921987734488
-26.005841760236
-24.656898223304
-94.137994763483
-91.354424546807
-71.052411672529
-173.498404806999
-181.05102574292
-100.648711585723
-134.074572454455
-155.80457124256
-164.824945887446
-28.788592538104
94.507673695662
135.705078829591
-28.249276033212
-153.901257271374
137.861915048927
-36.069715007215
-43.41332972583
-29.518751268263
-78.149899525388
-187.584255642361
-42.848134314687
-115.177947865936
-140.46636002886
-27.695088440206
-26.670343924738
-155.508018945031
-77.0625
-93.695013753608
-98.231081039186
-97.241862683757
-185.221508471997
-33.737193362193
-38.284438976822
-97.792117604618
-144.847423030529
-142.168998861382
16.283992971005
-29.703656261273
-84.121783896442
-207.830565701659
-102.104256854257
-141.461391960904
-88.853277473395
-191.745289812184
-93.515061327561
-116.764811197917
-152.87012987013
-30.835255456349
-27.826757389746
-162.192287692776
-29.688852813853
-135.576860259966
-94.227481286075
28.521884934727
-35.336951053504
-136.76624151673
-134.10101010101
-162.48068717307
-154.159271284271
138.613558858676
134.476440605835
-156.832784457296
-192.89612432923
-118.516504329004
-187.125
-40.144849020337
-116.022157963564
-156.150252525252
-185.251693131088
-196.120387750271
-38.788698226687
84.280114904627
143.955517084912
-1.366522366522
-165.222124284136
-31.684163059163
-26.065303565792
-175.254968067956
-160.86516955267
-158.242965367965
-153.894748616184
-38.535443722944
-191.071330633342
-33.703012265512
-30.054182308577
-19.848456664863
-156.375999813988
-33.238997113997
-153.414924918831
-86.468733089827
138.531393031881
-185.238935110029
-34.487554112554
-165.629349437455
-145.503246753247
-153.391223549671
-188.951958198052
25.274608529491
-171.732503607504
-177.799610925099
-45.319382440476
-101.113566609172
-118.889971139971
-114.108933926317
-203.020230203824
-97.954635642136
-30.150272958378
-80.868354301948
18.536353349342
-86.877262440251
-159.565934878923
-169.866640737734
-157.676156796762
-35.718642902237
-178.981691919192
-101.398629148629
-42.506423752029
-7.605870014317
-165.793630360525
-34.195547128653
-23.402849998309
-205.174603174603
-28.031037213654
-90.900873621821
-36.592261904762
-170.229339291351
140.694985569986
22.045093795094
-32.039223851236
-72.552218614719
-46.461329956935
-91.601280663781
-153.751623376623
-159.058088558577
-183.892406204906
-188.557547433036
-143.247204184704
-126.892578829591
-41.949855699856
-157.9595882091
-28.190295815296
-102.876881256764
-35.120109437004
-93.280192409587
-153.138708513708
-180.988205858811
-167.593697155709
-120.179132987238
-41.146735209235
-37.96836458897
-187.09630766369
-179.42106542546
-28.482581112464
-25.81259018759
-168.739648860254
-191.27103414164
-157.027068959686
-41.592151284046
-108.681568052174
-180.007395382395
47.203573824179
-152.798971861472
-87.048049552444
-29.410912627954
-39.132225223778
-27.710698643804
-84.170392541486
-147.609039262604
-94.808892496392
-35.024531024531
-81.522444027327
-83.011376318994
-32.297008167614
-90.674873737374
-162.917117604618
-176.943555251172
105.067993692505
-163.895660708649
-74.230449726055
-132.936479752886
-28.990378111472
-33.493936998332
-40.894431198142
-183.080619955132
-156.857503607504
-153.265684890197
-128.976543476055
-39.011966765873
139.921688988095
-165.527978586084
-191.042671412789
-45.435355930961
-158.624291181908
5.063414558532
-39.780844155844
105.012257761769
-161.684323001218
-96.427842177354
-26.292867288961
-34.9356884977
11.205648138754
-190.39239845441
-167.843655937162
30.681264373647
1.071871758883
-204.252824351213
-35.003968253968
-81.101551226551
-88.267594330583
-150.97104978355
132.339002468885
-37.431457431457
-123.705988455988
-149.552460641572
-26.33352145901
-1.065483940972
-179.379898313492
-135.139687894571
-29.735590418696
-177.459235209235
138.052942581507
-33.259539451434
-31.639798515287
-37.601342667749
-169.406627660534
-24.752976190476
-120.870642812049
-206.125520692415
-105.604986105474
-176.358287112193
-167.52867965368
-40.230269350875
100.484229854347
-172.44993813695
-155.942550505051
106.870658313041
-38.58457552647
-185.846709280303
-37.574855699856
-151.059523809524
-30.826486826975
-200.995330678436
-39.895001211896
-146.072490389385
50.476288414277
-181.43941437252
-158.765414327426
-37.013327330222
-148.94428450239
-177.549512987013
-191.730519480519
-32.664695222312
-119.956689523584
-178.361381673882
-183.71645021645
-154.199502699991
-7.909070475965
12.608323046311
-147.743326118326
-37.079715613163
-23.840826653815
-28.64772480666
-192.945514012897
-208.027617835723
-30.579713147096
-178.809585813492
-169.637999695617
-183.288149350649
-153.328184890197
-36.700584951073
-75.558912929518
-29.890672207567
-157.19400125699
-180.333866708378
-93.420815295815
-164.462912467307
-183.296987734488
128.478292974387
-180.693362193362
106.579645858699
95.40164373929
-30.738899175911
115.686899336558
-30.813139063627
-32.47809216608
-99.928391053391
-0.36536261048
-34.829697646104
-42.18662630772
-38.354096912202
-177.106990665584
-136.566017316017
-93.4954004329
-66.914752294147
-167.256042568543
-44.576687635281
-38.586528299175
-25.026937905844
-100.944715007215
104.974025974026
-36.86067285579
-187.996683492289
-35.645645207657
-92.057276870265
-30.034791976687
-176.6829004329
-36.648345903229
-50.960788831394
-9.589077155483
-36.120420866026
-145.072753201659
49.125388933983
-24.824044011544
-147.493428988546
-4.314574314574
-154.275510405393
-0.185413002796
-143.168643043155
116.895660708649
89.574688007305
-135.2493066829
-174.767163825758
-157.499647000135
-53.099927849928
-39.88950751939
-190.70452502142
-166.016566332973
-160.175602988591
-189.432276870265
20.323134385146
-162.675234487734
-168.608287112193
-33.454463017451
-32.261211444805
-33.423513173025
-192.422438672439
-136.587002840909
-161.924312178707
-107.878086811192
-29.018197460092
-35.842594471501
-156.740731111337
81.882756132756
-197.79607810809
-193.370317995806
-100.491522366522
-31.096771284271
-116.540386073345
-74.646005958018
-195.431715311598
-100.509941068047
-180.742805425911
-37.552468744363
-31.500721500722
-41.394189523584
-92.881411069399
-190.660471906566
-60.482593795094
-93.330169017181
-26.7732063943
-175.14439033189
-142.087739842623
-154.998556998557
26.721859005795
-40.654298284181
-163.207689337572
-85.859327792433
-186.254156379645
-0.493715052309
-94.63056344697
2.913059163059
-189.886245265152
-36.995379999775
-28.229269536887
-196.291063537157
-40.869380185786
-37.786157473169
-75.996023995536
-2.816620445527
-135.76911976912
-81.355728039322
-182.792846855835
-199.40366697105
-148.859758297258
-36.62804594494
-162.09909572849
-101.11753486314
-97.837481962482
-157.808794558306
-194.612461458897
-173.188840131223
-197.759289321789
-35.123765557359
-107.325196017091
-30.917215542704
-34.702373201885
-80.744227994228
-104.312191037045
11.143496206484
-113.537768167163
-143.485930735931
-112.06720243732
15.427839711287
-144.436971557089
-33.88377637987
114.171619233631
-89.353154170049
9.312069495175
-74.848242469336
-37.330279637897
139.273268398268
-125.626623376623
-31.181397893556
9.288219105114
-23.515233952246
137.240079365079
-39.829926638032
-208.876595193001
-35.771263838158
-27.615342177354
10.300414862915
-171.62796843998
-69.526146650658
-69.857225294237
-169.410263347763
-31.641323953824
-33.123216681322
-23.937652191558
-46.93099874301
-29.542285297168
-161.848685656791
-136.954164271059
-115.970591095103
111.897997835498
-182.972242655348
8.256055251172
105.29300679789
-140.194923566017
-144.44427181976
-114.599935600424
-165.09604978355
-43.429934458987
-159.759760692866
-212.88177181976
38.570616883117
-88.394931457431
-186.838223896329
-32.966872970779
-158.818820881809
-30.764159451659
-146.862902180285
115.549803982909
-151.43958206507
-150.324474516369
-142.13926232188
-89.072260692866
-192.040945165945
25.906037213654
-39.959034400929
-36.161776103671
-190.94400125699
-145.647108642226
-169.782037027642
-100.715540590052
-40.14133170432
-82.79912405303
-24.019500952606
-38.654651284046
-78.348492598981
-164.451100359059
59.25182418493
-80.294720362103
-189.721111787518
-75.668282292794
-37.098116347628
-166.457632265738
-181.393586394075
-29.998093377976
-151.783632220644
-7.67812049062
52.154942279942
-31.987804242199
-172.879398406498
-131.431630056142
-157.392684518173
-107.331820577426
28.151522902011
-37.408279220779
-159.728143953486
-31.898518527913
-93.512175324675
-185.546266233766
-45.96913541103
-30.883006262401
-186.223116347628
-35.221861471861
-48.917846855835
-38.557371989989
-37.634719826614
-105.885922914976
-146.943194500812
36.869859307359
-57.239726365215
-192.223997790404
-170.410353535354
-132.312688125676
-113.930743681232
-168.584145021645
-174.160271098259
-34.53554166103
-40.073080131674
19.67163720069
-159.859217171717
-40.336317274306
-41.925775613276
-170.319292252886
-33.85866829568
-88.750422754329
-52.282570402688
-163.198211890106
-39.894730649125
-25.21626984127
-145.798167923656
-96.62769787721
-139.545634920635
-163.993243681232
-139.344155844156
-29.914411976912
-36.365079365079
-155.959686147186
-81.279769655258
-80.537227041622
-42.955697460092
-44.22602278364
-131.397629334641
45.396833147321
-30.854797979798
-30.928481240981
-138.005632849139
-24.673819669913
18.991251803752
-34.089365685313
-176.295634920635
-36.983485454433
76.041097357504
-167.983835988231
-93.844807590413
94.008098916058
-37.446706884695
-137.279200346095
-85.874105874594
7.980800259853
-76.775953592848
-128.303919496302
-32.088105525117
-36.194707256719
-9.862463924964
-149.588633968029
-160.584415584416
-97.467893217893
-188.787538470644
107.129341686959
-183.230439509492
7.665957848575
-88.179112554113
-204.017135642136
-90.912435600424
-32.284181096681
-37.631403318903
-25.351278197714
-194.176288555195
-33.69696969697
20.29329004329
-165.006846506358
-161.376340131223
-90.491432178932
97.263728946834
-120.368596681097
-91.750290995896
109.226092538104
-168.721160404266
158.087293836806
-27.613997113997
-188.469503911887
4.742715238321
-194.999160128066
-158.562139249639
-145.815648815161
-23.063852813853
104.455164085047
-91.040576665088
68.74044011544
-180.957153144165
-161.59585672574
-83.100038470644
-32.039584601596
-197.03849741838
-87.37012987013
100.158348975244
-37.645534586941
-31.882964691558
-148.210046897547
-152.640262135868
-97.657487965593
-133.996552438447
-113.420121978716
-175.541326349432
-148.180826118326
-163.607495857008
-159.693911069399
-36.64115132914
-196.210948773449
-160.10206416847
-106.374438441333
51.478367660985
-135.374368686869
-194.696789321789
-141.091748962843
-142.715520156926
-177.488005050505
-158.503086811192
-165.920655353761
-168.424873737374
-135.385178515061
9.353277473395
-158.434232813627
-204.012724200712
155.930264559659
-94.254517130005
-31.637623796559
-29.429272496167
-171.82980826682
-188.037247474747
-29.662788600289
-0.267960013077
-152.345045037428
-170.635745005862
42.612706304113
-85.693112063718
-41.204192454681
9.650625958243
-192.755689568678
-158.335137085137
-88.389762581169
-98.855707606196
6.067883071789
-160.792470604482
-35.448585323097
-34.135018573007
-154.84354496415
-191.96367483428
9.529581529582
-152.183900246889
-204.857405669417
-168.12020737509
-193.498397056502
-111.582779525162
-181.770534586941
-33.107044919057
-32.94686682675
-31.12690168989
-113.417228225334
-79.330980705492
-126.128234070617
-98.306006493506
-208.398108456214
-34.391316203328
-36.445103941198
-194.738886493281
-152.734946422935
-109.129148629149
-76.930653493642
-152.788760230655
-138.640622886228
-190.293331261837
-40.74618393759
-73.534882164277
-138.682712307224
-174.198142135642
-93.221430967036
-31.758088699495
-193.016676953689
-30.92525492086
24.878499348958
-86.334255642361
-30.448600824089
-40.421426175821
47.43751268263
-166.134461946474
15.921529046041
-164.999840057946
-192.090818903319
-175.165125727137
-196.879158845712
-37.150703463203
-31.330475514069
-185.486590232684
-115.677239047845
-46.477002164502
-27.110216985705
-181.518328513934
136.445877229324
-36.431339060245
-0.606331168831
-35.012638945256
-183.638798701299
-193.821637130231
-188.375561558667
1.699304357752
-34.962108529491
-183.190386002886
-32.000097938086
-152.342552900658
-193.962100778995
-187.114780618687
-109.892336450442
1.188652005547
-27.186049248061
-184.757124819625
-200.818349510732
-123.055264559659
106.65604496415
-97.453200391189
-184.139056581439
-161.515942770337
11.515684890197
-168.347680910669
-34.775675279582
-28.466991341991
-148.230872480384
-142.83083626443
-171.091921587527
-200.344787157287
-21.652166897772
-113.591298024892
-171.08352145901
-101.32279935234
-194.364739047844
-179.848665223665
-94.212654587166
-96.594807590413
112.69255050505
-193.328623145518
-203.420717357729
-181.706349206349
-29.638971325983
114.80419252514
-109.325556767451
-37.196526509515
-27.404852092352
-31.663079596185
-23.501873506268
-160.48080272592
-116.737566795184
138.236950983045
-159.027148930713
-171.652667157062
-173.17603842555
-194.083243145743
-26.085928340323
-154.876520506403
7.157114532603
-25.017594330583
-146.72401822353
-38.662871037383
-181.690676998782
-29.784181096681
-34.863919609037
5.377357559975
-116.797536610525
139.844096306254
-199.963043521149
-31.765700391189
-192.907016594517
-41.183802308802
-130.480158730159
-39.12805862757
-118.5992887863
-41.404970463564
-183.983405483406
-220.273636899125
-120.677398989899
-174.174876203441
-21.232052669553
-90.036878973891
-124.534353721365
0.687028628923
10.483523854618
-125.116903550009
-158.490911486517
-25.767135642136
-30.677370806277
-116.764582205988
-31.423258111246
28.169364543876
-176.916937229437
-84.226623447082
-190.897379204996
-28.627533003021
-198.687049062049
-155.065857373963
-178.723747660759
-166.601911976912
78.368235930736
-161.373639435651
-152.513347763348
-176.665494227994
-176.976911976912
-28.489646394187
-168.758858816964
-52.477842036436
-73.607253477859
-106.84200930905
-153.678097591428
3.940115440115
103.38591516448
-93.666112858496
-179.140844832251
29.300427545545
-194.075306637807
-180.920802613185
-155.489989177489
108.181797748692
49.467274587392
-35.153486595869
-33.431825932314
22.705648138754
-82.481970232459
-160.740628241117
-35.357295048701
-126.51721807923
-98.981990665584
-137.449695757801
-158.709232743168
-200.547000417118
100.838321834416
-151.024200923859
-203.255890376984
-131.67803030303
-207.019931457431
-30.855228484623
-96.084686147186
-130.805014430014
-36.624348253743
-110.702130822736
-165.489728831282
-138.428932178932
-100.816267445662
-151.004426942415
-56.323240073728
-23.805264559659
-168.366890867379
14.322498139881
16.754231066243
-141.525092583198
-114.100190662202
-165.335420330538
-41.301955802444
-184.804952426046
-185.347485034497
-142.625992063492
-38.739350113862
-150.093143347538
140.897196363749
0.106872294372
-167.643475773359
-102.807269119769
-146.828102453102
-7.188020692415
-183.923242610254
-74.221299913194
-189.804223174829
-37.851551226551
-172.106970232458
-29.159119092713
-40.967352092352
21.091429783324
-155.650059467442
-146.021186333198
-120.928864890535
-161.430542872926
-169.311770748782
-28.522887214782
-30.747572685561
-30.023178210678
-46.337293836806
-37.437471816378
-182.889700577201
-138.677689985795
110.787718845824
-199.990550736156
12.210948773449
-35.022206580312
-27.183163245175
-36.352022597628
-43.152319089331
95.011072640467
-32.283119278725
-152.715736466225
-167.11247167546
-115.527708023314
-143.870410649463
-182.82484794936
-92.924353044959
-71.356954731466
-192.240648674242
-164.379308571203
-69.047521109533
-35.498404806999
-35.143869639475
-191.16369047619
11.66046415607
-173.539342222448
-94.335257922416
-30.535345784858
-23.928481240981
-86.357856607368
-33.353161920545
-51.770562770563
-40.111492294598
-167.535000535489
-177.847742914637
-153.315566378066
-35.425414862915
-39.00696487757
-40.162690662202
-210.994568311463
-31.72210385101
-80.359196738591
-193.863185425685
17.568841314935
-37.007575757576
-152.118596681097
2.895111832612
-36.377525252525
108.772907647908
107.443555251172
-82.387236976348
-206.825404575893
-40.462600333694
-151.571727317821
-198.856248731737
-32.706230835137
-145.749396870491
-25.420364357864
-146.366244053256
-29.492424242424
-98.105852047258
-89.872827747339
-77.331908298949
-196.341880721275
-113.728973608856
-39.073314760326
-63.826290950803
139.237172929067
-177.186848253743
-49.250420288262
-32.927030489042
-25.198781199269
11.468823277417
-110.147428526335
-178.896456895969
-140.732712166306
-139.578393448999
-52.90845959596
-102.098036376601
-175.234425730519
-99.80112861314
-190.478161920545
-70.333812807201
-72.72130766369
158.219186493845
12.795532050415
-163.038662292569
-159.591187404176
-164.349657287157
-32.568264255276
-38.820444258433
-30.18368393759
-102.113283363772
-39.282016594517
18.648448773449
-56.145279525162
-55.262646695752
-151.182018990124
-181.200654705538
-157.584874272863
48.548242610254
-34.400502654897
-153.714365685313
-198.774232278139
-97.670696924603
-29.803128241117
108.624175629058
-48.132583508072
-83.467545150162
-146.448564889971
-154.102661661255
-106.07989845441
-36.092609972493
-92.592782597177
-138.88483044733
-37.187041311553
-27.925873551362
-87.787067099567
13.39535421176
-201.357039986923
-190.851718919102
-109.347881718975
-32.809065121077
-92.483214891662
-34.787427849928
-32.510461760462
22.099567099567
-134.26633170432
99.647809709821
-195.95976858428
-84.485028860029
-157.996129684118
-104.015414327426
-158.377344877345
-136.846681096681
-165.626783318678
-0.175783363772
10.202731486179
-166.160742469336
115.968684473079
-192.858232858721
33.001074500586
-72.448683261183
-93.008658008658
-208.655836405348
-47.573134385146
17.897709305668
-81.901695526696
-91.68166599026
-111.126234442641
-30.211417678459
-145.998474561463
-90.399974211986
-158.986131544237
-33.908988038871
5.216171903184
-139.581230835137
-37.320137761544
-89.841630591631
-80.579274891775
102.024528558464
-188.942480750586
9.351391284497
-135.127545685651
-31.990973490485
-195.130604313221
20.764602639114
-28.691738816739
-156.473394660895
99.25830747486
-171.741444861562
20.660704069151
-172.642967763573
-156.135662568768
-25.17028192077
8.21923828125
-162.3412825239
-39.93264255276
-194.737401920996
-193.157176536571
15.004950100897
2.601752034858
-85.075569450081
46.348214285714
-40.826770072376
110.288863100875
-144.510732323232
45.934523809524
-181.805465367965
-206.754161311778
-37.577914327426
-130.681748427354
-28.166834359217
85.922827606421
-33.018037518038
-94.668310476416
-84.917400850018
-76.967823463429
-26.627012310606
-109.260461760462
-188.470681282693
138.980068542569
-35.32492545432
-161.799943491838
-158.526417213429
-78.628607503608
11.443413980767
-182.930104617605
-124.651133968028
-160.03154522344
-194.078172207567
102.434420939304
-29.255841760236
-36.225912162924
-155.902777777778
11.48077736066
-170.878246753247
18.608967042073
-93.590007215007
-99.096931226326
35.56737012987
103.458985079591
-27.559974747475
13.22591991342
-181.21904522344
18.585577806525
-87.2926407631
-170.045031791126
-158.753259435877
-108.364437835385
-113.096681096681
-25.910716751781
-180.792568542569
-34.725657101145
-158.179625496032
-38.676218800731
18.1872167546
-208.394763764881
-33.858794417388
-160.366231370626
-187.053563678075
-166.968823277417
-90.409840593434
-107.461871082477
-183.883645326028
108.640069078057
-43.635461760462
-29.327643764655
-153.831189264295
-177.816821253833
-188.544823232323
-209.773739769345
-193.290481545364
72.194431761815
-93.800837617244
-49.140574269481
-32.401793464782
-32.619338614944
-37.014332076344
-25.923881673882
-29.952561327561
-174.386794141189
84.580725643714
-95.216880721275
20.527046060493
-192.026064213564
12.687402061914
-37.475005354888
-152.068083880096
-208.230437043425
-42.83647721636
-166.015074010191
-40.297972047484
25.435693782129
-128.472513218119
-205.414043476055
-132.056539868552
-141.859570171582
-5.839564027552
-174.128689940702
-155.788899387288
-142.75946969697
-19.440226060832
-159.471791717397
-102.896923334912
-35.780846621911
153.914651889994
-29.748897315792
-152.733974792569
2.71023748929
-181.076597447691
-192.115883302895
-138.26747595937
-100.959853839737
-48.957985265602
-186.641032957928
-165.494859307359
98.419830982819
-200.055076433983
-43.218885281385
-43.095967346456
28.1270947477
-127.96723372114
-187.578200391189
100.272699089105
-163.768939393939
-95.304042799648
-28.827999582882
15.194526881539
111.448430665472
-176.063484312996
-25.635724572736
-206.308982683983
-85.3550065386
-20.043179422574
-12.79597523787
-165.513347763348
24.424505236517
106.31058562748
-23.724868312027
-34.383998325893
-103.159459409948
-94.193071197466
-102.609758297258
-4.76452020202
-181.255751572646
102.732421170409
-85.1675065386
-173.297951614358
-74.709137271149
-92.835034214917
-29.778128311576
-33.560072685561
-40.571596263979
-158.532931153048
-152.945013753608
-91.075466579861
-35.513971325983
-41.070506262401
-28.4393115023
-92.378184749278
-32.022338338745
5.179924242424
-1.237742238231
-157.760271168718
-60.727022597628
18.939151560245
-196.31815363456
-87.850015571451
-96.500471371077
22.981243447308
-97.973214285714
-20.253940070346
-160.826479076479
113.248654936643
-201.507908324315
-167.766967949585
-50.174435482053
-53.395730463113
-137.796093609082
-168.803009869904
8.721791717397
-29.161907157513
-180.768148138754
-129.778589466089
-191.782405528499
-156.657459781972
-193.745761183261
-116.185848439755
-152.304403550009
21.239600243506
-198.093356838474
-58.363283363772
-116.552239047844
-31.596750851145
-147.207328587211
-150.512798887311
-153.587399525388
28.793478168966
-155.607032236427
-111.270189337572
-200.932547433036
-117.309704184704
-106.755403504915
97.553401269954
-199.654774587392
-27.909902597403
8.807269119769
-206.731143043155
-192.494150489268
-156.180826118326
-40.921877113772
105.608255757914
-35.471583158595
-192.277236652237
-28.511724386724
-178.599747474748
-29.944797444309
-161.361394356512
-158.62231480542
23.009567635056
-190.923984544102
-126.936798932404
-154.275152121099
-41.739538239538
-185.600559163059
103.258407879013
-26.71147721636
-173.131673881674
-191.159812409812
-36.930924056412
-44.055465367965
-163.489427618822
111.935806868912
-85.717975654987
-37.882686378292
-157.597041847042
-38.816029998647
-35.636023319129
-135.163863100875
-158.322420634921
-38.45123669733
-32.453623145518
-38.798131989538
-47.135732323232
-171.17976430037
-52.132227689845
-174.299873737374
-111.937979121573
-165.782918470418
-167.060987244093
-42.917207792208
30.878787878788
17.956689523584
133.014790764791
-49.888688080583
-87.437229437229
-192.170933667027
210.852981545364
-84.919704861111
-142.767746522141
1.767238512356
-31.684163059163
-33.576561513573
20.094253782242
-147.934142626037
-38.216952941806
-94.723567285579
-167.147338338745
-41.101718919102
-161.20200751939
-93.713752339241
-200.201270517677
-104.39124151673
10.0498941705
-34.04338023088
-169.49303512243
-79.555014430014
-96.548709049197
-27.10913720069
-29.580808080808
11.988927359533
-179.680666176272
-193.866911300505
-45.677579365079
-34.986840362329
-150.528208282603
-161.979444979933
1.468003838609
-33.257305194805
-181.833271329365
-39.755862193362
-150.927210864223
-159.47276581383
-31.266532512626
-89.177751989764
-161.651362959957
-35.425422613411
-136.85309216608
-188.566009565521
-36.321346134334
-157.020820650704
-201.515705323323
-160.06240981241
-178.569013939619
-192.299415048927
23.138798701299
-94.970140157152
-195.044274356286
-29.307096495085
-36.527855282738
-88.090741398359
-177.144050014655
-80.161263161751
-35.896552367988
100.5018115023
-28.197139855587
-36.250618630501
-8.448252756358
46.684794372294
-87.728437415449
-101.264868269751
-32.758727763122
-33.834207025613
-171.377275122881
-76.167658730159
-165.021755642361
-28.84317153116
-160.231421356421
23.103236607143
-167.689677184794
-135.410611415494
-76.121503117109
-165.228277473395
-33.604166666667
-25.103994041982
-171.974739724251
1.989357864358
-142.676955802444
-38.584333147321
-34.690759435877
-146.419093981106
-31.747454314349
-30.07501564191
-167.849206349206
-197.229437229437
-31.951950447556
-157.683170995671
-41.416305916306
-158.853354978355
-99.728994041982
-143.017849392361
-37.01634438695
-182.828996578508
-196.8127832454
-185.08630952381
-24.50075215041
-152.161976911977
-207.102703232098
10.22878548318
-159.507124819625
-31.135121443227
30.405746217758
105.326028138528
-33.759678255772
-163.870843620355
-89.12003968254
-26.131735885642
-191.355269350875
-36.075499695617
-155.645104082116
28.749298932404
-89.618686868687
-154.398559394165
-88.816007099454
-29.855581484488
-41.149600778995
110.492055741567
-162.04050197849
-137.142506609059
-36.09604978355
-42.533008658009
82.950680070797
-196.126733997339
-159.419470232458
67.842795279807
9.818550319039
-176.428579179067
-43.724296536797
-60.520001211896
-27.38359600469
103.881815856669
-192.972492784993
-37.159734904852
-80.304313362419
-34.567300375406
-158.916097357504
-163.722410347899
50.209317646329
-200.137265512266
-71.133650258162
-95.437659942054
-198.764540635146
-168.313582251082
-165.220521340639
-77.645841083829
-184.737123607729
99.750701067596
-169.372003376398
-178.786616161616
-205.543921356421
-31.019091585498
-157.640442511048
-153.213453592848
156.79616829568
-40.647276334776
-28.147366522367
-35.320088440206
46.811520619138
-197.465339781746
-160.854056045951
-27.211239769345
-107.564012755907
112.329377761995
-149.377816248422
-184.133006262401
-181.406663594652
-169.614095052083
15.587038775027
-106.477174789186
-28.742875180375
-36.190115440115
-72.068813131313
-38.432962436869
-159.679323578982
16.67840902045
-86.662157287157
-197.654499092487
-155.073593073593
-81.941891008297
-36.689203347651
-62.005612063718
-41.433802308802
-197.16349741838
-54.703705582612
-4.278030373489
-195.093537213654
-40.230581484488
-3.39690783392
-116.395943954049
-81.859750546762
20.973124098124
11.382727949134
-87.806264373647
-71.229888167388
9.504341686959
-41.651798396916
-193.338932714421
-139.123737373737
-34.072088068182
83.459157704275
-176.185265743371
-165.935245310245
-174.543269610164
-203.587059208153
-83.319333823728
-92.657730344742
82.992215683622
-111.789973535579
-146.62490981241
23.522083276966
11.743496276944
-162.104249103761
-146.600218845824
-38.094947099342
-100.758920820933
-173.450577200577
-45.82997595937
-163.91847041847
-27.772005772006
-184.497384559885
-149.006653448548
-36.37412630772
-25.107954545455
-176.730186913781
-36.506194760101
-151.027867965368
-156.561126753021
-33.219405973801
-157.58343127142
-39.166785037879
-168.668831168831
-148.830815831304
-147.02026402417
-195.6231884977
-156.643668831169
-13.474484662473
-152.13437950938
-5.964826839827
-23.289960852949
-101.07683982684
15.329793118123
-162.819624819625
-172.522539147051
-161.814775122881
-181.051206118101
-84.501543405596
-151.512814388303
-156.92812049062
-26.328581574675
-109.664043476055
51.948232323232
-159.963564213564
-149.270555020067
81.399533490598
99.942017130005
-36.968975468975
-158.91343259605
-80.681650489268
-117.821351066468
-46.186758066153
114.174963924964
-28.506936693948
-32.430277242289
-35.588644184591
-81.840638528139
-35.86527242289
-168.026362959957
-34.593988151605
-105.794835914953
-29.913051412563
-178.598693407287
-98.952839640828
-179.832792207792
-29.492527112644
-81.69696969697
-181.528581715593
-182.339375901876
-165.89909276921
-17.162417633365
-32.870472653432
-34.068362193362
65.290584415584
-203.943730694219
-31.927296119679
-142.855692105204
-46.926296305691
-140.167638297033
-149.426198367605
-96.112131358225
-34.328032698638
-26.277579435538
-127.924180420274
-49.392607013212
-185.962572150072
-36.100719105114
-192.685876623377
-204.235379393827
-37.480158730159
-31.641496578508
-106.396575267181
-136.227174789186
-33.320083508072
-155.79310966811
-42.498093377976
-27.57693001443
-140.655143088249
-146.998909998422
113.155102221997
-122.737012987013
-98.827442956349
-162.597742914637
-169.905831473214
-41.487361054744
-163.252344877345
-35.938311688312
-204.069534632035
-154.415932483315
41.112816924829
-182.457349020337
49.490079365079
100.992236116748
21.068911069399
-193.625623562635
-172.70601663961
-169.47783428594
-185.808905179022
-150.889893635011
-162.783642437207
-126.243166176272
-170.965445470328
-76.8655176204
-33.95176232188
-45.722923289818
-101.912886538375
-97.030019784903
-27.42784992785
-100.020915770427
-9.16332972583
-36.72409572849
46.744297748692
-74.089636248084
-93.579267141279
132.103527603039
-185.830016825622
-41.073162568768
-29.259206884695
-173.550054112554
-48.850476725965
-167.644918774802
-60.842004024621
-111.394560490508
-4.557622119634
-66.462675020292
-92.943001443001
-44.586129148629
-47.848492598981
-168.487005236517
-190.209052367988
-155.786886724387
19.301829680736
25.025334962347
-194.747371877255
-33.918728298611
-39.085144835633
-33.544900737284
-31.147394705988
-188.839708468615
-58.451221196338
114.944093910647
-152.554756549874
-32.169995857008
-141.158668154762
-89.757021949405
-202.574314574315
-32.323240073728
-178.937958688447
-34.101288414277
74.325597633703
-93.763979076479
-27.964404085498
6.930465367965
-192.437492249504
-28.293728298611
-146.831467577561
-151.095049969562
-117.884477447466
-174.640963203463
-131.936951123963
-198.397444027327
-120.476120721726
-40.137085137085
-75.051759926272
25.968586534993
-177.887195757801
-109.378890749008
-89.542576293065
-33.373273753157
-166.328373015873
-147.700757575758
-28.091560837166
27.981138111021
-43.817120000225
-73.616612554113
-207.807240936147
-148.384046942641
-188.405470722854
-170.58343127142
-167.809044687951
0.213363405258
-34.57683982684
-152.204906204906
-30.456967836851
6.810147372159
-140.639818948413
-88.229354792343
-198.954365079365
-136.800046362058
13.979617604618
-36.513084951073
-31.759021225086
-22.230339105339
-1.641233766234
-24.805916305916
105.374448657896
-170.17795279807
-116.504336754825
-197.635850694444
-186.565746753247
-162.394147952742
-38.293900923295
-67.566275196158
-193.924450983045
-2.461038961039
-179.949966320572
-113.660894660895
-183.484766047754
-163.141143578644
-32.58715186181
-173.49034992785
-92.326216264205
-189.743416305916
-77.95164676903
-81.803370620265
-44.214128238298
24.262634013122
-18.944354256854
-183.372364126759
-156.972665409677
110.358315295815
-161.9586116466
-38.598858281475
-28.726128472222
-40.739999394052
-142.217073779086
-35.847049597538
-103.976308847403
-154.761613766008
-88.78582490643
-158.316578874684
-143.6509944591
-92.871565121077
-152.293838919327
-159.914404226416
136.088051271645
-160.59796415607
0.312930504825
-155.463363405258
-37.322358630952
-171.102695481602
-161.224837662338
-30.836940836941
-24.613033234127
22.206640202246
52.273691152597
-86.722791531385
-28.460928340323
-84.820178627796
-178.877262440251
-90.418210072263
-166.458132525027
-42.201729206124
-29.13656444467
46.085214590097
-177.516574083469
-176.666486291486
18.045536982549
44.011191011679
-173.672611297123
-34.615793115305
-177.46741409632
-169.757908324315
-33.073923174265
-41.034930781025
-28.881673881674
-44.350538729933
-192.650945842352
-146.323134385146
-39.226198226687
-31.459026650433
-162.428834240846
-186.240079365079
-182.801948051948
-155.84048633658
-104.790195481602
-98.107565611472
-29.321346134334
-105.229347041847
-144.700737142632
-195.506341314935
-3.901156867221
-159.805575988681
96.715999278499
-167.997392310381
-190.32118619228
-141.11075036075
-173.193722943723
43.801033493416
-186.433170995671
-41.088912281295
-166.486659987148
5.822080317686
-148.244380185786
-93.125541125541
-19.954303075397
-91.033341224747
-47.981338919327
-27.333395337302
-67.794199669688
-51.986582482188
12.700909767316
-17.963383838384
-199.076118326118
-53.843065842578
-170.050775613276
-21.288883534001
-103.108946608947
-32.46626984127
-51.310954128337
-40.267586580087
-160.38465007215
-138.615280173386
-176.655651098034
-32.129135946519
-110.724226782332
-41.37996031746
-88.60091991342
-38.761363636364
-75.006390636273
-157.003504633387
-27.944805194805
-203.73700277045
-172.324494949495
-24.617612368101
-109.309474840481
4.470696783685
-158.880230880231
-147.568078947962
-117.168650793651
111.190025252525
-98.139167202155
-168.922451355069
-174.58676046176
-200.486131544237
-135.168027231016
-155.218524531025
-107.892316017316
-107.635904947917
-29.371160333807
-149.498466810967
-66.346951659452
-208.957673484285
-171.796023854618
110.077581760687
-187.105617418606
47.152597402597
-45.285956664863
-170.244867057855
-34.165952916441
-163.539514847132
60.800345108451
-179.102986477498
-33.154323649441
1.068715193227
-27.641664271059
-75.539682539683
-37.938201067596
-149.826860259966
-175.360832797845
-160.787968975469
-193.554390867379
-161.518689264295
151.748306868912
-37.204463017451
-152.856782106782
-188.500172624684
-180.964195526696
-163.045925916531
42.719065656566
-162.29024409835
-190.39402958153
-181.274781154176
-61.564053622159
-170.047250546762
-126.300316924829
-105.983377299784
-103.380944630456
-158.295843479437
-33.723858281475
-179.173360981466
-195.652249334866
-37.108155353761
-153.981331168831
-163.115182235299
-149.768697014791
-97.422139926046
29.411435786436
-191.107774170274
118.376631127119
-34.478916537022
-34.587031024531
-164.798077736066
-171.096500721501
-158.333062770563
-33.921745355339
-118.773108456214
-170.849727041622
-52.39143457454
-36.406843969832
-89.757292512175
-26.228347227859
-91.631160939755
-169.394911024306
26.153589466089
-37.354416796311
-176.203110203598
-138.226814038826
-178.488386233992
-12.095791903409
-145.068021876127
-155.458415770428
-102.154561096456
-36.048451169057
-189.530743751691
-29.544434298341
64.966973374932
-126.222582972583
-89.376783318678
-94.304264745671
-36.886002886003
5.973402411391
96.938680189168
-131.604986105474
-114.58467839669
-31.738193176181
-35.328566073683
-172.284964601371
-166.511010636499
-151.847783780889
-35.066115254104
-170.606081039186
107.303684515354
-27.311257806863
-144.746760997249
-198.049443232549
-123.380419005907
-135.287267907873
-33.380882626488
-204.825507446113
-47.783181282693
-204.620428616522
-77.756153189259
-31.229797979798
15.507936507937
-33.704336895743
-20.537505354888
-33.314914631809
-107.94984794936
-174.139880952381
112.000561558667
20.15395021645
-48.228896103896
-138.27216571406
-30.716798284181
-191.463306333424
19.007745916193
-142.025605525117
9.211198903093
-101.00010287022
-41.558822741928
-104.46548633658
-29.97295147344
-175.414120981016
-153.009302004419
-201.682269119769
-154.9175065386
-168.503780128292
22.215445470328
16.943895568407
108.541403854392
-156.374556812545
-37.27102145901
-36.319083694084
3.587502395608
-31.798430735931
47.762626262626
-32.552571614583
-167.499396870491
-173.750028183622
-55.871851184839
-177.280844155844
-47.583403087798
-184.414780477769
-96.910173160173
-147.053674298792
18.719879810944
-39.201491759109
-124.743055555556
-173.128329190341
-155.896394892
-161.635101010101
-83.810544056638
-23.018849206349
-151.988455988456
-193.888089883207
-162.470508658009
-207.499481773652
-77.492493996889
-122.67106542546
-84.980449726055
99.924541170635
5.496322741928
-30.937469350311
-28.031106968119
-93.532818066265
-95.974775658369
-40.738734301723
-153.263618326118
-140.692730880231
-137.248745124233
-166.267197646104
-88.38734794936
-184.32587594697
-136.521194083694
-187.018689264295
-168.808080808081
-143.49321549761
-165.961953519571
14.680437184343
11.688151746257
-27.773719336219
-115.634822696834
-113.92784992785
-136.76937764926
-122.87507750496
-36.643300330312
-31.976308847403
-87.046266233766
-147.609828051723
-169.206356956845
-0.604617604618
-180.250701067596
-160.833706766324
-192.142045454545
-101.647907647908
-33.409279034767
-178.06050812252
-106.63665463226
-35.69446487757
-146.460399897412
-155.622763277304
-168.065857373963
-28.173458919553
-88.788321975334
-100.950224200712
-154.719787157287
-89.428300865801
-48.907078598485
-95.412157287157
-204.329733580222
-183.657890286797
40.12012987013
-179.409369222358
-91.136253015648
-156.199314574315
-42.684044687951
-38.29120797822
45.087131428684
-87.256506189123
-98.916305916306
-99.701126076614
-36.043282292794
-23.170823046311
-187.445867012762
25.619137806638
109.592179467668
112.580369825487
50.978955641797
-152.791674417163
-35.119470373377
-156.155323463429
-195.805898338857
-36.59413541103
-175.763700763212
-46.09252225097
-167.020903087798
-32.814762440251
9.183359121347
-76.080550200667
-152.294671040765
14.946255946744
10.101250014092
-199.703102453102
-36.252074314574
-162.32854317449
-26.898240214646
-199.429132987238
4.461149581755
-26.933874529334
52.22591991342
-41.453184890197
-47.060057184569
-194.215568773674
-199.588824559772
-175.994207561102
-141.952373201885
-24.48538961039
-185.648621398133
-100.752066564078
-133.008915888799
-94.606511544012
-29.694444444444
-188.468524531024
-34.979146233541
-37.166756854257
-179.662780849793
-171.194457127074
-157.121364312771
-91.287136854031
-40.233495670996
-160.985639740034
-147.881320881809
-40.767163825758
-191.359229854347
-62.913427663916
-91.935634244228
59.924853304248
-169.756313131313
-87.511170578553
-87.159443908956
-174.816135687229
-90.697601010101
8.370498370987
-159.184884559885
-35.061778499279
-189.706065960949
-160.83189033189
-161.672771239178
-192.702934760552
-30.827180144075
-34.473033910534
-112.439331935426
-154.403280503134
7.118867243867
-25.225891729798
-38.75496031746
-195.599749940814
-41.09422559862
-144.659263533775
-136.027056277056
-167.789309106692
-80.87138227983
-104.449216636228
-182.034820160308
-198.594065656566
-83.542228225334
-32.556465181953
-188.99053030303
-179.260121443227
-100.054543058938
-192.101120721726
-84.42812049062
-146.482433853039
-162.14621451682
-154.259732509244
-54.919372294372
-192.217609972493
-169.44514551204
-38.231679236562
-85.712128962617
43.866584370491
-93.644181773088
33.237391704433
-35.147276334776
3.81041793493
-143.63282588722
-147.645472582973
-25.582258832747
-81.383990575397
112.486742424242
109.469258714376
-171.076958198052
-128.720701715819
-99.837203649215
-33.694436693948
-59.752545685651
10.443431947826
-97.090187590188
75.0172053966
-157.489448051948
-25.314061372655
-150.182269119769
-163.577831890332
-172.079365079365
-147.046356421356
-36.674144486156
-147.468413910308
-188.527417027417
-140.517926897321
-136.694235885642
133.611291486291
-108.005869943858
12.957431457431
-36.846601125654
-35.570436507937
-35.548090418696
-35.017413955402
-172.749458874459
-90.057109177715
-147.339273031656
-39.91352278364
-152.858114487509
-27.968552714646
-142.644037332026
-26.549054298566
14.577811457206
-140.846841038736
-123.144140202246
-188.350657101145
-91.262987012987
-185.507485569986
-209.058018804113
-171.454004329004
107.259812480271
-191.32014551204
-157.910977097989
-95.577442956349
-47.092163966676
144.613804056187
-200.117083925189
-41.605720288826
-125.286172974161
-122.355630101236
-37.814852627841
151.038427663916
-189.852362914863
-90.124850274508
-89.048410302805
-42.658279220779
-32.695186378292
-24.120941558442
-30.705787647682
-109.407807849702
-172.702270331665
-189.412518037518
105.58857196406
-13.699392079275
-35.807158499053
-34.451126076614
-85.163051412563
138.784451659452
106.005789972831
-98.480168946722
-34.270271774666
-146.257665945166
-100.267213147096
-27.175525483631
-163.025945842352
-158.606233230745
-156.759933317551
-159.135469510958
-189.759552134064
-130.880854442866
-49.759108946609
-205.88674481985
-34.897095959596
-164.170003607504
-207.054182308577
17.455073897457
-158.359147417253
-133.007665945166
-65.855241167253
-48.934856376263
136.241352207905
-154.564123376623
-28.942091816604
-177.741960621843
19.276327025839
-164.071358816964
-77.589115555668
-33.719614532603
-39.948510636499
-93.051239233856
-157.762175324675
6.615903736021
-194.196220012626
-184.388159637671
-30.592609972493
-155.910646997317
-129.7300065386
52.672188542794
-33.652074244115
-171.785804473304
-165.096951659452
-163.695686637581
-37.210477402372
-40.107766419778
-42.006826073232
-136.611173115079
-159.167679163285
113.597209539592
-169.352009914998
-28.58656740395
-32.658379624932
-117.778110344517
-116.042027417027
-35.030303030303
-38.034992784993
-34.576471325983
-33.61803512243
-82.973216751781
-153.610369177264
-203.800587487599
-162.818174067686
-163.63455988456
-101.88923695662
109.044449799333
-96.010441327336
28.217514500473
-94.663592538104
-33.421204229798
-136.153331585949
-29.20185250947
-158.21617965368
-46.386634199134
-26.870949308938
5.541674417163
-195.576090142496
-31.034712005659
-167.017607013212
-36.944617069129
-171.871031746032
-89.408701975108
-35.806880185786
-131.975649350649
-155.13943001443
-30.880521876127
-134.268210142722
-197.319632570121
-39.187311874324
-167.286353349342
-87.191447820842
-88.018918960814
-162.140963203463
-84.361750174738
-143.188033375045
-173.672910043516
-159.813520247114
-89.401875901876
-73.734766047754
-34.669913419913
-29.293753663871
15.386693737036
-150.328615395022
-30.70193001443
-177.429645929158
-153.663682725694
-187.658207000248
-186.013688080583
-38.662608225108
-169.394820836715
-148.540924732819
-194.648366336355
-168.489886307269
-50.861500045094
-30.89909276921
76.074301891685
-91.389241888754
-39.658286971275
-174.985562235074
-170.271096145608
-88.922719451772
17.252453031994
-165.562582437094
-24.749278499278
-29.102272727273
-2.923332797845
-103.013175138663
-199.761466506584
-48.130333750451
-34.004267000361
5.321428571429
-200.920286852904
-197.840839336445
-29.522817460317
-77.742965367965
-158.185423219359
-43.875270562771
-178.588125958243
-33.736984803391
-193.586379278274
-174.936425499414
104.560987244093
-95.4951171875
-149.944743190837
8.897506031295
-175.109938672439
-86.90604496415
-99.747142180736
-35.101801356196
142.436327561328
-104.698765698277
39.026515151515
-93.133637575532
-155.564463693858
-54.979689825149
-25.840285528274
-153.176685239674
-163.73662405303
-78.888427734375
-36.447500605948
-85.152875715864
-33.438131313131
-32.579913955402
-42.456279451885
10.857586044598
-73.290203232098
-193.226551226551
-32.762994763483
-150.977620795004
-155.198322510823
-180.121856116973
-172.460845903229
136.961780894886
-27.296418425325
-146.946802004419
-31.997356376263
3.637433204816
-165.068931502525
-98.44992545432
-120.987554112554
2.657820532332
-165.275996925167
39.579084300032
-27.012265512266
-167.828275077787
-149.411057069016
-32.371212121212
136.166153724747
-31.661263161751
-122.853143953486
101.806887936282
-58.277927503269
-173.668941789547
-188.436327561328
-27.282385095373
-32.727633477633
-109.481864543876
-194.35197398088
-180.323515568633
-108.104264604753
-30.148268398268
-27.60588023088
-205.781746031746
-104.304390867379
14.893210142722
-192.723845598846
-161.333774054721
-99.400175020292
-39.116439929428
-99.229256854257
-24.907008844021
-146.965790719697
-153.595751037157
-39.356434039051
-24.883367012762
8.441127936733
-170.219233349116
1.337211399711
-33.92775974026
-30.640512265512
-31.691628196023
-84.465347532242
-87.232934112329
-166.457604082116
114.270459900343
-153.368879926497
-163.924422799423
-32.28849741838
99.024072336084
-114.618977864583
-203.381583694084
-178.42488148787
13.53851010101
-186.902076710182
-183.066538008433
-44.329192454681
-30.48671424062
-2.785603664998
-94.859377113772
-89.225108225108
-98.768460272367
-89.17794011544
-21.712051457657
-202.013355513844
-90.01462307224
-29.92344870299
-88.611832611833
-89.804924242424
-104.271263838158
-36.006583694084
8.39908008658
-148.205689709596
-131.515955452967
-71.915785223891
-185.723763161751
-161.857044919057
-40.297410488817
1.801566868461
-152.131575943588
103.748023623512
-160.385294067911
-34.580357142857
-149.741280339669
-146.746142366748
-160.683822741928
104.635974702381
-201.528138528139
-28.591262090774
-98.366153865666
-35.201819393714
-31.917457921852
-164.820173695662
18.210415398404
-159.091818717307
-136.24981962482
-80.348003260845
18.827749453238
-101.114816552805
-189.289641321135
-135.942578688672
-36.999446191829
9.184794372294
-179.266865079365
-81.532217402823
-94.952834356399
-180.575945701434
-163.350406971501
-149.862165178571
-174.152355023449
-111.748113811102
-141.691135687229
-109.840806220689
157.818442164389
93.227092352092
-97.345586162969
-154.931026926632
-97.31259018759
-142.990891053391
-11.65387271149
-171.558629684118
-189.461740028635
-112.499829841383
-33.940829190341
1.346570475965
-25.418929106917
-188.842372525478
-43.653156495198
-151.70020869972
-74.006222943723
-106.135933131539
-56.065226060832
-158.144681327787
-173.172160359172
-29.761183261183
-86.437597938086
-178.995740750135
-179.44733044733
-36.568369943858
-93.231880044868
80.357240795229
-127.882665945166
-169.282655658144
-99.010912698413
-63.58667027417
-33.648018268624
-92.149551457657
-165.207611832612
-174.018295398178
-80.24494949495
-184.186056998557
-30.722742914637
-164.672799422799
100.515700391189
58.60866829568
-200.027118281024
-136.662136854031
-160.982464855023
-89.378587070482
-161.739538239538
103.758928571429
-31.973201603084
-122.729797979798
-39.219436623489
-26.818374875992
-160.522977402372
-145.972570289953
107.586031210543
-89.88604410455
-33.729978354978
-187.443091630592
-165.85273141572
-160.581689523584
-37.781372598755
-145.373647186147
-72.334034400929
-120.840556091044
-161.87403612013
-41.727285409903
-35.01902958153
-167.852009914998
-163.128414445797
-161.250270562771
-149.436314878698
-39.457320836715
-146.024593028499
-28.150002395608
-30.715458152958
-155.958956895969
-99.159910347899
-166.169704861111
-199.470606596095
-139.259461946474
-188.293740981241
-43.609114301497
-67.687930504825
-195.672446422935
-159.267233580222
-88.701200763212
-31.324301891685
-194.908930967036
117.510399756494
-37.7738997114
-162.543019480519
-164.907836033324
-37.595848975244
-61.551246984352
-137.611123793741
-36.02400258162
-33.78555434366
-48.994776870265
-95.320915629509
105.779060837166
-194.056457431457
-199.072683447195
-35.426053926542
-133.396194083694
-36.221392566852
-107.846312595824
-57.090167157062
-143.964528093434
-197.053924428436
-109.018057951163
-160.850280849793
-206.817452566964
-84.717962972358
-174.502803565792
-178.207258832747
-31.322791601844
-89.835239955357
-38.8949934614
-172.832243331755
-142.905300564236
27.306379926497
134.786616161616
-36.220245845734
-35.582902828508
-29.698404947917
-38.637383883478
107.144181773088
-104.891684704185
-151.86126330267
-33.818813131313
-47.642939579951
-49.498938182044
-162.872294372294
2.494220243732
-152.371740564123
101.812620837279
-136.65863997114
-169.553674298792
-29.661716565769
-152.56727994228
46.513077200577
-95.625922309028
-91.603285223891
-187.988574359668
11.297008167614
-95.699665108112
-40.121593304699
-59.925968671086
5.693875135281
-198.683150562545
-39.684794372294
-90.857941862825
-150.245921125316
-105.654310966811
-88.061791181908
-161.953615395022
113.610507981602
-28.753053695437
-182.565323998918
-25.154679467668
-164.455808080808
43.090117835723
-34.124881628788
-173.056568052174
-117.866161616162
-194.45114650974
-1.963121026109
-191.763826884921
-42.919823232323
104.6528059614
-31.92010154559
-202.53536128585
-195.400695712707
-25.861209049197
-167.288502350514
-208.736492294598
-104.427128427128
-100.643488455988
-194.803238861833
-189.236915048927
-29.987361054744
-147.362925079478
-185.017684518173
-2.65052555409
-161.95689033189
-103.356240981241
-39.152326839827
-152.540210982594
-38.921467042073
-201.257284761679
-92.101561443114
-53.078032698638
-147.067640692641
94.429202741703
-207.90298633658
58.287260157377
-161.540473442573
-63.953110203598
-30.098575036075
-3.404934529446
0.960670460182
-90.770645207657
-36.805826118326
3.389007260101
-156.599829911842
-41.494318181818
-180.978362728851
23.242715238321
14.615960807855
-194.530122655123
-148.052398989899
-40.559433621934
-100.856351601957
-29.730339105339
-39.188594933712
-38.938041125541
45.755689568678
-195.512412419395
-39.161255411255
-153.819166131178
-30.370238024779
-76.813311688312
-66.601391284497
-104.16759672619
-42.543179422574
-31.35397854099
-184.986562049062
-89.07023569963
-31.070165945166
-203.819111877706
-131.540854978355
-68.850482010394
-162.465007215007
-118.574785945391
-27.541145974251
-148.289409510845
-134.649711399711
-156.985216985705
-87.629058441558
9.990282639453
-176.776002209596
-141.099103478986
109.507222757711
-92.525821834416
-30.701842292907
-82.279671717172
-170.369761369273
-196.226891543786
14.493416305916
-196.489197922303
-31.405212842713
-162.468697155709
-210.71510761916
-81.66369047619
-192.736902366297
-194.797536610525
-47.525641459235
-139.159722222222
-94.941891008297
-31.644480519481
-29.858846204793
-148.803481240981
-33.549415048927
-40.429594141752
-189.417408600514
-37.315759435877
-29.352801170184
-34.089027834145
76.685613811102
-147.442931688537
-29.806720243732
-172.395632525027
-100.472873968479
-29.617403809298
-37.629411441423
-33.455204951299
-26.727625727137
-39.428731370626
-35.825113579996
45.394392797957
-173.469599031611
108.392336450442
-164.012433204816
-94.103277473395
-165.203179958063
-85.635031255637
-198.28832972583
-159.628587070482
-154.529741471636
-95.377553436147
-94.34606246618
-75.341893403905
18.17403386544
-188.045794862689
-181.983967042073
-211.11047979798
-173.809425871438
-85.227633477633
-175.000569309163
106.336219336219
-100.923603360615
-205.523621398133
-29.38656444467
7.756313131313
-87.13952020202
-100.511925195031
-148.256521690115
-102.980246451682
91.344364402958
-208.072157822646
-186.96636002886
-208.414442626601
-101.129862379374
-96.013167388167
27.479496767339
-32.629877880366
-196.1470882091
-31.578903924851
-186.722029164412
-76.280746217758
-40.168498602092
2.616161616162
106.373466810967
-150.945856796199
-37.860307173295
-150.225641600153
-39.32186682675
-39.747835497836
-37.191287878788
43.270660708649
5.497827747339
-190.000172624684
99.62804594494
-45.966831399937
-133.049865986878
-38.211067144661
-138.080988455988
-120.199592887581
-157.251254875767
-29.931465181953
-164.396915584416
-29.04119529559
13.943534818047
-98.224755225244
-162.280573593074
-77.88923695662
-37.57284338925
-49.067640692641
-151.42116829568
-97.050685425685
-158.615267490756
-171.450064258658
-148.71006979674
-90.617584184479
-31.499278499278
44.982233044733
-92.299861054744
-87.428563678075
-79.359487734488
-33.744748686643
-147.620379999775
20.428661616162
-155.342733275839
13.339654215142
-94.299152236652
-210.835497835498
-92.0305940262
47.341622841135
-29.871121933622
-160.255591630592
-59.436858470306
-36.101829539818
1.717532467532
-40.118436739042
-152.928460807855
-94.760479727521
-191.416277732684
11.836830216225
-37.491514616026
-32.88952020202
-59.38005050505
-112.6636002886
-194.776875901876
21.846480288375
-39.881431502525
-91.579295324901
-33.648891960904
-1.023616465999
-82.310979493597
-86.946789321789
-167.361832611833
-162.063860564349
-130.642955080943
-94.339728901741
-23.086391960904
-189.099719291126
-211.677398989899
2.826561513573
-66.845420936485
-208.235278989674
9.730339105339
-40.467705092217
110.335239955357
-99.111930549919
-135.889218989561
-90.872572685561
-80.261293881899
-197.589203277192
-149.135670319264
-79.451118326118
-97.198502886003
-173.25287825239
-36.82674963925
12.208596145608
42.862927545545
-48.26355632215
-190.24981962482
-40.529782337888
-32.453733766234
5.544933853039
-26.026432714421
-39.461108715503
-33.810438368056
-171.578635828148
-144.871281875676
-145.625188125676
-152.863644114132
-34.244781802399
-82.871835683847
-31.163891284497
-110.759101196113
-36.334116838023
-153.996843434343
-37.560959060471
-153.504411441423
-134.360119047619
-112.541756854257
2.179550809434
8.60274409835
-184.287087532693
-200.1231884977
-84.754607317596
-81.726468789457
-149.087203649215
13.134281571293
-164.884461946474
106.214306147412
-109.856872294372
43.907274474657
134.551489363501
-77.345426220914
-121.396361776245
75.504238816739
-31.366934904288
-131.611409857504
139.191280128292
-34.900703463203
-50.655241026335
-179.338904530799
-164.650883838384
-109.729625355114
-19.171438858451
-95.453352582747
-34.390532698638
-115.806707561102
-83.059593563988
-38.961116465999
-181.737095424107
-30.853723479212
-93.940386002886
116.572057418493
-40.971861471861
-34.235021109533
104.666035353535
-0.003074128562
-78.975551412563
-18.962384024396
-208.80781024531
-31.463133708739
111.858977258635
-200.50650125699
-135.193792698187
-191.710157518263
-120.497835497836
-80.862914862915
-28.117035308442
110.42594823796
-32.160636780754
-169.991620304609
-162.2261002886
-112.390229020112
-145.779241212347
41.584856305804
-177.351198226686
-37.40595477656
8.81171649531
-202.08648989899
45.172346018782
-91.35197398088
-164.105671672078
-170.754161311779
-36.094496161391
-138.070797258297
-199.854769796176
-91.896843363884
-198.318563001668
-45.749396870491
-194.579032512626
-109.693362193362
-169.201548830943
-123.31240981241
85.183704370716
-28.82883170432
-146.303481240981
-192.553653865666
108.89420995671
-93.984327792433
-197.832792207792
-158.829164271059
-92.874451123963
2.668192105204
21.902226435674
-39.390610203598
-102.088752339241
-178.455615022998
-110.143787202381
-164.823683261183
-31.511814574315
-30.376254875767
-36.606892727498
-59.072892005997
-189.378751592375
11.898190893308
-75.389971139971
-25.569444444444
-189.987714054609
-86.821526509515
-29.090187590188
-81.781364848259
98.040203232098
9.032926220914
14.213646650658
-160.153569032964
-36.136582411729
-78.126102684208
-134.307367057855
-144.692498717645
-163.970238095238
-126.207902828508
-173.800316924829
-74.020542337437
-36.497273939168
-84.228244357639
109.585286810629
-92.371052179158
-32.322961760462
-195.730441975559
-193.326409322015
-180.970225412608
-153.664883347989
-80.938221500722
-167.556186868687
-180.116161616162
-39.187868500857
-202.786353349342
-180.979096912202
-35.95173695662
-38.124749870355
-27.508186637581
-84.388958643353
-27.832483244837
-210.308670902665
-32.106709886251
-30.908369408369
107.949654891549
-35.16611779063
-185.549319929203
-144.977563723169
-192.047028953035
-36.644099335994
-42.415215914728
18.549610925099
-85.14411976912
9.207320836715
-194.437327375316
42.24062049062
24.677316552805
-161.393390517902
-108.710026464421
-35.084255642361
141.109668109668
59.362201112689
-163.627053881448
-191.241251803752
-89.675574804969
-151.528581715593
-39.390311457206
-160.553584111201
-105.385441327336
-36.535714285714
-35.090200272817
-160.705086580087
116.763455917997
-92.433018804113
-22.572420634921
-165.4142936057
-4.680277242289
-184.686876437365
-135.819555065161
-153.188499813988
-113.922065239448
-42.801046176046
-90.801156796762
-29.97513640873
-177.661997345103
-164.168720548115
-102.800574804969
-82.44436200735
-31.151424963925
111.648170460182
-100.058990434479
0.417728484623
-163.817578688672
94.354339291351
-36.399603245062
-37.297057488952
16.924144486156
-38.38933982684
-111.814742007125
-27.029130591631
108.14880952381
-113.807477678571
-30.347500535489
60.61066017316
-29.498306868912
-31.548520923521
-156.396915584416
-38.180743681232
130.653027907422
40.654192595599
3.410814689867
-111.262979262491
-31.442710447105
-40.764422263934
-146.887113320707
-166.382596190702
-189.77417027417
-158.760920448909
-37.279831659226
4.107330982819
-151.385461760462
-34.221779034767
-167.366945120851
-201.072523505141
-169.816898758793
-67.326020388032
-177.21358464669
-43.831521831034
-80.938229251218
-106.223935786436
-144.735111297123
-193.337128962617
36.081259018759
-30.179473304473
135.25199187748
53.926066609172
-191.141893262987
39.023448773449
-40.404491341991
-189.473415446316
-166.569534632035
-181.879877880366
-26.594065656566
-73.403326653815
-32.736020923521
-35.969619464737
8.566821253833
-107.587912467307
39.284283966901
-185.141323953824
-89.206259018759
-38.42804298566
-38.194725223778
112.094599031611
-152.059281430375
-170.486812178707
10.647887214782
-184.62031024531
44.363247429654
-176.6636002886
-89.471673346185
-31.359044547033
-107.93940168989
55.865981240981
-114.472776030393
44.713241863388
-53.114808802309
-193.672245614628
75.14593127142
25.954094516595
138.996933621934
-29.395632525027
-192.816800820707
-108.86085323097
-139.867112461107
-33.082181327787
-34.701216264205
-200.96177314439
-31.744859307359
-86.647825210814
-85.473497531115
-91.79979130028
-28.913710909316
43.648538961039
-151.891226015738
-75.471508471997
-138.776883652372
-155.252976190476
-32.557116928211
-197.54156872858
-179.426497113997
-197.997093563988
-153.830808080808
-33.929390867379
-31.660984848485
-36.696616697105
-176.509227317821
-178.540847227859
-92.064484126984
-38.088772772367
-154.833694083694
-38.121732813627
-27.240800865801
1.14230826682
-159.367993551587
-195.40080140129
19.028228715729
-190.664149164637
-190.142496392496
17.130207981038
-35.45174963925
-172.813401875902
-78.471500721501
-189.170995670996
-26.466262090774
-89.561528369634
-38.443820881809
-28.573224572736
-158.866341991342
-149.742326304338
-130.00018037518
-161.12708206507
114.245580808081
-199.871593304699
-142.028326653815
-30.669923636476
-32.246732813627
11.831439393939
-134.375
-99.666396103896
-130.766414141414
109.750430504825
-33.275543521149
-186.061507936508
-143.729326608721
-138.360209235209
-37.301468930375
-38.946506076389
13.37022005772
-192.061064749053
-34.523997649486
-181.306900618912
-153.43742249504
-38.021485079591
-178.999196062184
105.2965470131
-170.736562049062
-38.049394615801
-75.626180189168
-174.462481962482
-161.131305380817
-78.61562049062
-183.473095914502
-118.54921424062
-96.063922568317
-163.290051040539
-31.701048571654
-36.984217171717
-94.317390562996
48.075549016955
-24.371905438312
-36.456972768984
-181.163149350649
-185.087822279717
-136.283397591991
-33.657475282964
-148.855457476551
-130.477355164367
-37.683872063267
-149.167097171492
-116.232954545455
-40.013901571519
-92.267676767677
-190.136286131403
135.667297979798
-169.53047318892
-32.900404716811
-35.911878973891
2.566648629149
-131.272428526335
-199.543712797619
-128.062139249639
-52.590187590188
-70.820088440206
-195.631403318903
-38.224469161481
-141.36812531002
-40.250971630366
-99.898260647772
-23.685863940747
-117.724665037653
-109.416674417163
-149.099193666576
173.603097098214
-34.273799307247
56.79625848327
-158.466708096591
-172.630501443001
-140.334207025613
-155.696158008658
-3.810515873016
-32.001012496618
-182.669019294508
-90.094967532468
-30.658542033054
-47.688291255186
-50.992236116748
-149.240177303166
-134.259219567325
-183.965380647998
-116.844787157287
-38.677239047845
83.333887141504
-183.842081529582
-91.364870806277
-162.907008844021
-178.418101917614
-38.57693001443
-212.2116829568
-154.290125727137
-184.769500952606
-199.446428571429
-90.211662523674
-193.811167619273
-111.254329004329
-39.091019711625
-41.440636132531
-147.426324489313
-29.299131803526
-143.076729206124
-80.402388843795
-177.365628241117
4.252512569895
-97.810876623377
-31.364538239538
-141.109500417118
-85.12203156002
-78.089113089601
-200.799775799288
-61.463466275478
-29.613989363501
-135.773386769481
-191.799505236517
-192.167367734262
-207.049242424242
-35.251803751804
-178.462231832837
-34.345045037428
-50.63474025974
-193.464728901741
110.049345294462
-81.017225829726
-89.951561513573
-146.436938441333
-155.422098355204
98.195516478964
-39.335144835633
-157.846889655483
-32.265983636589
-5.956266769255
109.162690662202
-35.147033955628
-162.330349392361
-31.176296305691
-94.309185958356
-33.332423706935
-108.75659144458
7.134039192145
116.004978284519
139.469246031746
-81.051788109894
-116.903130777642
-93.452561327561
-37.878787878788
133.635129193723
-128.049180420274
-182.843315972222
-150.196699134199
-82.000250129645
-170.230601917614
42.348484848485
-82.822608760597
-39.410093189146
-111.625360750361
-171.427411672529
-88.580898268398
-150.105692105204
-152.315205627706
-151.46339158888
105.667019666531
-161.834304963699
-22.1229052523
-32.882513753608
-202.144743331755
-106.170467228084
-50.747394776448
97.48644367785
-82.915506910624
-16.822641876353
-85.420642671131
-37.249175629058
-202.03572203621
-39.946449004554
-35.567290158843
-181.807699624594
-169.240911486517
-88.739906740395
-27.173709049197
-184.837592583198
-38.575306637807
-170.526917120423
-163.832251082251
-25.39908008658
114.904401154401
-157.881506189123
-176.694534632035
-162.455697460092
-160.841457966946
-181.685876623377
-158.193009193498
-188.508276825171
-30.15176528116
13.13943001443
-83.674873737374
82.78668591608
-174.657307590413
-135.806797748692
-36.836211585723
-161.57136656746
-151.128336940837
-25.499190777755
111.28536128585
102.225007820955
-16.063123562635
-87.823593073593
-192.689053622159
-109.411407602814
89.869748686643
-167.889880952381
-158.562597938086
-144.386015568633
-34.481050389498
-87.590089652101
105.674863520811
-152.114718614719
26.533271470283
-95.364796119679
111.807150748557
-166.066197691198
-189.193442164389
-190.005792438898
-174.366715424333
-108.363899175911
-185.974997604392
-181.736922799423
-39.623356190251
-29.728638223755
-172.751254875767
-171.718602035985
134.460144835633
-52.635995135507
-29.334325396825
-104.171619233631
-18.045245986652
-26.612742238231
-30.490378111472
-49.889901385507
-33.741542799648
-19.023629148629
-157.019632711039
-89.723873782468
-165.045845945504
-24.968877530889
-143.933093490711
-87.710034214917
-136.946060070572
-90.916014920409
-19.164404226416
-29.772624402507
-178.652244402733
16.250811688312
-39.643828773223
-83.014602639114
106.524559208153
4.17812049062
-148.870838688221
-176.792450171356
-208.796085858586
-95.448510636499
-164.5818001443
-15.581349206349
-90.941988946383
-178.898150027056
-144.979166666667
-67.964576710182
7.326777822872
-97.584325396825
-38.540293419688
-60.337149395743
-158.545913233902
-150.672436206372
-31.863636363636
-187.044282106782
-198.647977402372
-31.731163476281
14.857673766121
-35.917769350875
-37.414329539818
17.016053391053
-173.663489667884
-151.301960734578
-123.517316017316
-65.112113391166
-166.481769424152
-188.404754154266
-148.02581408392
-40.215187590188
-185.790063723169
-132.28344691333
-181.751971444354
-189.04519173318
-101.062020878427
12.678128241117
-165.144037332026
-181.194985569986
-184.265344572962
-169.315746753247
20.413973721591
-35.626540939529
-48.465007215007
-137.60387567077
5.477633477633
-174.361361240756
-23.345611528229
-183.959776334776
-33.932887750271
6.308539496528
-23.860139480745
-100.214203277192
-157.213474025974
-139.870838688221
-30.710337893443
-29.635260952155
26.01652476213
-97.112365986878
-160.837329770924
-194.611041356647
135.188103129509
-34.655651098034
-174.385260952155
-36.736402107008
-160.521346275252
-183.09155308667
-202.396016174581
-156.677460993867
-58.699203953598
-31.748466810967
-133.496642626037
-138.185134689529
-185.400154587166
-35.328483636589
15.304230925325
-77.44696969697
-164.332000952606
-169.110049293155
-40.530491155979
-27.210657777552
-95.076541080447
-172.65594209393
-155.913801096907
-32.794823232323
-33.253246753247
-177.063041125541
-26.16036128585
-199.558810059298
-88.937126567009
-176.107836174242
-161.188845063357
0.219065656566
-169.49704424265
-159.193805380817
-95.670815295815
102.609054763596
-177.930284992785
49.858052483541
-82.099817229212
-77.097595655213
-97.201388888889
-16.791658916171
154.891393708288
-34.436216940611
-35.474316969922
-199.639450447556
-149.11553030303
4.013971325983
-33.85119047619
-26.008276825171
12.384822696834
-185.181527185922
-72.963834776335
-77.099296536797
-95.340625845509
-169.863198108315
108.331140647547
-101.314865310471
-38.089546060493
-85.307990620491
99.695784575667
-32.12691437252
-183.289391543786
11.555295209348
-25.918761414367
-137.497835497836
-48.951048571654
-91.618158425776
-139.175747429654
6.403491528003
117.452391168944
-142.874015687004
-88.370843620355
-86.466700346095
-81.706356956845
99.005962597515
-35.775412467307
42.453553391053
-81.42288961039
-191.309433621934
41.701909581304
-110.223575036075
-188.032447099342
-139.224025974026
-35.945554879149
-160.930735930736
38.04023141572
-42.995490620491
-187.184363867469
21.713010405393
107.778298470193
-28.411533724522
-177.103986291486
-183.187061744679
-31.751352813853
-145.708854025749
-154.833513708514
-172.241903550009
-26.930735930736
-147.625639063627
-48.664211168606
-150.495060115666
-192.082972582973
-174.559696434208
-40.825770258387
-169.963141459235
100.15004396645
-185.765143764655
-159.478607574067
-154.942939439033
-42.342068846952
-144.793823418335
-84.786423103806
-128.797258297258
-177.327671948277
-78.287906971501
-162.215437719832
-79.0691943148
-159.99627412518
113.250262812275
-35.829713147096
-177.274428154311
-37.930277242289
-116.030560910444
60.319444444444
-182.048889424378
-34.46331408392
-26.660791790675
-184.591991341991
-112.469336219336
-27.66142803594
-185.879071124188
-40.101092538104
-35.796376854482
-32.103457848575
-186.542395917884
-158.401064213564
-27.670634920635
-39.181179118191
-25.602543290043
150.779220779221
-35.795454545455
-188.736742424242
-28.397997835498
115.019939207927
-33.251270376759
-148.119921311328
111.972201789096
-117.700757575758
-130.799803982909
69.300927804834
-181.889167202155
-38.371572871573
-34.222472351867
-191.922430921943
-189.393127705628
-31.11067285579
-38.012453637942
-139.757818136724
-171.03938379329
-50.575146695752
-36.74704424265
-38.140153981218
-176.840089652101
-33.826659451659
-28.748528814935
-75.466097216586
-177.182449494949
-150.605449726055
-203.590097402597
10.163306826637
-35.115870620265
142.697693663758
-101.453553391053
-86.977986477498
-82.409632034632
98.101072104978
-196.484369363276
-157.684954314349
18.057609437004
-49.806076247971
-107.195784575667
11.733505887559
-46.085580272592
-32.946330633342
-190.799533420139
-29.724845412834
-184.560057184569
-99.903707837302
-140.402437460543
10.607039986923
14.522296767902
-205.79050197849
-151.235500231106
-33.558091024644
-157.230949985345
-39.349829911842
-27.361188616071
-165.600566913555
-77.206008889114
-138.39230826682
-188.066357633252
-150.250290995896
-158.238837171943
-143.803759554248
-132.810167805285
-190.973116347628
-165.482606477724
-190.087031024531
-39.140331890332
-175.512536075036
-91.692751313357
-34.533127029221
-91.326639018534
15.140473865327
-151.868764373647
-25.204146304
-37.77426046176
-29.974719291126
-38.482774170274
-202.227146253269
-2.445609132621
-159.180645743146
7.385719640602
-157.90942347583
-37.531475468975
-34.279769655258
5.193722943723
-92.28498256843
111.210958990012
-90.914963319016
-186.472160218254
-31.65711699867
-179.827651515152
-23.476280663781
-159.069617069129
49.002445281498
-181.83189033189
-88.777519897637
-181.815386002886
105.048090418696
5.457972582973
-22.953355048814
-197.79059216608
8.397304518398
-100.212211399711
-136.669552669553
111.304723434118
-34.833305149711
15.809134875541
-32.973905136747
-68.779102408009
106.471889655483
-164.626004746122
-30.404772121325
12.704787833694
-192.54129816581
-36.806006493506
-175.477182539683
-149.182269119769
-40.512376132982
-11.87795575735
-37.931735744724
-174.743145743146
-182.203795770202
-148.326118326118
-125.133289507801
8.767924431255
-188.388958643353
-88.742424242424
-39.418900923295
-164.891877761995
-32.207792207792
-167.042658730159
-192.336289090684
-102.916937229437
-37.920446794959
-176.922335802219
-41.924422799423
-32.028146278635
-96.477272727273
-177.271845829951
-25.887368382486
-163.270923520924
-32.225206163194
-93.666929478941
-92.809523809524
-163.15673828125
-145.829697646104
95.291112858496
-137.284000721501
-93.889983822601
-102.923258111246
-36.821768888663
-35.805993810877
120.534652467758
-34.486111111111
-36.611644486156
-185.695075757576
-78.256034818047
-79.048418053301
-175.540674603175
138.158812595824
-186.563033375045
169.024731832837
-32.591117649711
-84.138437950938
-88.034181096681
-94.11028674017
-196.490087115575
-178.631029885913
-163.60684411075
-152.536989594607
-183.00797279435
-182.013979076479
-159.563692871798
-97.253267186373
-188.182782061688
-191.470799653905
-174.940865124459
-33.264958457341
-54.561848253743
-28.564020506403
-88.575757575758
-29.492612368101
-115.798422985435
111.426705672799
-90.110812364719
-102.546884864268
-130.851182725694
-82.736812178707
-30.231872294372
17.156856652462
-193.738808988321
-183.968504097899
110.579527487486
-25.018787202381
-30.771526650433
-4.130321067821
106.19515819467
-158.282820532332
-34.07118619228
-24.860139480745
103.11516955267
-33.347735164141
-40.753246753247
43.586850649351
-37.882117069129
-183.205828513934
-96.011446073458
-8.598095914502
-35.151973839962
-36.465285528274
-154.765069078057
-31.520660708649
-162.66036128585
-143.59623015873
-0.870302494814
-203.636994949495
-45.550144300144
-183.183441558442
-155.166949912067
-186.504501629013
-175.771096145608
-93.547959364854
-33.376963693858
-139.664592352092
-143.898518527913
-157.420093795094
-164.131140506629
-161.212950867492
-33.004669321564
-39.87682418493
-31.524270678323
-90.285624098124
-84.810142440025
3.251159756043
-178.189095193001
-166.409250851145
-185.590651210768
-133.192578688672
-170.166396103896
15.944534632035
-20.310806868912
-34.757472887356
-170.559773939168
9.390589770473
25.858585858586
-31.787528254081
-155.878947820842
-87.373266002661
-31.533106596095
-143.589097588609
22.120408183396
-226.529068587662
-162.3894173318
-87.839814157197
45.144632711039
-186.629808125902
-156.173188356782
-166.249451123963
-129.059962064845
-82.405462972358
-82.844936882779
41.340916841405
-106.510551948052
-46.118694619183
-209.974407157513
-71.46655308667
-199.872572685561
-150.959603710092
-144.577651515152
-142.183351370851
-27.595135225018
-90.70670995671
-261.500450937951
-106.794895452854
-142.701118326118
-114.820957200352
-97.14926046176
28.395923520924
-167.078811271194
0.636814574315
-93.711572336084
1.426759926272
-87.748258252164
-130.190295815296
-190.121843434343
-172.27129202178
-193.00783856985
-180.277777777778
-37.774628962617
-185.641504329004
-166.48297497858
-185.258658008658
-36.236664919282
7.181096681097
-172.421729854347
-37.748438627345
-164.561528369634
-41.238193176181
-82.530483405483
-34.092269655258
-90.350177979573
-85.071158008658
-27.780303030303
-187.933544428662
133.951275802106
-189.434003117109
-128.885711890106
-35.479867734262
-201.181645557134
-33.636724386724
-31.599837662338
-93.660907343525
-162.223775844381
110.254849696744
-31.547139926046
19.190568844133
-26.378336940837
6.739066868461
-30.270681141775
-149.9993066829
115.728976074923
-90.475288600289
-34.750643995761
-37.050878483496
-23.089736652237
-157.465027648133
-193.506104572511
-200.100641600153
-186.019861702967
-38.949958570076
-33.929481054969
-100.829442584325
-196.354900850018
5.558410908753
-31.524342898855
-23.580615022998
-155.927489177489
-37.867674372069
-171.197232509244
-30.831008889114
-153.439561631944
-86.942210187816
-83.75650125699
-88.098775844381
-33.206408744251
-192.969766724161
12.546114042208
-132.261170578553
-165.390885698503
-11.557977937861
-53.284570030664
-40.435453869048
-37.36256186305
-34.446067821068
-177.941099753111
-184.282578153184
-159.818029626623
53.035784040179
-95.170196665314
-22.828656261273
-51.974276103671
96.859740330199
-118.581369639475
-151.645261558103
-167.602515106421
-34.282557720058
-49.81527538217
-157.504148629149
-159.378336940837
-39.893308080808
-153.81737012987
-164.154651284046
-149.738067054473
120.306797748692
-142.653040590052
99.862654516707
-136.415772541261
-95.106880044868
-165.012154891549
-47.49036261048
-90.00765819467
-156.043748731737
-26.856593981106
-159.027396594291
-108.138430200442
28.178481240981
-28.23881427275
-160.803148674242
-39.305132801227
-180.204254458649
76.428834240846
-85.990911486517
-152.671085858586
-142.764368010462
-181.833541892136
-33.058892496392
-121.30467411278
-87.468256434321
-110.067730880231
100.596508471997
109.296990200555
-31.679112554113
102.179736116748
-152.25295575735
-204.805575988681
-169.992145929158
-202.400079900568
-24.900793650794
-174.16254622114
47.23564749053
-160.016233766234
-42.316009565521
2.976381067934
-28.623647186147
15.198765698277
-28.788321975334
12.076035889024
-168.181264373647
-155.085858585859
-10.589716219111
-41.09497774903
-132.496482683983
-33.130604313221
-185.039674789186
-32.688249684343
-167.485041542659
-29.200293955177
-36.271005958018
-154.583243145743
-165.967352092352
-38.240697995581
-38.50668163217
-106.074404761905
-101.12231480542
-90.106233230745
-34.917215542704
-161.44724025974
68.886814574315
-30.347430781025
-34.944346506358
-87.625561558667
-192.960830402237
9.29547497858
-25.299144486156
-120.357774170274
-191.081586301069
-143.972201789096
-34.54835323097
-48.112193362193
-31.237283549784
-162.293297793786
-83.515339640828
-164.450396825397
-140.49808562748
-134.913677793561
-210.513257575758
-143.085948773449
101.748807128202
-188.508047128653
-24.812201253608
51.926149046266
-25.486659987148
-27.233335728941
26.486271053166
-119.839744402733
-54.403311152823
104.121462250857
-37.333243145743
-92.619470373377
1.470596379532
107.896727458739
-167.231872294372
-140.659923030528
-147.857483174378
-148.17299248061
-160.981712352318
6.021387141504
-31.783209466315
-149.231802539908
2.039862914863
-184.282307590413
-155.238275613276
-156.826298701299
-30.243686868687
-32.437507750496
-155.753509565521
-33.13943001443
-176.883858816964
-35.776996739155
-34.67766955267
-101.837219150207
-189.698404947917
-101.581439393939
-185.568542568543
-32.998729623241
-47.714195526696
-82.78832972583
-37.187770562771
-118.031024531025
-37.597513218119
-182.190107689619
-54.438742193137
111.361020923521
-40.155565842578
-194.430354747249
103.874458874459
-34.987935296041
-33.92603842555
-80.043831168831
-167.944186564304
-174.128787878788
-195.926649305556
-30.150723896329
-36.960845903229
-100.474456478851
-160.289850232233
-151.784902597403
-0.755874875992
-149.824487198999
-191.769570707071
-86.39439033189
37.315669248286
-154.644460086355
-173.28258590368
-179.102633477633
67.509590534249
-111.80791311553
-109.396186333198
-40.325847763348
-36.749569495175
-89.863824489313
-49.356872294372
-132.696449004554
-35.033529350424
-26.933990434479
-195.157655658144
-167.006751386634
-201.595147907648
196.626069568452
-87.444256318768
-154.422230113636
-184.491965553977
109.053419237013
-79.259912884425
-86.761994949495
-33.540973349567
-78.529478659361
-79.612742238231
-182.383325441919
-169.015504515016
-158.153130777642
-84.693292438898
-162.06737012987
-27.770382395382
-35.798982078035
-35.983523854618
-75.633116883117
-123.515582019977
12.649930175077
-149.706197014791
-1.070374503968
-170.905212842713
92.270542337437
-186.566808571203
-80.5995646335
-160.864175023111
-141.98060966811
-181.712314269931
-44.891336636454
-157.617756456868
-166.270805149711
-32.928092306999
-208.398719336219
-180.052821744228
20.652667157062
-80.275440650929
-148.826308917862
-38.098124098124
18.671325771668
-48.606810290404
-156.957160894661
-127.309253246753
-104.091548154536
-35.738205858811
-104.785964415359
12.714015151515
-3.01461038961
-158.867797675415
-34.63971325983
-197.036275844381
-177.966713028725
-152.086407461896
-87.608142671131
-139.732413419913
-166.344725153319
-35.118568497475
140.289118514949
-151.426156796762
-102.227813852814
-96.28669859871
13.765499582882
16.351814038826
9.06259018759
-95.070969882982
-38.24809831011
109.666947446
-175.631243376849
-16.845508658009
-207.345717569106
-32.382305194805
-31.833936462843
-30.514081946699
-141.902700272817
-204.56171649531
-99.666187545094
-199.875381183487
-48.843233535128
-134.877906436012
-10.520382395382
-31.533758342352
-208.939455943362
-143.089999464511
-99.409021154627
-96.927919682314
-26.555042613636
-167.415161661255
109.599739724251
-145.248356190251
-35.557782061688
-44.130431688537
-34.132297444309
-31.217261904762
-123.663932855339
-38.149781154176
20.8112475903
-20.336219336219
-185.924340362329
-160.340097402597
-186.264257389746
-115.421717171717
-21.065107689619
-28.774621212121
-26.217782597177
-156.94687950938
-140.154831659226
-93.823314760326
-145.79329004329
-35.485129264182
-170.816189940702
-183.106081039186
-101.87091337482
-192.252976190476
-154.195985383974
-152.065066471072
-81.10119047619
-173.620518804113
-91.708353766459
114.561216940611
-1.307712307224
-142.634039192145
122.839819089331
-37.732253477859
-105.095869408369
-207.016664271059
-93.447753201659
-149.532828282828
-125.557060560967
-87.96254396645
-150.686515687004
-26.473124098124
14.42145682551
9.233034516482
-155.541408786526
-27.5884944591
-141.889880952381
-189.399974211986
-31.41160841112
-194.34422559862
-164.184461805556
-163.822871572872
-96.884281571293
-162.010031255637
-154.712461529356
-200.648719336219
-32.404741471636
-87.617707487825
-36.050033679428
-106.75496031746
-181.138077200577
-186.489177489178
-62.585497835498
-102.888700763212
-70.288427663916
-83.580254272637
-199.985667923656
-174.005431688537
109.848376693836
-29.412067099567
-27.697691197691
-98.811507936508
-165.652146464646
-93.896637271149
-199.38150125699
-164.045725108225
-30.224747474747
-173.331820577426
-29.928689799784
-207.620964457634
-118.412247474747
-155.503176998782
-187.765672207567
139.587144111314
-177.321629379735
111.728354978355
22.334325396825
-34.794191919192
-36.918630360525
-180.464728901741
-58.514360259966
-87.694903132891
-178.996150117244
-27.789981286075
-39.78642803594
-180.243055555556
18.297866711197
-30.276133968029
-39.714215959821
-119.165342036436
-87.186147186147
-5.776167083784
-39.927288369183
-33.176679955244
-188.155503838609
-82.297611297123
-86.102264976777
-177.323863636364
-195.757493320482
76.371572871573
-32.979457662563
-176.608676046176
-33.645771329365
9.993977864583
-167.815363103693
-30.293810735705
-168.633379695391
4.85788479099
-123.484307359307
-45.591470649576
-175.214095122542
-135.756702065296
-28.670454545455
-39.465909090909
-137.875028183622
-180.519743331755
-118.518591326209
-57.708894892
-185.816468253968
46.552911931818
-146.776695526696
-116.888056415156
-154.884858630952
-47.153156495198
-186.008227503833
-35.233057415675
-188.96052601912
-152.423721731827
-61.598575036075
12.025190521284
-183.879058441558
-31.585137085137
-157.585580272592
22.621495366613
-104.683872063267
-47.461407461896
-155.625721500722
-37.701301167366
-32.299262857368
-82.594885095373
-196.767779637897
-166.097320160308
-194.200487012987
-79.751200622294
-163.127677444084
-192.150260275749
-154.556186868687
-166.79979130028
-88.181379926497
30.523438556886
-150.158890100785
-90.29511422822
-87.193833564439
19.413079596185
-30.424665178571
13.989911672529
-32.553197995581
-90.454663825758
-177.401424963925
-33.207251082251
-192.384817764701
-22.916867474973
-39.522353839737
-137.379939884334
-93.087159612306
-41.862914862915
-126.838474025974
-146.365772682179
-40.560002931097
139.878146349094
16.361373923386
-169.919630174513
-165.123438627345
-171.226453288465
9.226713634673
-149.525683030078
-161.724899666306
-165.843857097763
-94.645493016098
-27.586920403815
-41.964764835859
107.20888220937
-147.368874994363
-163.111394356512
-127.693715193227
-180.955710142722
-200.397559580177
-168.044384977002
-101.503239002751
27.832879929315
19.659814875879
22.297557043651
28.231982915088
-29.859098800505
-172.750631313131
-36.738378483496
19.343176463294
3.382457386364
-202.403241398359
-149.473935786436
-92.972312409812
-201.428821558216
-156.662067099567
-39.341803216315
-88.247106246618
-36.867694805195
-36.623536565431
-157.424415048927
-101.371219871708
-177.198695943813
-0.763796235232
-110.972049597538
-31.996732813627
111.979906134447
-188.415306102318
-183.485111297123
-205.417638297033
-27.862090491973
-41.801066609172
-26.501590260868
-25.440115440115
-173.479888167388
-103.524420403815
13.002816248422
-187.907127215233
-29.83658008658
106.01453288465
-157.946869292817
-39.239620676632
-152.861291486292
-94.59145021645
-41.482934112329
-182.687778313267
-111.324432945527
-141.996405179022
-154.662968975469
-155.878697691198
-37.523608715503
-149.404761904762
-191.25007750496
-80.663620721726
-39.537968975469
-204.59136002886
43.052878111472
13.844959781972
-78.168831168831
-0.827762135868
-179.029581529582
105.853896103896
47.390602453102
-178.671619233631
-31.817210187816
-166.785902411391
113.971510938064
25.018027301475
-143.220049969562
-173.457792207792
-86.471959409948
-38.768017084912
-203.755130476078
-39.368055555556
-38.188303937816
-39.721430967036
-60.495568125451
15.084345829951
-174.835948773449
-70.091560837166
20.269853952471
-41.928944861562
-91.89239845441
-129.487263116658
-86.518468022863
-95.75946969697
-166.876545871663
-184.287677979573
-145.742707487825
-136.666043104031
-154.347132034632
-180.652043594426
-156.687077245671
139.466352278364
-39.064131127119
109.315496623602
-185.07952502142
29.382846320346
-189.443985755998
-198.500721500722
-31.32780370671
-152.906114718615
-161.984217171717
-81.608918425325
-197.81824382215
-177.524087837076
-81.838371155754
-0.243867243867
-184.986832611833
-43.601200692753
-153.733024299919
-101.312659942054
-203.646485079591
-74.049811733405
113.619678932179
-162.937049062049
-95.682351556863
-148.266586766098
-180.339646464646
-37.394112018624
-34.12023274035
-79.478535353535
-202.890764861224
-192.067813317325
-113.932359307359
-186.410693852588
-125.780109972493
-102.428751803752
-107.740687779018
-167.853805916306
-32.237005236517
-87.697407952291
17.010900015783
-34.665965599071
-33.261822324811
-87.100857909452
-149.847492784993
8.301337171943
-74.973464415359
12.785894660895
20.215728715729
-122.20462789164
-30.926850113862
-32.319562815657
-91.415945165945
-36.329553205041
-142.634199134199
-166.278589466089
-140.874028369634
-76.428661616162
-116.14915759154
-168.905867055037
-166.180764114358
-31.464466089466
-32.61812531002
-31.815303565792
43.725080041486
-191.176066609172
43.62958688447
-185.463592397186
-99.857593795094
-80.437840317235
-85.096874154491
-98.651154401154
14.81192822477
-187.296085858586
-147.666674417163
-36.228597357504
-30.994671181683
-39.535283780889
-130.578761949856
-105.182920866026
-145.273526278409
-193.822683447195
-141.326396639385
-152.866272236878
-27.344233349116
-36.134359076254
-1.478896103896
-160.710928340323
-99.673673115079
-92.461329956935
-178.501610693994
-121.475190662202
-51.952118140106
130.356949799333
3.937582437094
57.287417633365
-40.015229020112
-199.336497649486
-38.231040172935
-33.101120721726
-31.700376392271
-155.007603941198
-26.113553926542
-42.016414141414
-27.823773448773
-195.591011961129
-129.007374949269
-171.121121933622
-181.403401340413
-167.233147603265
-151.689012755907
12.9574934614
-154.152679839692
15.654122841135
-162.936049248061
-148.173964110976
52.65319806604
-206.7693001443
-50.661435786436
-166.277790460408
-38.111950983045
-27.634211816829
-207.293413698931
-37.565205627706
-24.693542568543
-91.349948283054
-33.189914631809
113.866532583085
-28.711129148629
-154.001094933712
-26.012507891414
-156.594594099477
-147.15108464669
-174.488484172078
150.356081039186
-24.514978890467
-186.468995902101
-108.231802539908
-153.584353580447
-157.986492294598
21.67002404063
-33.260974702381
-30.989710864223
-150.827581760687
-182.571338383838
194.202471139971
-31.4115055409
-180.820514012897
-47.54806998557
-192.551754994138
-183.64431282693
-201.087211399711
3.676396709844
-76.509108946609
-170.524433086445
-162.039870665359
-41.542400850018
-160.460067330673
-109.704697646104
-27.859036796537
54.924242424242
-4.120921125316
-37.073121702516
-96.33440783392
25.250471371077
-35.766885512491
-155.459784085272
-165.829553205041
106.646354025749
-201.613074804969
11.284825092442
138.18166599026
-29.506120073503
-194.940579060696
-34.571637130231
-30.976641414141
-75.879161311778
47.387886608834
137.732413419913
-74.542135571677
-42.061590373602
-192.142156075262
4.630980564574
-34.875603129509
-31.005952380952
104.251283059389
2.328455452967
-31.991792929293
-21.309335683847
-157.516684704185
-45.511482007576
-40.425214054609
-142.857581112464
-15.769398082386
106.751984126984
-86.805924056412
-36.85273141572
-89.568952287946
6.753357373963
0.969815340909
-35.968011589105
106.914043476055
-35.411976911977
-39.771845829951
-146.991141183036
155.812111066017
-174.907114532603
-21.135719640602
-32.041305916306
-39.587814529221
-153.996765929383
-53.989107734713
-143.390262135868
-175.262786204681
88.153218499166
-169.334214776109
-180.53536128585
-88.778561282468
-153.056998556999
-160.209776334776
109.568284688402
-142.169031977137
-29.690205627706
-32.107982729076
-29.563749943633
-35.694326073232
-171.878184749278
-108.254431874549
-48.503184749278
-35.60857810809
-142.864157056052
-147.070374503968
-171.999556812545
-240.575466579861
-30.086690707296
-26.093282151876
-107.33439515129
-93.405315712933
-97.548871457319
-141.098873782468
-29.998549248061
-102.263154705538
-161.861271053166
-33.424603174603
-188.18300330312
-49.458972396961
47.757333378427
-35.640512265512
-147.437888933983
-180.92394367785
-155.394500952606
123.735098614493
-29.16123497813
-36.645452149847
-109.698781199269
-176.531377530889
103.656364848259
-190.668588789683
104.971168154762
-100.15856246618
-32.043841385394
-16.641123145518
-0.164760044643
-34.791957662563
-77.723505281611
-113.754419191919
-169.382854070842
-153.115367894909
190.801154330695
-153.502164502164
-82.857511358
-88.705717893218
-94.492063492064
-63.509657822646
-29.393238326344
-30.91838023088
-29.039752294147
-94.295274170274
107.979978354978
-36.461317274306
-37.62548158764
111.09701366342
-142.466651024756
-26.758498066604
-75.265069078057
-27.231421356421
-181.473925569873
-197.198314760326
-114.500721500722
-179.419093981106
-82.115903736021
-136.950425009019
-163.957714702832
-187.250610880005
-53.885010822511
-153.945075757576
-155.818344226303
-177.508498066604
142.936327561328
81.396554834055
-34.497745310245
-151.383817950712
-25.824196203102
-149.906106968119
-121.362824675325
72.495573057585
-182.875541125541
-200.542748917749
20.655102221997
-169.230720288826
-89.269730649125
-142.700146695752
-180.975198412698
-176.132833637716
-75.36726430037
-39.816919191919
-119.821436321925
-185.166035353535
-35.54119529559
-12.768037518038
-148.740702927715
-39.546869363276
-88.547258297258
48.67097523787
-36.326450892857
-191.904581529582
-193.345258528364
-160.710518268624
-172.325056508162
-29.766053391053
-26.340179839692
53.093692223575
-156.945694388077
-37.107065352183
-123.116805611923
-87.741079179067
12.006733419575
-116.739267676768
9.661423103806
-93.777314157197
7.797637014678
-150.756563260958
-141.59318421379
-98.081689523584
-44.739829235435
-27.815906695301
-198.587744774757
-158.047688802083
-51.12509018759
-30.85119047619
-35.451020388032
-45.476911976912
54.661005281611
7.860216985705
-169.409923030528
-42.749368686869
-35.409644717262
-194.839478772096
-34.187742379149
-150.711948587437
-93.021005958018
-47.123266002661
-139.133567821068
-158.149448587437
-81.760940882035
-49.682359307359
-174.32694269706
-36.672549293155
3.280220593209
-14.785263347763
-153.275703463204
-37.6335058171
-104.206328773223
-2.947760952155
-70.20193001443
-145.414953102453
-161.031287343299
-41.675046362058
-197.683892496392
-24.395333074044
-34.771547083559
-98.05066499256
-150.170925916531
-158.254308571203
25.773268398268
-30.320534446023
-86.982032236427
-42.021083462978
-168.859840734352
-178.104334359217
6.467885467397
-32.722562539457
-152.712031024531
-92.748508029514
-36.150551271645
-105.693452380952
-132.716241657648
72.431034677128
-34.310335497835
-38.932789812184
-162.609778730384
-34.259552134064
-34.578172207567
-32.332964832477
19.724469161481
-92.578733766234
-43.5045995671
-172.885461760462
-147.039043476055
-151.424935741342
23.238275613276
-29.524358399847
-77.690483940972
-50.673611111111
-190.893418701524
-196.851649164637
-33.666043104031
-170.525953592848
-134.875999813988
-33.568189568678
-155.513999509605
-33.502517502029
-164.512806637807
43.275793650794
-47.150974025974
-37.174074731692
-85.198314760326
-105.215999278499
-15.660992598981
-33.229146233541
25.071330633342
-33.881846506358
-37.759261138167
8.010634385146
-141.9781950363
96.083756087662
-33.292498788104
-148.590831585949
-30.38914676903
-30.48079004329
-32.122946118552
-161.808449308938
-134.467532467532
-180.274731832837
-104.326450892857
-182.715811152823
-33.090556091044
1.739448051948
-133.809794372294
23.520480333469
-79.457243331755
-30.467179467668
-192.440448006854
14.822407952291
-100.92288961039
-179.938935250947
-199.335039147051
-184.899448587437
-0.721132220644
-171.837481962482
-137.061848253743
-30.503587070482
-187.953491387085
-31.26173213722
-16.721248125789
-136.313381442776
-35.429194991207
-201.736922799423
-123.063241933847
-154.492707487825
-35.93279756268
-89.086069610728
-147.480055859939
-148.579184704185
108.633567821068
-36.21645021645
-158.67994467555
-150.859755831191
-37.284170880118
25.349579782197
-156.569264069264
-164.723477097989
-147.012834821429
-100.383508283166
-74.33440783392
-38.400002395608
-152.423861240756
1.351378601867
-149.12700456011
26.988365800866
-96.0431998557
133.057011239628
-11.337231832837
-139.801476680871
-180.109384864268
-153.071518759019
109.0444522654
-160.539592352092
-157.85856542546
-189.926296305691
132.831068427016
8.209067516685
-7.628780128292
-163.691197691198
-189.640602453102
-127.313484312996
6.472851069287
-154.029491341991
-149.955194734736
-151.891476145382
-159.136093073593
-148.97573953824
-35.808892496392
-70.589633782017
-29.246933621934
-162.283106596095
-171.491148933532
-196.13303691209
-202.307840894999
-233.390450261544
-178.599358540765
-30.393578643579
-157.753427128427
-92.350662033279
-83.976620981016
-27.385183447195
-40.990911486517
-39.772665268759
6.52676528116
-93.121683492289
-30.093426592938
-194.843704906205
66.593975468975
-175.355241167253
-169.792999047394
-105.989989177489
-30.306014244003
-32.583083203689
-27.485041542659
-143.625388933983
-31.303220894774
-190.936598124098
-81.450229132846
-86.704102267091
-96.597492784993
-98.289842481737
14.171284200825
66.465996812432
-183.020923520924
-26.779478659361
-40.843532281521
-77.817287692776
-49.077733952246
-50.838855209461
-98.858967042072
-118.510814760326
-188.005952380952
43.117055741567
-163.170454545455
-39.084312714196
-34.192390562996
-182.730138297033
-101.509387259876
102.368874994363
-31.866321558216
-173.004169062274
-174.245531839038
-25.66334240846
-195.147067775974
-192.069111877706
18.319075943588
-33.995477937861
138.186605874594
50.304445120851
111.147464460453
-99.172065239448
-184.094967532468
-59.818784947691
-90.300775613276
-91.643656148539
-49.903048340548
-207.207140461535
-0.335685961174
-34.378324258207
-194.165883161977
-86.369769119769
-185.322580576975
-160.022817460317
16.337662337662
99.516045640557
-95.060335497836
89.209624143218
-32.791955196496
-106.673971861472
-159.846861471861
-154.112435741342
-27.118436739042
106.891983450577
-148.410276030393
-153.805723248106
109.202221010326
-42.575389074901
-168.863816738817
135.102009914998
-40.804715683622
43.590468369521
-178.887015382621
-145.721603591721
-39.285353535354
-159.727182539683
-37.511293881899
135.752963507846
-37.153048340548
-31.123466810967
-180.584984893579
-29.82159097955
9.815566378066
-35.594544778139
-169.307982869995
-178.117772310155
-153.766233766234
-84.34125715864
-85.685142440025
-37.506666131178
15.805916305916
-26.850752220869
-128.554305611923
-94.006320881809
-154.212662337662
14.137453637942
-38.64161494972
-73.065739002751
5.940213378202
-187.287157287157
106.106964948029
-38.077208327697
-170.390241702742
-121.211121398133
-97.744215311598
-160.52486359127
-36.120699179293
14.981171226777
5.405114904627
-113.003336940837
-161.120462436869
-163.101711168606
152.574595353648
-94.202130822736
-183.010461760462
-161.883018945031
-27.334526205132
86.964814157197
-155.556264373647
-30.764159451659
-182.079295324901
105.850448542343
-88.897727272727
-33.132026881539
-79.204906204906
-160.710235023223
-168.445243450126
-189.903437274531
-132.6656950363
-109.219696969697
-69.740800865801
139.318014125631
-113.030400968389
-41.615981240981
-181.775683030078
142.347121818069
-38.961116465999
-157.502525252525
-164.333305149711
2.590806220689
-96.631034818047
-154.256341314935
-139.383116883117
-156.533840779446
-85.692197505186
8.242236116748
-0.85300197849
15.218191964286
-30.015409395292
107.653471094877
-139.556637806638
-174.550033679428
-36.250639063627
-148.580725643714
-85.112984617379
-197.745949308938
-95.40013415404
-38.149791370739
-144.111729741613
-142.858954359443
-29.07520869972
-137.373737373737
-193.722255690273
-148.852555972673
-35.626373246979
48.555367429879
-96.65910887615
-94.659742655348
-198.552579365079
-38.309072871573
-30.772474677016
-84.107490924874
-33.021485079591
-181.915682353671
109.752373060967
-202.021464646465
-158.655295279807
11.140803261409
-174.29023141572
-166.749250315657
-200.991694991207
-27.395194269706
-29.921544547033
-165.424422799423
-166.464646464646
-156.261814574315
94.738455988456
107.028040590052
-29.592061096456
-38.920565166171
-159.669449799333
-30.226711168606
-39.743143277079
-117.2288883534
15.510642135642
9.721480288375
-131.820243450126
-90.746314991432
-110.106240981241
-27.852971328801
-65.63056344697
-90.847575222087
-164.092532467532
-34.422288946947
-187.535533910534
7.741792929293
-32.699237069354
-182.549221991116
18.774711399711
-105.5257112137
-36.485549552444
42.933629684118
-33.301937835385
-155.441558441558
-36.006132756133
-41.239280359398
-148.299803982909
-46.961129148629
-98.06041793493
-157.710858585859
-158.743248613366
-154.575680070797
109.577478890467
-180.658106596095
-81.190844691333
-35.661005281611
-42.815648815161
-34.151577155483
-149.850559163059
21.343413910308
-81.982163290269
-200.856782106782
109.13520916475
-145.819096376714
-90.360577736066
-85.988082555465
31.147456709957
-115.80554780506
103.704906204906
-189.176296305691
-86.702089956484
-188.460235023223
110.689193131088
-113.758387445887
-101.649100519706
-140.796655167749
-47.676293839624
-168.950007891414
-80.346299913194
22.029411370964
-26.014901385507
-145.888437950938
-43.209686147186
-37.549783549784
-176.706439393939
-29.621823001218
-34.263520388032
-185.595786971275
-190.478867920274
116.765061327561
-136.366630521172
-29.506882440476
-155.460255808644
-157.42403386544
-38.86822818024
-147.24312531002
-10.571055138438
-34.380681818182
-158.402519897637
-73.636987198999
-152.362845108451
143.911636594742
-185.787989408595
-40.050033679428
-96.646755642361
102.674891704433
-95.078455452967
-42.785062539457
-164.412407416802
-174.188749943633
-170.115141369048
-143.280060651154
-78.351092538104
-176.590556091044
-4.494130056142
-100.037768167163
-41.456099076705
-194.243686868687
-183.218053159948
-164.774252711264
-35.267836709731
-52.496023995536
-171.849837662338
-140.950757575758
-177.909632034632
-2.912337662338
-30.838734372182
-39.120670995671
-110.156573407062
49.516233766234
-49.42593555533
-132.827089956484
-38.10597041847
-188.270013894526
-206.341929338023
7.151342526831
51.12690168989
-195.57997595937
-117.714375901876
-34.998136710295
-95.543740981241
-40.328994112441
-154.580545268534
131.867625050731
-35.129607317596
-136.038953288465
-0.78354978355
-195.331328773223
15.684874343322
-37.833451704545
-95.565303565792
-110.35597041847
-163.811056998557
-185.035000535489
73.161714099702
-155.165383607278
-39.295614487509
-199.016045640557
-89.03563184862
-148.664301356196
-33.641341920883
-35.982261228355
-27.532995975379
-95.519570707071
-37.796717171717
-139.062597938086
5.822070101123
-150.531643161526
-24.820194128788
-141.701832076344
104.813484312996
3.192648443137
-148.948049481985
-162.278040590052
-153.560446118552
-35.960235023223
138.889270072376
-159.105158730159
-204.780844155844
-34.667109854122
-119.284902597403
-38.571678701073
-36.103445165945
-82.122036492154
-32.977535539547
-34.921073175956
-161.941829004329
-105.083403087798
-184.626984126984
112.348152281746
-39.24512987013
-166.54921424062
-151.724025974026
-116.651785714286
-153.59692347583
-153.787095283189
-37.914120981016
-25.83362432923
-39.09119233631
-28.921967301362
-89.952290764791
-112.640594702606
-156.516476145382
-80.65464353355
-101.001082251082
-43.0018115023
-104.758665759154
-190.214255064597
-148.125839871934
-190.452643764655
-34.11536261048
-194.012474071068
-166.935523623512
-163.608959291576
-97.077999582882
-46.759199134199
-163.221771284271
9.63761851213
-36.791759320324
-39.42576786278
-140.700778008883
-178.366792929293
-33.934884559885
-33.169093981106
-190.657176536571
108.46643753382
-186.944707256719
110.178100057495
-32.059052438447
-29.001631127119
-182.615538053526
-34.601994414006
-114.895382395382
-40.038489667884
-71.214293464782
-152.367403809298
21.84451412845
-204.9377832454
-128.742715238321
104.815767186373
-183.624118557224
-191.992091675685
-35.113605713948
-153.631661199044
-145.044282106782
-144.74921649531
-159.704565887671
-32.544975423882
-43.789424659542
-110.624167878562
-172.556477864583
-144.964826839827
-35.442542754554
-29.301156796762
-175.709786551339
138.109590604708
-107.937139249639
-88.519460086355
-171.396554834055
-199.862283549784
-25.289752294147
-190.640950520833
-181.322703880321
106.009407693001
-29.54885349026
-40.233876854482
-36.659701789096
-28.876422568317
-80.631215193227
-147.272719522231
-173.176525297619
-98.935959060471
-195.804633246528
-92.230589234984
-173.37970243732
-148.104457662563
-38.039780477769
-116.594336219336
-27.816127936733
-192.676607734713
-31.566378066378
39.509397476438
-32.390229020112
-35.123438627345
-162.952934760552
-35.277347272953
140.243965181953
-23.018135456124
-92.574933204816
-66.765873015873
-92.900641459235
109.285020968615
-150.568931502525
-35.355248917749
-92.818825813943
106.523276148764
159.967421846816
-175.914682539683
-100.67611593051
-166.949301891685
-51.494318181818
-142.627053881448
-33.424415048927
-101.708964646465
-30.080717893218
-172.818702510597
134.874446191829
-177.413247288736
15.827813923273
112.847472351867
-101.179583925189
-172.448211890106
-101.390935019841
-157.472742914637
-81.973415094021
-79.24321549761
-32.977009914998
64.645652958153
-26.184093304699
-160.467524717036
-43.561417748918
-191.871815250722
-159.238989363501
-146.014811197917
103.638801167366
-190.210157518263
-37.083956895969
-83.051504864493
-185.790063723169
111.00677181976
-82.961497649486
-140.305575988681
-39.33839158888
-150.462863145969
9.891053391053
-163.672606364989
-147.545003607504
-92.457459641053
-156.969634965729
-34.439025438537
-89.657815600198
-71.176046176046
-28.342290088384
-47.895645207657
-113.464917027417
-77.723907602814
-35.807712307224
-36.651252339241
-178.332771774666
-30.762626262626
-28.31537825239
15.50972757711
-83.563672438672
-39.013458384064
-33.584505772006
-196.894521738028
-140.652785528274
-44.924763116658
-36.780916376375
-27.341558371099
-142.511453823954
-182.86361593051
-155.051669738681
-42.042228225334
-202.252713378202
10.403697620739
47.971250591856
-162.289695222312
23.755439439033
-58.633637575532
-152.603543104031
-42.995761183261
-161.027695340684
113.251174904739
-32.602084601596
0.803579179067
-199.638819134425
-17.88953288465
-34.608124704072
-149.548871457319
-164.698330261319
-37.369478123873
-85.840208023314
-139.50018037518
-176.77973372114
112.277798210904
-29.511726852791
-208.991592120987
24.204367545432
-40.386912512401
50.990189985795
-32.108317761882
36.878357373963
-182.178591861697
-97.749549062049
-181.40576171875
-207.820547128653
-182.573683261183
-166.051566868461
-95.298513173025
-93.491883116883
-33.060668064574
-186.388688080583
-16.663051412563
-48.27235877187
-64.047077922078
-101.812159682765
118.177509610615
-32.551857864358
-180.543027231016
19.982323232323
-40.625278313267
-25.527700272817
-196.711018527913
-91.336337707431
-91.669019294508
105.536157473169
-23.40862728851
109.131833823728
-67.464556277056
-155.793137851732
-38.482786852904
-161.560613811102
7.704372829861
-9.05103842555
-190.631924011319
-132.781122469111
-27.866269770811
-27.04300679789
-162.764893635011
-32.250352999865
-32.734266493056
-75.054292929293
-42.040301170184
-149.414584601596
-35.61438604798
-170.189775122881
-48.272353839737
-40.887025599184
-96.438492063492
-36.53373015873
-28.829176953689
-157.191210373828
-166.943021876127
-103.68635574495
-182.732843924738
10.129579133974
-77.021977588384
-53.651715959821
109.354527417027
-195.701388888889
-35.299512987013
-41.648559394165
-157.16847041847
-149.77311620671
138.525613275613
-162.996121933622
-34.973214285714
-151.54137567077
-48.952388702877
-156.442388096929
-155.368055555556
-41.0751058295
-121.895841083829
-27.441189940702
-25.723381978265
-33.926788109894
-32.989066868461
-41.622655122655
113.643501138618
-148.089909276921
-148.109315109803
-175.444173881674
-150.757325627931
-137.613906926407
-153.222232438785
-41.487886679293
-100.716728529717
6.469308035714
5.779192595599
-112.445083508072
-135.24025974026
-28.172549293155
140.068560535602
-155.12231480542
-29.311667878562
-38.720168340774
143.653767375203
-173.000839871934
9.00268519458
-59.614357864358
-180.740001860119
110.190947561553
-174.005030071925
-87.717764630118
-37.827991832386
-102.533840779446
-184.263806451795
-176.012925009019
-37.273448773449
-182.253038194444
-33.074863450352
-108.662850604257
-37.040785223891
-28.145104082116
25.072338197826
-156.324757761769
-178.452169927512
-163.395853766459
-35.938950751939
-34.75476725965
-46.572768702652
-162.291174510169
-126.106310735705
124.368957431457
-82.778066307607
-45.478973608856
-119.73270441581
-48.648531210543
-107.031052714646
23.051316738817
-182.964924777913
17.110420260078
-77.98297497858
-34.766226015738
-148.864455802444
-128.345057720058
106.302780173386
-26.442883071789
-55.885351139746
-30.889950706845
-79.602785669192
-96.130300634695
-160.670183982684
-201.491293022299
-38.300873551362
110.668269610164
-162.331980519481
-29.260559698548
-105.204303075397
3.493223248106
-139.618063306052
-29.377357559975
-113.7113997114
-187.161976911977
30.588945397051
-80.884477447466
-177.736368991252
-97.987373737374
-160.723507747678
-23.246021529469
-164.835768398268
-0.372384559885
-189.700216450216
-169.804705467059
75.384219567325
-29.346168154762
-190.485216985705
-38.940483940972
-31.823843203238
-184.410471906566
23.546997951051
139.751615626127
-169.633289507801
-93.447601010101
-183.916694850289
-183.693292438898
-28.320047573954
-157.458972396961
-81.55284992785
104.610587952629
-118.889221455628
-147.67479130028
-127.989025297619
2.230068542569
-33.227272727273
-161.27867965368
9.073064630682
-153.593065842578
-80.495761183261
-31.243042872926
-140.067821067821
-30.941378066378
100.677960548566
-85.866955337414
-157.07962789164
-130.590728715729
-69.267378021284
-176.463633968029
-171.870573057585
-74.929104803617
-96.926053926542
8.306104431593
-156.298520923521
-46.55981480542
-178.038608039096
-158.898789090684
53.410242914637
132.698520853062
-36.020402828508
-31.144050014655
-77.47373497813
-73.765033143939
-159.256243376849
-187.76452020202
-178.660165409677
-152.632395382395
-137.9761002886
-142.59517609127
-32.905653564101
105.652958152958
-164.143328513934
-113.742903363997
-27.322070101123
-162.006563260958
-35.836469465864
16.179715683622
-198.713814343209
-147.178674298791
-33.131764069264
17.589669363839
106.256944444444
-179.164231601732
-184.217001558554
-196.390532698638
-187.157099031611
-147.428288183171
-195.696719567325
-38.545253737148
-102.820616883117
-74.974054157648
-62.847340593434
-152.125713750226
-133.310613811102
-184.416486291486
-29.718045409452
-171.015770145653
-8.000170158617
-146.739009796627
-43.427509610615
-161.747495180601
-44.044109482098
-36.435446118552
-79.020091399486
-193.040777473395
-193.271005958018
-88.161448469066
-154.602231508726
-37.035984848485
-37.469807590413
44.557472394142
139.804022366522
-134.805926522479
-154.320977633478
-35.236492294598
-39.147366522367
-190.067210187816
-194.256571011454
-27.77914327426
-40.962842712843
135.175232021668
-159.419635106647
-28.772124143218
-199.722124284136
-123.621372063267
-73.998255786098
-178.62490981241
-22.923971861472
-9.757673695662
-39.949226852791
-31.651535584641
-140.5498941705
10.153298470193
-30.63673213722
-168.414120981016
-30.426677489177
-105.311675629058
-29.796286666892
44.830885585768
45.75907829692
21.26920995671
14.966027462121
-160.312860750361
-190.198683261183
-147.749200994318
-39.022637085137
-160.610139480745
141.121753246753
-196.115550736156
-37.050615671221
-117.897534214917
-193.393410951028
-202.298430735931
-35.74122362013
-168.94427181976
-138.513097633703
-34.948793881899
-166.854187099793
-90.770961921108
-87.952012451524
-32.649538775027
-202.986672669778
53.762806637807
-73.018135456124
-144.432457245446
-74.228166852679
-184.929120304609
-158.586031210543
15.940357819264
-38.864976494859
105.9680940262
26.066939625045
-151.071998232887
-26.80266955267
-162.750110620716
27.09892803594
-32.282549969562
-188.05980212279
-200.063319438808
-33.020652958153
44.590720965233
-83.858786666892
98.069173881674
-151.238296046402
-83.019660894661
-35.33857196406
-182.558268933757
-35.40369233631
-145.198683261183
-143.864607994003
52.098675440228
114.422521109533
-39.612386420004
-158.471673346185
-32.813409626398
-28.218877530889
-100.126806217871
-117.809683751578
-98.887979262491
-140.757215007215
-36.943472814078
154.39898989899
108.568130030776
-188.592921401515
-27.591803216315
-74.822801818407
-39.315205627706
-150.181367243867
-39.115981240981
-6.677468744363
-163.408070661977
-85.108225108225
-180.67297979798
110.804190059073
-35.378689940702
-189.947080317686
-175.330828513934
-184.133387445887
-90.08379202178
-39.112623867018
-28.63770869972
-200.771554834055
-107.444805194805
-94.053460807855
-195.407467532468
114.390532698638
-153.519853952471
-176.320616883117
6.444326073232
-42.903499278499
107.834936276831
-172.779151024756
2.492133246528
-193.796626984127
-34.965465903454
115.337600333694
-99.845147907648
-38.222332842938
-35.544933853039
105.894009148404
-149.939935064935
-127.109036796537
-161.501893939394
-135.989710864223
-38.647116392722
-32.4981884977
-33.97094691333
-141.891061141549
-145.224219031836
-146.076028138528
-16.344516594517
-33.307477678571
10.495941558442
-37.50965007215
69.097943722944
-140.452950261544
-157.754540029198
-35.597389914773
103.550311992695
-115.572711630817
-97.68244949495
-35.334886955492
-31.699162382756
-152.718642902237
-171.164161847267
-180.286989594607
132.930107083672
-38.104617604618
-137.950680070797
-193.827999582882
-44.38933982684
15.703761949856
-79.67297979798
-194.540481545364
-102.28869047619
-99.893189709596
-182.090159406566
-179.83475590165
-54.287878787879
-77.352891357774
137.596601125654
-135.849025974026
-206.835059580177
-199.400260275749
-41.742035308442
-31.502246939259
-198.948855885868
-159.777875715864
-163.238914676903
-152.734147417253
-167.898636899125
-159.099837662338
-140.880148443137
-40.860397360886
-32.182872249278
-93.123216681322
1.007565541013
-34.265033143939
-173.647304518398
156.101170043065
-164.370683678301
-120.697691197691
-157.202589511183
5.050324675325
-159.802558931954
-39.598472165855
103.608204675099
-73.514909136003
-87.869506307495
139.364368080921
-33.952221010326
-155.278419307472
-11.470070402688
-188.976342667749
-34.558912929518
-88.054292929293
-128.67297979798
12.645673391279
-174.44933500744
-31.197031700938
-36.564043405596
-140.135379323368
-183.849587532693
-14.576200763212
115.716901154401
-75.006944444444
-204.40194565634
-29.044733044733
-44.650723896329
-149.191759249865
-25.547817389858
16.383838383838
-153.5365055409
-193.59326171875
-31.409111342217
-191.310799118416
-97.731130360525
-178.659348789232
-135.278499278499
-195.894037332026
-185.977355164367
-152.182080994093
-28.55140446034
-86.976821789322
-135.214453406836
-31.232503607504
-78.586600519706
-186.549242424242
-85.289223851236
-40.317259509154
-154.102653910759
-96.84431578621
-55.696706884695
-176.008768629374
17.854720474838
-40.378336940837
-172.784964601371
-36.809856376263
-107.288427663916
-167.745580808081
3.847485034497
6.207070707071
-169.130168876263
-157.642058137175
-144.531016780528
-99.558539496528
-97.849556883004
-198.83198051948
45.214306147412
-0.902798210904
-113.335776148764
-27.786185656791
-107.661082786571
-43.612907112419
-160.843606968119
69.5365055409
-104.722500535489
-163.869867057855
-36.556527185922
-164.053293115305
-183.400162337662
-42.900510405393
100.742514430014
-184.111311919417
-32.941370315882
-181.426414676903
-201.810044501939
-119.407848715954
-160.478998974116
-92.271652772141
-152.827360519255
-95.672428455876
-168.636536261048
-108.273456523945
-157.446797072285
-185.043318226912
-169.189644069039
-32.740071614583
-174.904950030438
-34.493326118326
56.598935786436
-157.629058441558
-144.686667878562
-145.874368686869
-155.782196969697
-159.982052669553
-114.196608946609
-103.927659336107
-155.872322555916
28.113074804969
37.608134920635
-89.571899942505
-196.667207792208
-36.975218845824
-30.684693968141
-160.54538479099
-37.719614532603
16.065808757215
-186.316308311914
-191.898178210678
-37.318194500812
-56.719336219336
-22.020771329365
95.020202020202
23.232441603535
-91.045823046311
113.592532467532
-147.434413188808
-173.883817950712
-95.006764069264
-171.59441865643
-33.465069218975
10.425497300009
-167.224046407152
-34.687049062049
9.946961946474
-106.041326349432
-25.241530117018
-135.168179422574
-31.388520388032
-89.113365800866
-151.226772820279
-66.831238585633
-37.905400968389
-74.638790950803
-26.426697922303
-33.539960852949
-38.127373060967
-201.517864893353
-150.720147907648
-139.79032160331
-22.496134616252
19.266947516459
-201.737270867154
-194.415035539547
-39.05007454568
-147.898386769481
-33.23375848327
-95.715437719832
23.468995902101
-171.776883652372
-43.073655077561
-37.275432900433
44.318612323007
7.847582972583
-34.816189940702
-191.50087369228
-101.255972814078
-40.372013592961
46.049951242334
-176.948941141324
-144.4377832454
-196.501159756043
-39.998750056367
-49.72878548318
-183.827370735818
21.089576710182
-160.049340362329
-166.451368455763
-134.252705627706
-49.26452020202
-7.493596681097
-34.801870546988
-28.102362914863
-39.712399525388
-27.966733461851
-24.25937950938
107.474920099432
-135.491141183036
-38.212574616139
-156.284353721365
-40.522539147051
-170.397346089241
-38.938201067596
-149.327442956349
-161.845709466315
-92.699036261048
-25.970037286932
-184.219799839917
-31.863927359533
-93.635363822376
17.351801356196
-91.974378973891
-160.787255225244
-28.205898268398
-157.916215728716
-155.686758066153
105.037917188064
-40.61599920804
-102.041658916171
-83.959944027327
-38.347041847042
19.716548154536
-178.862466391031
-36.517877575983
-120.869518990124
-21.445354070842
-191.576548830943
-186.58371451682
-147.758835917771
31.410456405574
-28.258949004554
-91.435515873016
-31.784021154627
152.676486897434
-79.842552900658
-175.100461224973
-199.61821549761
-70.020833333333
99.386281199269
89.830808080808
-187.11456642316
-195.677566682449
-193.594689219201
-192.359044547033
-23.10310484871
-32.094356652462
-102.454032512626
-34.465429969336
-32.50782588722
-169.201847577336
49.301048642113
-39.196240445752
107.356975164592
107.923688616071
-206.397629334641
-174.931707561102
-35.708423520924
-25.374069940476
-196.15404040404
-154.612616116522
99.72906872858
-34.078713333108
16.894833519345
-181.342101962707
-41.558268933757
-82.932920866026
-155.621114183126
-209.509116697105
5.444093910647
-82.825126262626
-5.486479611968
-178.674865986878
-143.127151819535
-96.924853304248
-179.797168109668
-171.269931457431
46.652514965503
-168.340888657783
-157.436778499278
46.287677979573
-32.805555555556
-186.703254644661
144.236211515264
-119.885198948187
-90.668318226912
101.435528555646
-192.19409144458
105.041916796311
-36.358047199112
-152.943431947826
-179.002352627841
-148.951499509605
-147.658377158865
-174.740973490485
-28.768029767541
-166.936229623241
109.361562049062
-189.291055786661
-117.477473535579
24.244776870265
-89.25755532445
-95.498556998557
-27.917097171492
-33.380591630592
-143.409193779311
-92.046085858586
135.938700622294
-174.488115671221
-101.378066378066
17.594068122633
-5.060606060606
-28.726718919102
-86.250152191558
-49.775765467172
49.647005772006
-37.862005236517
100.710304777688
-141.210387214782
-36.721681096681
-34.531204906205
-30.15767609127
-28.100731787744
-147.627136318543
-164.477120535714
-33.919539986923
-181.530205092217
-86.197310014205
-69.861484544102
-65.974845412834
-153.638340012852
-90.481892727498
-41.899822020427
-178.016782642271
5.060626493732
-115.666736421131
-170.159451659452
-46.231390706732
-189.407196969697
-172.05363343254
-30.755300634695
-35.951218730271
-172.493756623151
-204.791166759673
-92.367055741567
-181.220398037293
-174.197879323368
-91.558281616387
-29.560856190251
-34.99016955267
-156.049353044958
-200.775232092127
-150.145985524892
-33.994227994228
-197.539592352092
-167.967261904762
-203.927205932089
-85.896194083694
-105.825103363433
-151.27887271149
-89.987927545545
-177.402687590188
-37.308920680014
172.88187468998
-191.24712174761
-209.831019105677
15.834886955492
-15.795532050415
-176.216457966946
-130.364244777575
-87.335116652011
-131.327097706981
-177.223062094156
-130.4616829568
-227.914530348124
72.628136132531
-208.00868619228
63.545171300054
-127.514179884785
-91.982503607504
-30.831078643579
-33.260183447195
-190.828664011769
105.01815588925
-175.79998435809
-192.516311271194
-187.384276639159
9.802321484939
-161.33629684118
-172.141171762266
-30.107503607504
-147.85283428594
-86.900453333559
-102.685322815206
-158.818009193498
-8.197593259605
-164.095598845599
-114.186245124233
-94.806900618912
-25.877324444219
-28.591983591495
-82.655323463429
-148.868666435561
-168.262638945256
-161.547147676542
-89.902790460408
-38.576479076479
-198.712925149937
60.151347458965
-88.968815526921
-183.907317806976
-98.630501443001
-29.257956941062
-26.669753477859
-147.024087837076
-32.683060374955
-141.210747965143
-162.224206349206
-171.518828773223
-37.71645021645
2.488455988456
-162.242153679654
-88.509359076254
-37.119428802534
-96.883936321925
-113.098033910534
-190.614981426993
-43.287698412698
-132.458513708514
-98.509199134199
-29.356138111021
-36.637613579996
-160.07884438695
-179.933421125316
-186.609217171717
-82.055756363862
109.575138945256
-86.297000417118
-110.773817274306
-38.472735164141
-161.628849882756
-42.30076786278
-35.705426897321
-189.570727503833
-35.535784040179
-173.841159220554
-35.556117114223
-37.304190059073
-35.181810431322
15.995410649463
-200.748203998692
-157.92994467555
-193.34211217927
-199.303841991342
-153.687750129645
104.726453288465
-185.393648398043
-94.525510405393
-189.882789600807
-188.715658961264
-180.652507215007
-79.30781024531
-154.96158008658
-1.574425195031
-35.861644486156
-106.45365132914
-89.937950937951
-94.922090604708
-85.624528628923
-32.092630405619
-78.980978168966
-148.051497113997
-38.548894356512
-132.886002886003
104.031204906205
-192.556720243732
-191.832861962256
-25.447263158933
111.923327865711
17.169470232459
-37.779741471636
-108.956720173273
-196.999098124098
-145.951667202155
-307.12185118484
-70.559431155867
-101.457611832612
-147.716560837166
-187.123216681322
-158.545364357864
-112.255230880231
-127.369616928211
-37.129787692776
115.411095469201
-146.552301051813
-168.501873506268
-192.697498139881
-187.530454869566
24.60387567077
-86.572322696834
-152.866973304473
-28.427378556773
16.891774891775
-28.725180445639
-81.931166435561
-42.630042754554
-152.393947144435
-170.247487430105
-35.700917517812
-28.158990504938
-157.155741285624
-105.44686682675
104.771307170477
-111.955648138754
-134.109856235344
11.492254083807
-143.602272727273
-166.256944444444
-163.280310780799
-31.570727503833
-91.916133291622
-30.687971371077
137.696158008658
-198.264783014295
-28.643308080808
-89.20870183419
-192.838896780303
-140.277236652237
-17.905052900658
-143.920145582499
-161.514891168944
30.182892682404
-37.644681327787
4.309183492289
-144.094717402823
-180.285193593299
-28.166022670905
-38.553300865801
-162.602986477498
-40.888417517812
-82.049796232413
-91.062229437229
-165.41656872858
-165.142947330447
-158.268841455853
-133.999549062049
-193.179916491928
-142.39699802151
4.408181282693
-142.461933086445
32.421328237734
-39.771845829951
-9.854888167388
-33.014257389746
-119.90664809366
-175.368895427489
-106.858676046176
-28.351718919102
-141.917748917749
82.595150373715
-180.96914809366
5.575687821293
-41.781684027778
-34.673528674017
105.463641718525
-35.702491573097
-169.405844155844
-139.106970232459
-88.505684284249
135.305735930736
-41.154692150298
-183.035505726912
53.778880461986
-163.730617418606
107.636203694309
-188.366321558216
-37.258660474725
-35.927058672664
-147.462412208018
-182.160062539457
-154.754419191919
111.807637620626
-93.96435546875
-33.128316507711
108.819797444309
51.985296956732
-181.331779711174
-163.255140692641
-191.58476858428
-147.549783549784
-83.450765326254
13.148739769345
-40.011613766008
-91.310966810967
-169.853252108135
-33.116542799648
-137.484327792433
-166.382415815521
-172.143967577561
-32.377798281363
-37.969779406791
-159.220689033189
-118.253594820978
1.644820836715
-33.174069799558
-113.854527417027
-155.173680865575
-154.792388167388
11.731158544147
13.734036796537
39.370691428797
-170.46453584393
-84.879571383478
-133.173041801948
-99.740231556638
-49.853805916306
-153.783348975244
-197.88195219494
-170.52896289908
-170.030205092217
-39.05484180533
-187.856593981106
-208.60648336039
25.121964271622
-152.293101917614
82.952118140106
-37.389960923408
-181.633137316243
26.528970649576
132.307892682404
-88.284541847042
105.474665037653
-84.682080994093
-42.00583400974
139.631050319039
-110.04147854099
-41.525966275478
-176.1856884977
-191.712419958514
109.024600778995
-9.239628427128
-29.769833519345
-19.64915759154
-32.539432410038
154.011984732932
-196.121039496528
-42.899371082477
-159.025355395473
-192.139950706845
-26.774350649351
-90.77504396645
7.500438255321
-81.460497835498
-186.070975167411
-125.770304890422
-102.374917562906
-37.725301282918
21.330557951163
-184.291125541126
151.232763953711
-141.890081760687
-34.024319999662
8.556346810741
17.356534443204
10.686577690972
16.625002466067
-43.794843665449
17.240821298927
-41.896575267181
-102.124175629058
107.310876623377
-163.294279640715
-152.831972768984
-139.126012496618
-28.971688847177
-154.579656075262
-30.981359352453
-147.211420144526
-31.928022552534
-159.568965322872
-159.948925640332
-121.250999813988
15.703282828283
27.808591283933
-165.802321484939
-86.511634199134
-187.90933328824
-27.3158471574
-149.224376507824
-146.77685546875
-114.212953333559
-121.086232018849
-149.785185842803
-25.916063537157
-72.461649841044
10.24512987013
-33.404192595599
-188.940102757486
-33.818640506629
-37.217540218028
-218.586121398133
-47.404321183374
-93.945907879013
-110.558060374955
-187.58448533888
-119.431387676993
-27.295802613185
-87.367236116748
-33.001164688176
-108.510129193723
-84.62204424265
-46.598665223665
-88.475128658234
-86.065836940837
-148.083681401064
-32.879078874684
-150.580697460092
19.5691943148
9.4354052523
-195.572863822376
-159.693980823864
-40.701007705402
-84.528409090909
-129.231081039186
-173.452659265648
-183.511544011544
-32.928862424468
-79.278306220689
-167.012265512266
-164.541138223755
4.207902828508
-175.38674481985
-168.363894243777
-154.99034992785
-179.342359842848
-68.187479566874
-32.797819855925
-29.102272727273
-132.90854978355
-198.684433621934
-161.999348253743
-175.044191919192
-28.498667619273
80.769518919665
-85.553584111201
-148.871199438582
-157.901687776199
-172.271354025749
-193.322789135777
-83.248126493732
-202.496691242785
-136.706266769255
-116.718622469111
-195.700487012987
-161.762175324675
-173.783209466315
-163.764512451524
-202.66838023088
-191.086157332251
-37.141872829861
-36.454074083469
-35.591532653544
85.399981962482
-118.50468975469
-96.468614718615
-137.931539868552
64.572531255637
-98.94436200735
16.845889841495
-34.337744774756
-197.79309698548
-134.555473118461
-41.196338383838
57.037615975604
-103.267037704049
-187.547598614493
-30.826832076344
-152.134101196113
118.459758367717
-151.583451704545
-164.413247288736
-34.520943954049
-73.917249010755
-124.326639018534
-142.203040449134
-28.736111111111
-188.257096636003
-80.53433328824
-153.504169062275
-168.435806868912
-150.137917258523
-157.853143953486
-157.44220243732
-155.810355930961
-77.750118371212
-30.917991296898
-45.423791486291
-26.713912281295
-141.467622655123
-180.703442770337
-41.895284457296
-119.256506189123
-200.669310290404
-17.468717588835
153.680205021758
-181.656934157422
-29.233946608947
-110.614821484939
-30.685085368191
-139.8251058295
-184.423528674017
-44.263708513709
-183.441821253833
-186.596881904987
-197.207861962256
-193.193279756268
22.140844832251
-141.893367618709
-192.581251268263
-38.970861657873
-82.179202741703
-13.708964646465
-154.627246939259
-76.554550809434
-162.114259926272
-88.578893708288
-18.5126058295
-147.683271399824
-188.531266910173
-17.938935250947
-47.629509379509
-37.958603896104
-36.458140275523
-6.973562353445
-141.645923520924
-190.345598845599
-141.943800448683
-46.145805149711
-48.781114718615
-169.156766464872
-144.609029046041
-186.030102221997
-147.138270258387
1.012077386589
-83.61515687004
-34.925156982774
-28.153158961264
-76.919941955831
-30.553944861562
-191.277218685178
-153.011904761905
-34.626906622024
103.41322685561
-95.859134734623
-48.994408369408
-138.057650303256
-164.616329308712
-194.114267676768
-155.553130707183
-34.9375
109.132665945166
-197.799000045094
-166.975018037518
-145.729859983766
-37.725677534271
-207.486299236788
-30.454004329004
-150.689857559975
-205.843101776696
-121.410263347763
-77.745768933757
-167.406004097899
-84.732774170274
20.353161920545
-100.010580131674
106.688582251082
-172.660894660895
-159.081467577561
-207.837641904536
-201.157467532468
-28.245761183261
-30.805403363997
-158.01061395202
-28.803942395495
-174.684405438312
-161.582959900343
-40.870859121347
-109.614288109894
-159.009178701073
-163.884742725807
-156.537567006561
-156.339826839827
-13.527589652101
-83.387806637807
-191.804272496167
-169.800886233992
-29.465445470328
-120.025871155754
-34.375639063627
-37.727891357774
14.373979752886
95.046374388415
-163.384108946609
-37.581509148404
-181.998585182179
-41.235000676407
-198.184995180601
-144.022284085272
-98.02887271149
-176.957619583108
-109.804645929158
-30.890622886228
-151.892117675077
-173.121392496392
-195.112984617379
-172.422340734352
-38.130223129735
-42.432150748557
-30.995019249414
-145.005120259515
-29.349386724387
2.255571197466
-206.769578457567
-30.119145557134
-39.774358399847
-196.052218614719
134.635740073728
-190.444895382395
-27.770029395518
-50.532980474387
-87.420171300054
-30.264880952381
-128.842733275839
-34.291576479076
-75.877136318543
-180.932269119769
-196.3623941705
-199.07702020202
-57.382124819625
-75.73384867086
-31.952050851709
-179.948211890106
-99.860098614493
-171.515414327426
-196.4616829568
-221.853437415449
-195.917491037608
-93.315406436012
15.215367965368
-35.531774215368
-80.024891774892
-66.151334776335
-79.942522321429
-140.821809754915
-30.963015337527
-165.633387445887
-146.889618140106
-163.598394660895
-117.21331408392
-34.902787994341
-188.870101686508
104.123106060606
-195.50019305781
-102.837329770924
-161.352543290043
-156.767516825622
44.52703584393
-40.24304780506
-98.767426638032
-151.997855930961
-17.797606364989
-27.180452685335
-196.017045454545
-22.217542684095
-33.861652236652
-193.542097171492
-99.502783132666
83.700229132846
-38.442182004194
-170.018849206349
-28.980870014317
-33.006846506358
115.209879204996
-39.010441327336
-34.169122164728
-134.567079133974
-172.37994763483
5.788850418245
-36.970155658144
-167.515970953959
113.693743376849
-189.211940836941
-155.524974211986
14.317079133974
-158.830557951163
-88.268869639475
-82.590298210904
-148.569707256719
-177.931297489403
-26.373446377841
-125.546995484984
-158.554099871483
-171.39926046176
-175.626249943633
-116.405844155844
-169.933359121347
-142.202318948413
-36.886453823954
-134.09642321654
-45.664149164637
-35.030926592938
-92.873757806863
-165.820879695391
-168.745122119634
-183.69696969697
-155.443820881809
-45.903499278499
-39.180748613366
2.700855513844
-111.843426592938
-36.272186147186
-190.222480102363
-187.925476866883
18.496961805556
-36.598242469336
-38.73077736066
-101.620560374955
-102.13943001443
5.763247359195
-30.15089158888
-27.1808056852
30.224920099432
-190.953102453102
-195.303388587324
-35.673693548205
-118.574863450352
-89.423688616071
-165.361409857504
-117.432511498918
-135.345508658009
-160.601641414141
-164.742514430014
-163.257202324585
-179.724025974026
-6.210567589962
-84.869227994228
-37.498258252165
11.178308616297
-92.608926175821
-82.639499768894
-191.957972582973
-156.943210001804
-175.751012496618
-156.256563260958
-156.690177444084
-178.441439718051
-155.459513522502
1.008560070572
-36.737201112689
-36.851399034993
-161.155934343434
27.839646464646
-180.589646464646
-205.842532467532
-92.701659451659
-25.031808035714
-24.837559467442
-29.23079004329
-187.596328096816
15.243784806773
-145.597853535354
-157.95393457454
-87.66141535331
-75.405964993123
-31.8490055409
-34.214453406836
-80.593995902101
-45.272977402372
-195.322789135777
-143.291105108
-195.380321067821
-188.571047387942
-35.45193001443
-26.828311011905
-72.878246753247
43.24570164536
-168.150703463204
108.114440301452
-112.249561744679
-41.479347041847
-37.816310777981
-193.137889074901
-77.45078575938
137.082560045207
-177.382305194805
-35.032189219201
-40.002602757486
-92.352195222312
-154.547077922078
-126.399337966721
23.252154285602
-158.185433435922
-138.383207070707
-178.266795324901
-116.121052531453
-32.836219336219
-50.124487058081
-103.677551181457
12.145590954185
44.756774285827
-34.425865800866
-191.215798470193
-16.78823953824
-37.179916491928
2.170544733045
-158.905503838609
-163.680194805195
-153.570096190702
-146.271804963699
141.595869408369
-86.143398268398
-23.844869594381
-23.729867734262
15.77551287146
-135.73653386544
-25.970660849567
-77.92775974026
-40.570096190702
-98.65892321654
48.741434644999
-178.206459827065
-29.389077014565
8.16732616342
-26.49207124256
-107.226994414006
-185.569562815657
-213.353867920274
-151.540847227859
-189.115710678211
-160.811680561192
-157.246019063402
-156.66810966811
-185.068251572646
-196.457222898629
142.991043244949
-186.084956709957
-93.819354256854
-106.90195833897
-147.252602757486
-28.453893708288
-93.157364662247
-27.853473349567
-142.104710258275
-93.197219826614
-177.461289090684
-33.120302494814
-7.855949985345
-41.263528138528
-203.202824139836
-163.560593377976
-78.963203463203
-37.179362683757
-153.433892496392
123.671454359443
-36.212113461625
23.61688558295
-36.191177258072
1.1509944591
-36.774690966585
109.424512987013
-138.717785063244
-102.057178932179
107.599219031836
-88.515512265512
-87.185435901989
-169.167187359082
-30.770382395382
1.116444861562
-37.934593563988
-158.513989293042
25.325935484871
-29.691816321699
-134.426386493281
18.071330633342
-37.102303376962
7.737180679563
-91.181908369408
-27.23862861314
-89.736860795455
12.964453406836
-26.269410765016
-35.084047083559
-26.991983521036
-178.847931040314
-31.455426897321
-165.371302308802
-44.224817229212
-42.304481054969
-108.892787388393
-35.476723851236
-35.615911486517
-28.325749825262
114.028749408144
-196.788079596185
-97.131764069264
-27.385183447195
-167.912435600424
-182.234848484848
-171.203393448999
66.542297979798
-109.59795147344
-188.424755366162
-130.685515873016
-38.11465661075
-31.704725829726
11.876623376623
15.272173464556
30.200680070797
-32.966200086806
-38.151133968028
15.424152236652
-73.074683075171
-204.735036610525
-31.806630056142
-24.018308080808
-179.524087837076
-196.193181818182
-26.250561558667
-41.078290578779
-100.662628658234
-31.490793115305
-27.895271774666
-35.541396103896
-28.025141904536
-179.628759695166
86.87518037518
-39.796266233766
118.166859724477
5.325999954906
57.095578412473
-33.561688311688
-168.470057720058
96.03038300133
-98.43244949495
49.859577922078
-186.792089420996
-109.691988946383
-76.953401199495
-117.48844823796
-162.120482869995
-50.284583065589
-37.053300865801
2.048861240756
-157.242514430014
-157.647928081034
-27.743936998332
42.775690780574
-175.132215007215
-186.664141414141
-205.140540449134
108.460317460317
-117.296114042208
52.505493692505
-36.085559839466
-34.609925989809
-119.927501860119
-31.838453592848
-183.415133477634
-33.978625541126
-162.351620981016
-167.078914141414
-134.359224922213
-174.965568773674
62.364989177489
-35.306359493371
-41.927010055916
-25.147997835498
-106.16151822353
-34.784812409812
-27.649087837076
-89.436688311688
-162.880223129735
-27.213912281295
-179.213203463204
-179.340811152823
-186.246683492289
-32.61361593051
-30.913808847403
-154.204102267091
-135.425407112419
-143.709345829951
-203.445547480948
114.878607503608
-118.319805194805
-158.027787994341
-46.206807894796
-193.487463924964
114.138265326254
-73.451479076479
-194.435044501939
-194.501984126984
105.157447099342
-171.438492063492
-28.609758297258
-169.289404226416
-185.680125050731
-156.814033189033
103.446351066468
-27.961232018849
-111.295634920635
-132.532475282964
-139.684072871573
-169.899899525388
-126.198302077697
48.37759500699
-33.920462295951
-40.598575036075
-144.756924011319
-188.236812178707
-101.380965063582
-34.943573218231
-61.580697460092
-138.415867660985
-42.206779711174
-177.456640202246
-41.454816017316
-40.605630101236
-38.448691011679
-3.67317285579
14.462953333559
-115.899433086445
-103.916025136972
2.556174186057
-152.585129334641
-163.891893262987
-171.693292438898
-1.119576061959
-179.442661125767
-199.859299608811
43.946158008658
-207.504078874684
-22.959503305939
-20.9593049637
-151.6029117909
-168.174783549784
-192.726260230655
-104.05466143015
-201.261634199134
16.913961038961
-120.501906622024
-201.451610482616
115.155233275839
-185.669364543876
-212.995670995671
-192.498639435651
-200.62299543989
-36.134990389385
-30.252275122881
-94.005030071925
7.95375419936
-37.059405438312
-178.701450892857
-205.730900664006
-156.694555065161
-13.22113997114
50.295634920635
4.253607503608
-40.863927359533
-152.701388888889
-35.943174067686
-190.058088558577
-178.244969928075
10.466112365282
-43.500881442776
-197.224324720418
-40.565844691333
-157.70592645202
-39.941628196023
-108.420544733045
-37.085394965278
-150.609114301497
-148.35091991342
-52.468864848259
-154.775855654762
-85.491522366522
-190.351198226686
-179.540494227994
-47.733044733045
5.22142321654
-34.080447330447
-195.669635106647
-35.453906390918
-25.482215077674
-155.612747170364
11.771216982887
-97.302218614719
-151.508547387942
-152.045967487374
102.811605874594
-185.233647862554
132.813680189168
-102.794204601822
-149.898448773449
-86.708305149711
-173.855241167253
-33.55476430037
112.484868917974
-172.53267609127
-114.453213073819
-78.493596681097
-90.751262626263
-145.250708818092
-39.77867965368
-64.555125050731
-32.048430735931
-99.088896780303
-33.703089770473
-31.262113320707
-175.070606666554
-69.799775799288
-41.093635151741
-157.452659265648
-190.439935064935
-27.314053622159
-169.422819855925
-115.957972582973
-140.528511961129
-166.170982988366
-193.104076479076
-145.195789507801
138.897990085002
-198.431367243867
-188.610598169192
-26.922778989674
-157.724920099432
-88.840195340684
-41.40117483428
-186.296536796537
-160.611492294598
3.297949148291
-178.136072640467
-30.311126753021
15.678468558351
-139.505439439033
-37.862734487734
-126.875020433126
-116.549783549784
-183.351370851371
-73.518681513799
-92.40518994352
136.726551226551
-144.519398082386
110.575569450081
-156.833152958153
-131.52207552647
18.322332913397
-38.903687404176
-154.922466856061
-35.611943232549
-184.717163966676
-39.860046827088
-95.714728901741
-154.165161661255
-34.239739047845
-128.972222222222
-38.011191011679
-38.608413233902
-157.350198412698
-198.746294558306
-188.09423828125
2.401272772367
90.347139785128
-176.294892986788
-159.103625541126
-181.34892803594
-76.580898268398
-79.736471861472
-177.423598428481
-36.032537286932
-80.808794558306
-30.944246102205
-38.267586580087
-160.902479031385
-190.123106060606
-165.38187468998
-171.557367057855
-89.718413910308
-87.846693779311
-42.079545454545
-193.883407879013
-122.744658499053
-89.446268629374
-24.565636132531
-184.947711630817
-156.02857678346
-172.095336033324
114.125881442776
-204.863177675189
-190.998729623241
-149.2672053966
-40.003808311914
-32.988095238095
-31.190483940972
-143.367035308442
-115.522186147186
-152.636425288037
-164.440308497926
-36.015963203463
-146.348296722808
-188.104540099657
145.143099522006
-31.353076665088
-163.116091861697
-191.482712166306
-205.116161616162
-152.430084184479
-95.679493737599
-32.730449726055
-188.313110880005
-200.98079004329
-154.372837963902
0.686165153206
-27.544823232323
-36.291929478941
-148.46607678346
-116.396575267181
-110.736492294598
-34.676316738817
-211.063582251082
100.708312900207
-170.678128241116
-171.577934760552
-43.515053577065
-86.388788484736
-93.494117373512
-28.549384399238
-106.618478309885
-84.24730212279
-139.684085554203
-174.352481286075
-124.696990130096
-108.697809568903
30.059613997114
-41.069534632035
-37.508297258297
-33.824853233789
-185.696809754915
135.691538008433
111.238796305691
-68.77914327426
-47.153241398359
-160.151695526696
-41.606993131651
-40.155220593209
26.094696969697
-31.246405179022
98.603813666802
-172.237992367875
-160.538489667884
-160.26634438695
12.61038961039
-18.531934157422
-137.364878556773
-83.006403318903
-200.013077200577
55.118436739042
-37.96617965368
-86.323064630682
-38.906766464872
-149.989989177489
-45.853334545229
-105.940919377931
-137.17219629329
-36.82109600469
7.120763649328
-33.477030348124
1.549713795319
-198.140251919305
-191.282119464737
42.866883116883
-148.109036796537
-150.326667202155
157.53718018635
-166.591187404176
-167.184966996979
-160.146575267181
-159.362631617514
-35.689463693858
-35.213855209461
-28.117043058938
-137.604174417163
10.087863145969
-31.394791948503
-150.518328513934
-169.657619724026
-31.11707124256
-26.15585190634
108.700845297281
-32.116690059073
103.685696248196
-165.235487548476
-156.440844691333
21.248727157174
-196.189422123016
-26.580988455988
-178.383949004554
-31.324785945391
-61.461469465864
22.469885095373
-172.051587301587
-171.587301587302
-161.463273217668
-143.920995670996
-87.899703649215
-43.545725108225
-112.733926175821
-107.357683982684
-189.334964460453
-181.265692640693
-96.912067099567
-98.051599984217
-178.227751848846
-199.867777242289
-193.197949077832
-210.044362077809
-77.512433204816
-132.124917562906
12.474484662473
-190.220779220779
20.558359121347
19.866001674107
-161.360910302805
-71.881140506629
-96.375
-30.465720965233
22.474464229347
-87.028437274531
-177.286956478851
-27.358052483541
-129.289953102453
-165.509948818543
-179.636355885868
-99.50286556976
-35.059864126759
-34.528311152823
-40.831792393804
23.457441673994
-159.226370851371
-32.12041311553
266.827934760552
-33.274711399711
-76.459838338745
-26.091442465954
-184.975587346681
-201.68615740271
-180.069083694084
-179.222139785128
-27.208243145743
-202.469599031611
19.597956405574
-143.645735395247
-34.694867198773
-182.771707025613
-28.440295815296
-32.788780663781
-40.792200041712
-46.250463620581
-93.714826839827
-23.607531791126
-31.79942526549
-87.57997595937
-157.49683321778
-130.512247545207
-49.816710633117
132.258276825171
-158.152146464646
-133.219155844156
-36.230339105339
-169.914301356196
-161.621330492424
-117.977813852814
-26.702922077922
-186.514999323593
-36.860860981466
-150.351363100875
-31.985181051587
-25.288337476326
-30.098943536932
-168.67325036075
6.825577200577
-108.946408138303
-158.391414141414
-193.546897546898
-92.924492553887
-41.877767631674
-33.376525438537
-196.62510287022
-106.673520923521
10.472603405709
-138.782019060584
-42.17804298566
-196.486131544237
-43.76730826682
2.097873968479
-99.815004819399
-172.464839522457
99.468905714511
-87.770189337572
-109.068354442866
-33.289133663645
-83.532545037428
-186.951097540697
-34.598033910534
40.851994414006
-101.321601196113
2.608828237734
-188.452860073954
-173.666957662563
57.01940301452
-142.92784992785
18.489540705605
-159.757055065161
-177.304563492064
-37.934523809524
-32.79312235074
-212.741883116883
-154.401314343209
44.506957127074
-100.911768353175
-33.783098845599
28.744428802534
18.725288600289
-40.728174603175
-30.893148138754
-94.690004819399
9.022739955357
-185.051386493281
-159.295395007553
-137.298984544102
-153.516594516594
-192.728883421266
-32.757305194805
-136.280413651019
-35.097312409812
-149.787518037518
-25.56717707206
-191.810503190386
-30.289855164367
-34.485126798115
-39.078020016008
14.336780894886
-39.172799422799
-36.544843665449
-183.549613391166
-123.359008612915
-36.994158239764
-27.816107503608
-116.714826839827
-157.497294372294
-97.934704184704
-196.271263838158
-31.156122469111
98.816468253968
-36.346160404266
147.203311011905
-26.621470001353
-180.064393939394
-155.353424732819
3.19054594494
-81.001082251082
-35.918581039187
6.468372339466
-95.152929969336
-31.896923334912
-188.928960362554
-173.097119352002
-1.442911255411
-194.618158425776
-188.755612063718
-140.416764604753
-34.529583995648
50.794926102543
-33.749569495175
-83.57033856985
-109.551927618822
-161.790486477498
-30.649350649351
21.702393635011
-123.503787878788
2.355797793786
16.370330678436
135.823245005862
-163.371871617965
-76.780393217893
-82.505952380952
-148.464375901876
-102.322781385281
136.156625194467
-169.376363030416
-152.794364543876
-36.838551530934
42.01242545432
102.554194991207
-14.35597041847
-163.876623376623
11.849206349206
-99.097562539457
-81.687402061914
-160.977932224026
-27.554934458987
-192.515692640693
-40.059536492154
-179.432256437139
-144.878615254104
-38.545843479437
-158.540396289908
-162.892393522276
10.389700577201
-203.010634385146
-134.29615561305
-192.901785714286
-81.803501674107
-39.457439207927
-201.547549293155
-33.761064889971
-46.571706884695
-154.925154516707
-134.222021413916
-109.846590909091
-174.766352137446
-22.171827792433
-155.921474792569
-101.306637806638
-35.066017316017
-171.37213443024
-12.430815901763
-196.794392727498
-187.271817646329
-155.164502164502
-33.974276103671
111.297910043516
-63.928112740124
-84.489468485074
-207.912899221005
-35.157730344742
-190.335309709821
-184.577929828418
-35.487115857233
-161.974505095599
11.090195340684
-33.346668414051
-29.534361471861
-70.128635687229
108.135371572872
135.403048340548
-84.895395078012
-34.463626217532
-162.336191152597
-181.02102145901
-70.759920634921
147.960490085002
-34.010003072015
10.252713378202
-84.127615440115
-75.604707792208
-183.634297072285
-168.243506493506
0.336642090548
-198.52102145901
-96.263417517812
-168.718344155844
-101.99989712978
-148.025170088158
-168.188930318813
12.876723780777
-156.977801170184
-195.637834821429
11.712384024396
-25.753496882891
9.960199089105
109.027860214872
-162.807186682675
-40.454262209145
134.701471325983
84.555756363862
-140.091880721275
-211.035897126962
-198.001955943362
11.9362475903
-32.327208327697
-146.96617965368
-32.641927083333
-179.486402107008
127.342462713068
-36.202318948413
-89.147296767902
-30.753517316017
-115.596480288375
-97.873654936643
102.57388406949
127.983335728941
-99.107335914953
2.463822093705
-160.639437764926
-165.622183751578
-151.190295815296
-137.010121443227
-26.858433667027
-201.53823953824
-91.090618095013
-134.003136132531
-36.39333626443
107.156212656701
-146.769140202246
106.601654096771
-29.063610434704
-92.313840131223
-86.239878556773
-79.176845181728
-54.293720548115
-80.451035889024
-31.005058255547
-184.758650258162
-148.194173881674
-146.274809337798
-85.014888702877
-30.066919191919
-196.315586811192
-33.747036492154
-202.820186378292
-27.366362424468
-149.323801632395
-40.416548295455
56.590728715729
-164.81268037518
-174.150425149937
-150.750639063627
-102.549152236652
57.195604200487
112.750458688447
-90.531573407062
-187.910193593299
-195.198850953734
-31.033021340639
-197.28067153116
-129.759441513348
-192.072412884425
-92.595245845734
-169.806096681097
-104.390151515152
18.151798396916
-160.564040939529
3.674533420139
-201.683974933487
-180.567730880231
-113.516303520698
109.711510332116
-153.201561513573
-33.375257880141
6.560307314214
-35.483196924603
-113.74627412518
-170.348472165855
-23.859196738591
-3.207153144165
-101.592983405483
-2.987824675325
-75.396554834055
-124.289772727273
-33.673819669913
-23.217913651019
-141.74992249504
-128.415584415584
-157.258297258297
23.656565656566
-160.138868455763
-164.892406204906
-39.765499582882
81.858918425325
-36.120833403792
-183.247454314349
-22.019828587211
-97.750839871934
-38.050414862915
-113.755070938176
-132.635544197556
-33.909083158595
-88.54330272592
-155.065816507711
-33.206099076705
-25.07483526673
-154.205058396465
-202.302141109758
-163.098677906295
-95.792318412924
-27.764061513573
-29.236582482188
-205.766102360096
-62.246675741793
18.567001629013
-83.530241026335
-35.99252218051
-109.91741635101
-161.209083017677
-188.618346903747
-36.179834054834
109.920266419778
-93.54059216608
118.456820577426
8.679911559794
-168.725288600289
-82.584603710092
-32.721222408234
37.453184890197
-182.899433086445
108.943534818047
-134.222325092442
52.754078874684
-193.926386493281
6.663149350649
-189.237845108451
-25.540494227994
-35.594155844156
-36.855818226912
-30.865231556638
-185.775440650929
-199.19914194963
-40.119137806638
-30.724760157377
89.019472768984
-170.107253477859
-92.978022411616
-191.496554904514
13.166305916306
108.632423566017
-36.848587718705
-40.713654401154
16.574827516234
-157.096070216676
107.569735440341
-163.172230113636
-93.688832380727
-134.797446422935
-32.069506448413
-35.76615132914
0.729617604618
114.89212789164
-30.811139435651
-102.349484662473
-33.195776825171
-141.007145252751
-94.803009869904
-33.33665759154
90.560799118416
-38.505050505051
131.823309828193
-156.162698412698
-90.929035049152
-152.519640461535
-56.021993089376
-33.299520737509
-193.318792698187
-195.093815526921
-156.369145557134
-112.603555786661
13.868207747114
-40.725587346681
-32.504331470396
-40.428050736156
14.339806406701
-198.794184168696
-161.693542568543
-168.120928875812
-177.089994532377
-240.832091140197
-39.980852047258
-35.583214962121
-44.993936998332
-91.787255225244
-160.88092419733
-27.320408324315
-174.73765205064
-32.674505236517
-138.271374458874
-34.083964646465
-147.760572381178
-142.061077431683
-156.861812178707
-151.67525492086
-156.905815972222
-28.216991341991
-25.090478586084
-142.265893448999
-20.125270562771
-186.009948818543
109.530012034407
-93.402056277056
4.048090418696
124.259281571293
-143.365342177354
105.518406018894
-31.955467763573
-39.912309478716
-167.851919727408
-104.679370434253
-174.338100592983
-36.24053030303
-210.727984011431
-97.391782642271
-157.411878973891
-194.028700086806
-156.7665120795
-78.785902411391
137.912608225108
-39.830357142857
-33.069444444444
-156.086018527913
-44.465625845509
-152.566087070482
-37.523448773449
-159.904068587662
-91.687888933983
-79.961590303143
-155.875541125541
-196.686840503247
-174.118936998332
-160.414592352092
-143.216081715593
-148.660366217983
-199.788337476326
-173.535193593299
-150.1201171875
-31.50408662518
25.921433926317
107.039164313334
105.179383116883
-190.20870183419
-36.246753246753
-178.781586089692
-176.13386656746
-94.584624143218
-82.27991409632
10.130161125767
-22.811405066288
-40.45040704196
-6.183449308938
-105.854076479076
-144.468053159948
-163.228084415584
-94.858467487374
-81.364878556773
115.544354327313
-100.975821975334
-34.878525066513
-178.963051271645
115.513347763348
-33.226579410173
-63.47383784835
16.642774705763
-100.751159756043
-144.804826304338
-24.54128548318
-96.10073953824
5.615099798205
-113.479965672348
-117.463654401154
-95.863566609172
-124.270312640918
-136.557207115801
-141.008214821203
-8.180194805195
-153.813700622294
-208.513958643353
-179.074577386589
-27.215646278635
13.531593840188
-48.771817646329
3.086842898855
-39.514721010326
-45.485098614493
-32.30111593051
-72.996322741928
-26.907114532603
-40.245871803977
-155.15654522344
-195.031836219336
-144.942127750722
18.040404040404
-143.945165945166
-48.563943001443
-33.410353535354
-43.848677906295
-29.40845959596
12.335438297596
-161.316648629149
-197.482044919057
-147.605769610164
-181.499098124098
-168.574523133117
-157.059974747475
-87.280663780664
-192.100860375519
-66.356614414232
-42.491514616026
137.396472396961
-191.354895917884
-87.254156379645
-41.615973490485
-97.158098845599
-160.990432364944
16.7279117909
-34.482073102679
-181.390955452967
-90.292297979798
-158.906184473079
-173.895936203553
-24.773088023088
-39.409923030528
-168.073425381043
-133.44131606241
-152.665223665224
-53.199203953598
-172.742715238321
-23.614821484939
-132.567821067821
109.252973724409
-84.562311874324
-37.786157473169
-32.942653375271
12.028581715593
-27.188602684208
-159.911768353175
-9.525641459235
-81.304952426046
-25.271575267181
16.982944328892
-198.394583389701
-121.164883347989
-75.169302539908
-34.395284457296
-174.726468789457
-64.603818598936
-37.570534446023
-100.971232624797
-39.379627750722
-188.043998861382
-27.964826839827
-142.371745496257
-42.613844922439
-110.725378787879
-179.147186147186
-26.653249148855
-159.54607810809
-47.574376578283
-36.533196783685
-44.333152958153
-30.441718383613
-95.331361888979
-119.713651935087
-198.432920866026
-83.070408324315
-196.988087487599
-90.074397011409
-99.993867243867
-124.716470649576
52.635920448909
112.969867128314
-83.206557765152
-163.618416305916
-202.609951355069
-25.874160128066
-168.250832121438
-145.389692826704
-176.896845829951
140.762373666915
90.517774705763
-34.744518990124
-153.689935064935
-96.80312049062
-188.584846089241
-41.985361426768
-152.170106477724
-201.944624819625
-142.725448542343
-39.618256363862
-112.847595655213
-201.739726365215
116.586572336084
-154.085497835498
-41.381305380817
-163.11316499256
-189.2690168989
5.49981962482
-29.635722106669
109.419995857008
-109.514422263934
-184.244325932314
-151.917741167253
-30.976017851506
-154.076847577336
-88.013437950938
-137.990411931818
-196.750069754464
3.818444630456
5.215527907422
-156.109008612915
-179.225767721861
139.201829610277
-145.011827256944
-171.504682004194
-156.777867965368
-42.741993737599
107.647386955492
-86.471521154627
-87.66839291351
10.166138223755
-100.481060606061
-33.936528369634
-35.238205858811
-145.537046666441
-198.708943861043
-29.487914862915
-135.616251803752
-149.668117418606
114.603535353535
-170.180846551452
-39.591159220554
-36.641316203328
56.987090491973
-180.070817691423
-190.871023995536
-171.650641459235
-170.070256132756
-149.003308757215
-28.374466624955
-90.990182235299
-28.983065166171
7.608467487374
-176.687209004104
-156.812209004104
-93.98843555533
-198.192558255546
-159.483425916531
-138.638368196474
-41.932970187365
-52.000332566739
103.092700160083
13.042839105339
-77.318259323142
-36.092159034542
-182.255661385056
-101.303197995581
-144.795815295815
-137.411858540765
-186.912906971501
-43.071526509515
-13.241702741703
-48.661894474883
-35.163863100875
-166.138986826975
-76.408988038871
-166.405295279807
-194.215478586084
-117.866973304473
-165.698835452742
-207.678661616162
16.187340057946
-43.925512801001
-179.060327747339
-35.56240981241
1.986832611833
-36.763618326118
-155.379501629013
-41.563311688312
-29.949827516234
-186.363205858811
-26.191079319986
-31.992416491928
-189.525625958243
-186.96913541103
-145.91349741838
-38.955888051835
-193.375458688447
-87.889360259966
-102.362263116658
-139.881756318768
-92.596488038871
-89.732212611607
-92.076659451659
-38.52093127142
16.841422032828
-171.38255532445
-33.437971371077
98.657547503495
-155.56230694219
-162.068091630592
-34.894217707206
-38.86524705763
-34.996760997249
-82.658529350424
-81.82962789164
116.321248196248
-36.080107013212
-158.496142366748
-153.145320391414
-36.590089652101
-50.890331890332
-96.650974025974
-156.492937184343
-185.537079782197
-93.518578643579
-145.756052785106
-29.47409572849
-174.630333750451
102.223963970058
106.411435786436
-91.565025252525
-40.627635873241
-32.64324607684
2.818632756133
-52.170823046311
-34.940295815296
-179.831369639475
-143.525334962347
-141.640705323322
-141.387273262762
-30.379939884334
-147.520903087798
-30.926566868461
-111.414932669327
-170.774621212121
-140.053563678075
-67.927821744228
-166.262634013122
-148.182088744589
-157.517426638032
-78.334255642361
-34.867486246392
-181.177579365079
-109.010449077832
5.651605339105
-155.519037332026
-39.176754994138
-33.485041542659
-73.351017851506
52.105318672213
-169.975268167163
-30.893508889114
-162.213724155619
-34.652767561215
-21.102182539683
-75.179543058938
-152.642669017181
49.448054414119
-33.175775613276
-186.27103414164
-32.821330633342
-115.618686868687
-194.468802844291
-72.136002886003
-35.603986291486
-153.149690966586
-168.929202741703
-192.113025483631
-176.609680792298
-15.198044197556
-36.296196479302
-38.628074128562
84.270299958288
-154.295717357729
-18.136974516369
-142.824314574315
-95.626471185065
-149.786193407287
-90.471771284271
1.28164809366
-32.690914445797
-38.485459364854
-97.397346089241
-173.679403550009
-210.194645252751
-159.393017084912
-70.298861240756
-162.130509193497
-170.249549062049
-37.389097447691
-154.088772772366
-136.437402061914
-149.847464601371
-155.596771284271
7.565476190476
-35.079004329004
-179.112180679564
-28.885351139746
-35.848644790539
-32.137994763483
-99.098477097989
-169.783709725604
-31.388976610412
-35.647637085137
-28.909729972718
-151.932998370987
-50.560786435786
-148.543400664006
7.288059163059
-91.15568421379
-192.189193131088
-184.28623497813
-31.514347577336
147.815836940837
-27.433621933622
-30.970939162834
9.458964646465
-85.24226430037
-24.750639063627
-55.088133708739
-34.571325701209
108.784173346185
15.079906204906
-114.831176581665
-37.978437415449
-33.775765467172
-29.19237012987
-2.018859422912
-142.970315600198
-201.45698051948
-152.342290088384
-41.251192871798
-85.281717848124
97.141872829861
-106.572400201795
-27.753246753247
-38.342602221997
-0.795093795094
-62.781024531025
-107.462301587302
-50.501254875767
-29.910165409677
-118.127435064935
-159.004607317596
48.930575988681
-33.961427895022
-106.884802263709
-41.236482078035
-83.719815340909
-136.652429710047
103.396464646465
-158.012696017091
-29.63770869972
-160.661587977994
-170.960469651876
133.297418239313
-205.015582019977
-45.44101484995
-41.568563001668
-145.534930781024
-196.669532236427
-195.03182846884
-167.145299958288
117.229808196361
-39.384539451434
-36.642955080943
106.535152727047
-154.414231601732
-152.410972165855
82.25286556976
-34.343885281385
-150.12596387987
-28.625799005682
-169.272706839601
45.575126262626
-199.64420995671
105.448585323097
-172.024280894886
102.128615254104
-170.695096190702
-84.390775077787
-164.656503652597
13.558531746032
-150.171057674964
-89.513597892992
-37.251463434569
-205.226558977047
14.8097119352
-93.389332076344
-202.053488991477
-80.108315295815
-30.082902828508
-166.39898989899
-37.537768167163
112.302228831282
-112.061758066153
135.442017130005
-154.085054648043
-181.661969161481
-31.282377344877
-173.372544501939
-92.724366291261
-199.899440836941
-106.655483405483
-134.297340734352
-139.523350835363
-96.123624286954
-87.626082251082
-34.463533563875
-82.600378787879
-28.352342481737
-148.812257620851
-172.250639063627
-177.338474025974
-25.403339336445
-154.59136002886
-178.286626378179
-184.647554648043
-189.502463248557
-165.894050014655
-41.974476911977
-136.877512569895
-28.792388167388
-184.144558024441
-93.965561023178
-92.896005958018
-180.029310966811
-102.742937184343
-191.276695526696
-31.667486105474
-97.265602453102
7.283098845599
-157.700126262626
-29.932261369273
-36.770640275523
-37.172721917839
-155.058232999639
-35.330439579951
-29.96655308667
-30.43090855542
-98.068890636273
-24.808732554338
-25.605256668245
-38.764790764791
-178.415404040404
24.216532653544
-35.34805434366
-123.832771774666
-32.325597633703
-34.970701715819
4.289682539683
-35.585309709821
-32.266130896014
-151.055735930736
-146.275262741815
-40.738102988591
-98.862373737374
-172.378509565521
-162.148247965142
-36.979810662428
-35.861943232549
-107.58676046176
-159.033472278589
12.454287574405
-32.367952685335
-173.137002699991
-165.804305611923
110.892594330583
-129.605437043425
-171.777486781881
103.781552973936
-31.160090723079
-174.474665037653
-202.436209190115
-30.825515196609
-78.582869712753
-143.096861471861
-80.714826839827
160.091718313154
-33.941849437455
-33.576757389746
-123.09021577381
-188.666035353535
-157.69446487757
-28.589113089601
-154.788357909452
-114.744588744589
-187.347825351732
-152.719073407062
-193.388790950803
-178.620282061688
-38.20392189191
-3.565476190476
-8.205094330583
-143.895833333333
-202.724747474748
16.342991155979
-35.754078874684
-175.969967532468
-41.352453102453
-35.576679884785
-205.681179118191
-164.274531024531
-76.937881183487
-47.188762626263
-89.306359493371
-164.515504515016
-193.794921170409
2.138716264205
-31.993679118191
-0.133047128653
-27.039584601596
50.372827747339
10.337031024531
-92.642065887671
-156.865239307134
-145.491372641031
-35.048889424378
-104.43341337482
-76.602793419688
-164.35073953824
-130.257034632035
-41.666944979933
-107.853056231962
-28.631382885777
-196.662247474747
-193.053870174964
-186.621142366748
-177.373840243957
-187.11265205064
104.026414747362
58.898268398268
-37.881934227881
-158.955565701659
-36.844217848124
53.112832425821
-164.088862959957
-202.186417748918
-37.036816969922
-194.032549969562
-122.388507705402
-91.362672483766
-34.072531255637
-34.910435972448
-105.601620981016
3.837852929406
-151.523170460182
-193.638195571789
-151.706078643579
-181.4761002886
-27.062940721388
-71.640705323322
-147.523358585859
-34.826909581304
13.357962295951
-25.748106060606
-158.792006983902
-20.61525974026
-186.14725590165
-34.239157056052
-168.430833868822
-152.122142180736
-43.026966089466
-37.06268037518
-201.923979611968
116.092159034542
-34.04338023088
-198.341109899215
-114.251012496618
-47.169019294508
-43.70967839669
-123.395583203689
-155.749059723913
-167.44705988456
-22.22074857109
133.077831890332
-45.683614183126
-197.498807128202
-27.623306868912
-36.700564517947
-90.518370084776
-161.044642857143
-97.578205323323
-85.345049969562
-29.38274838226
135.597845784858
-138.642045454545
-148.318083880096
6.357877040494
-1.76453288465
-186.321088254194
25.359730113636
-39.333884675437
-129.730630101236
-30.070186378292
-179.285271098259
-194.008990575397
-40.785915094021
-38.201847577336
-149.67611593051
-203.976641414141
-72.404220779221
-41.194145698052
-47.056465181953
-32.896222267316
-196.033036841631
-29.962842712843
-104.613463738952
-147.456988269977
-168.223935786436
-100.796626984127
-193.784742655348
-150.360820115215
-35.15107196406
-32.936126753021
-40.731833894187
-200.620699179293
108.635835193452
-164.322402667862
-43.030831473214
-30.201228946834
-38.925525483631
144.798588211918
-206.340187590188
43.751984126984
-182.823793881899
-147.948074847245
-29.360369177264
-99.521645021645
-35.084317646329
17.119395686778
-101.045725108225
-36.187770562771
-214.368576247971
-40.767689450307
-137.398629148629
-41.949647141053
-85.584425800979
-163.937159682765
-35.14735877187
-175.643828773223
-24.41245603355
-122.061307128202
-52.662067099567
-129.850198412698
11.066135687229
-84.7153059614
-148.654408904897
-125.2074934614
-33.729416796311
-26.990973490485
-141.319503982346
-27.536067285579
-160.501602943498
101.27426046176
-155.982864357864
-34.740710678211
137.590921773539
-37.375278313267
109.092352092352
-52.527064027552
-55.200056508162
137.311868686869
-37.900961343344
-85.256375135281
-68.698044197556
-38.013721196338
106.86056998557
-164.118949680961
46.814316434434
-22.013566538713
-166.082985265602
-86.829483450577
-134.733523854618
-35.076228946834
45.021936017541
-82.923771053166
113.665153910759
-158.842720593209
-96.573314760326
-158.48184411075
-172.827819207702
141.004501629013
-71.439373506268
-183.154519525613
-153.428689799784
-40.569825627931
-150.413602754667
-150.10788479099
-159.264097447691
-164.821789321789
-139.068001443001
48.615231556638
-187.441669062274
-123.233738050144
-162.865017361111
-83.797430921943
-163.554723434118
-108.768459920071
-26.108196924603
-199.895500766595
-154.85666373557
-110.93739712978
-101.903040590052
-111.975559163059
-66.736394356512
-206.508305008793
-147.569521949405
-35.053362869769
-183.904220779221
43.479707792208
-159.018931643443
-37.3143115023
-36.985271239177
105.293678977273
8.407717662112
-83.282640157152
-36.954274891775
-37.401994273088
-154.041424287518
-205.999541311553
-121.128865383748
-29.978687545094
-186.758124633613
-156.79357328869
-33.83848177647
-152.718905714511
-90.098943536932
-88.784181096681
-151.680006679518
-148.278401340413
-146.080898268398
-96.558531746032
-64.657495716089
-162.795823046311
97.327393635011
-167.591117649711
-88.633658008658
46.17602574292
-25.644730649125
157.4133170432
-159.642336450442
-107.988997113997
-196.012087603152
-31.69715007215
-111.21147721636
-151.755789972831
-38.790223665224
-183.304403550009
-41.589564027552
-32.065594561688
-29.412796350785
-161.782565470554
-194.039760044643
-31.273098239651
-172.790022856917
-180.003878066378
-30.844717402823
18.57502832454
-24.717712842713
-192.93958206507
120.139883418448
-165.125832121438
-66.429465553977
-138.174152236652
-37.313742193137
-7.884178701073
1.8058056852
-179.170011358
-36.664592352092
-152.146181401064
-47.542388167388
107.376340131223
-180.405274846681
-102.143508889114
-93.963772772367
-179.80981480542
-98.419642857143
-66.710740214646
-105.47504622114
-174.571859076254
-36.179104803617
-32.058990434479
42.949023578418
-177.38283856985
-161.339105339105
-166.139069264069
-186.972783780889
-199.031197155709
-135.999992249504
-86.46654040404
-179.633745730181
10.245330678436
-40.240723360841
-141.925793580335
0.585588023088
-63.743944748828
-23.995137620626
-78.974915167298
108.12682418493
-31.652064027552
-155.281295093795
-26.383014012897
-138.576679884785
-179.654504024621
-198.728805916306
-196.430346996753
-135.56910412721
15.48576304338
-136.921508612915
-185.56031506471
-80.825515196609
-131.875992063492
107.213113275613
-201.69037825239
-29.415674603175
-114.596328096816
-184.969897778003
-96.264721010326
-165.902417027417
-196.765422077922
-88.24015687004
-164.984036796537
-30.315636132531
-181.529027721411
-84.322160288713
-178.652417027417
-162.799845553752
-34.871740564123
3.946869292817
-33.511794141189
-143.936319810832
-34.859327792433
-138.311500186012
-206.747294372294
-149.393869639475
-41.260031255637
96.839749334867
-78.898288831394
-27.328573824179
-190.166063537157
-40.204372829861
-157.626636059253
-186.328012265512
-86.263638759244
-104.163427663916
36.798451169057
-32.971951659452
-163.624007936508
10.876713564214
22.255112509019
-154.06928450239
-174.309163059163
-35.143217893218
-46.271637271149
-41.183830492424
24.161688382147
-34.90195833897
-34.353522670905
-183.629710187816
-34.758407879013
-29.858294862689
-37.390873015873
-174.495518804113
112.906284877232
-176.082792207792
-150.627677444084
-199.752886002886
-155.941127936733
-159.52991409632
-30.727334731241
-85.987201112689
110.738796305691
31.557281802399
-155.53354978355
100.044532236427
-39.976440605835
-164.258658008658
25.845158124211
-43.674312178707
-82.026334776335
-101.80571549761
-167.08285421176
1.853507169913
-8.019931457431
-30.505772005772
-144.652777777778
-124.330965556796
-29.422598614493
-25.848727227633
-36.207078457567
31.658609321451
-118.388999509605
-113.148559394165
-34.648448773449
-55.508658008658
-148.158348975244
-91.986209049197
-62.492944934839
-160.283397591991
118.374569495175
-77.532635225018
-0.081810360863
-140.325549016955
-149.998987503382
-31.263064517947
-56.356143043155
-33.058060374955
-185.147887214782
23.300427545545
-168.652777777778
-143.729444979933
-110.699785945391
-21.090999278499
-28.053834240846
-36.505230880231
-178.268869639475
-97.834686147186
-38.977633477633
-91.526515151515
-161.092962972358
-92.663953288465
-173.37805862757
46.702290764791
12.130230880231
-134.007908324315
-203.246495366613
-156.365612740124
-118.916666666667
-162.9568001443
-33.651424963925
-169.574106015512
-152.801296305691
-145.71340427151
-207.23357810809
-180.308962250857
111.256052785106
17.843156030168
-168.130210447105
-196.150883838384
-131.697789135777
-178.162518037518
-92.941800820707
-182.961518082612
-195.955785181615
-36.908557534046
-156.461678024666
-133.756673881674
-31.138187821293
44.100649350649
-33.821310200216
-163.581099076705
-179.731611948165
-140.867777242289
-161.759359076254
-33.566628196023
-170.997196434208
4.287608225108
-39.087772958378
2.529130591631
-20.498745124233
-96.23575036075
-179.855408859803
-156.577749453238
-189.037809033414
-91.834152772141
-21.999098124098
105.379862379374
5.438880997475
-39.459964460453
107.713855209461
9.138695831079
-99.653035657918
-74.936479752886
2.017238512356
-27.482130174513
-112.20985877187
-76.595598845599
-97.419573102679
-27.476530793425
-29.815566378066
-102.920925916531
77.840027648133
1.493867243867
-55.09822203621
110.683351370851
-190.876090001578
-34.540375856782
14.313041125541
17.27608464669
-183.370859121347
-153.040120795004
-191.690648815161
-136.133047128653
-30.043130101236
-149.477014847132
-34.980859797754
-84.053779987374
-36.085137085137
112.673270793876
-31.484320041937
-37.500352999865
-101.98729130028
-173.383379695391
-27.476842222448
-168.768578643579
-84.303641183036
-38.102084601596
131.139901385507
54.367957617469
-86.115550736156
-145.449126448638
-157.001345063357
-193.37759500699
-15.499639249639
-118.402945470328
-108.083062770563
-86.362000304383
20.204733580222
12.402950402462
-117.213293650794
-93.076741888754
-165.058794558306
-39.313943001443
-39.258116883117
7.445727503833
-37.943161385056
102.947147606083
15.520781545928
-32.130349251443
-198.45374151673
-87.7720882091
-90.570346320346
-1.741973304473
-33.902708023313
0.943091630592
-120.691107503607
-140.314110693994
-84.353605108
-43.38656444467
16.024969279852
-33.898706653589
-41.839834590323
-83.845310315769
-134.659361471861
38.411886724387
-172.910103405709
-195.644861702967
-142.872446563853
-91.427599798205
-31.421454359443
-86.503579319986
-137.058982683983
-34.072433317551
-26.321601196113
-75.814025438537
-184.448440882035
-28.234918239313
-135.227162106557
-100.915043290043
-99.872655122655
-42.747757992875
-136.557086278522
-185.27686815138
-31.771645021645
45.253870315882
-167.48287210836
-19.929375366387
-196.960297027192
-173.90595477656
135.165955382508
-39.511010636499
45.994781802399
-34.557828212369
-84.86752218051
109.108253291847
-56.965818903319
-137.795794862689
-157.757305194805
-180.16656872858
-31.901515151515
-26.894147952742
1.80990499301
-40.291416537022
-87.024551457657
25.886366102431
-32.281836219336
-117.224559349071
111.20211038961
-73.869686682675
-32.532807849702
49.317640692641
98.096029350424
-176.671286666892
-40.285263347763
-167.125368500857
-83.579442584325
-193.369678932179
-38.100821975334
-6.852112785218
-43.192640692641
44.938028442911
-111.666756854257
-137.192813317325
-175.088183030078
-139.258637575532
-202.784529164412
11.546529046041
-22.691488687094
-20.931104431593
-40.317648443137
-170.214716219111
116.600912162924
-176.160263347763
-149.46539614899
140.38398810933
-38.372544501939
-145.322170505276
143.32281203497
155.957271515377
-37.585325210813
18.433531746032
-208.841027462121
-0.95497595937
-87.716081715593
-90.404929597312
-29.922446422935
-34.240267490756
-96.576048571654
7.221338313379
-29.717905900523
-34.977875856782
-96.621310059298
-91.432338874233
-206.034361471861
-176.807199365305
-155.842429597312
-139.343704906205
-30.27225590165
-190.19496513686
-148.025100333694
-104.748394590436
-44.116148933532
-100.085567589962
-176.895230203824
-154.371572871573
-60.274608529491
-161.696719567325
-172.178841991342
-102.43272005772
-131.423771053166
-184.091081715593
-33.447490389385
-166.48366829568
-165.841069032964
-104.50199187748
-42.765983636589
-34.276182584776
-35.351481472087
-38.131854256854
-49.716790533685
-141.519398082386
-159.425226737238
-91.249729437229
-84.865960807855
-155.142135642136
-157.856970232458
-87.868519176136
-31.087902250744
-35.267684518173
89.885301818407
-156.75859600469
-141.854625355114
-65.52607196406
-174.716733461851
-158.347644976551
-46.394542523449
-67.296356421356
-157.584505772006
-161.735688356782
-30.072760952155
-39.118867243867
-42.052468744363
-33.910526160038
-165.079988642
-40.347935972448
-162.957423706935
-85.034791976686
133.445547128653
-25.679903809298
-162.159742655348
-179.133457200352
-170.201757389746
-135.288412162924
-159.462654587166
3.561077431683
-87.197691197691
-45.293359797754
107.509990389385
-167.803140923746
-35.967261904762
-24.921346204793
6.281856652462
-34.953483636589
-111.904761904762
-188.099304287293
-188.267135642136
-199.855728039322
-95.735820115215
-35.643849206349
-134.129238816739
-193.769738399621
-176.58439515129
-151.560155122655
-77.751631127119
-180.830607272502
-35.972673160173
-100.473201603084
-149.858134920635
-163.900695712707
-32.035706535218
-27.064033189033
-186.469266464872
-38.767947330447
-31.327769886364
-85.242792743281
-184.343967718479
-98.299693362193
-158.150523088023
-201.084673464556
-31.968073593074
-109.962149395743
-228.752795815296
-140.687430245536
-172.063762626263
-31.54310966811
-36.703661545703
-196.921807359307
59.417125355114
-147.684912743507
-31.095869408369
-136.775232092127
17.350288600289
-35.883665759154
-172.293913605925
135.279679467668
-25.364159522119
-148.55800330312
-29.193813131313
-75.192632942145
-149.956168831169
-188.123273753157
-191.741009424603
-145.352105034722
-162.343965252413
-160.881513939619
40.650072150072
-182.20967839669
-31.530586275703
-158.167380416892
-92.116169366658
-148.033933433103
-38.544835914953
-32.720238095238
-8.910652281746
-100.127976190476
-18.14745424389
-89.032176536571
-85.979695109578
-134.83848177647
4.40464353355
-177.819013939619
-95.201097892992
-34.583686333198
-195.906676277282
-33.14419727408
-192.27138220937
-39.003156565657
60.088043521149
-204.023920144526
-170.401875901876
134.40856246618
-142.413149350649
-94.141955266955
-23.836026278409
-197.966151470058
-193.102272727273
129.026613089601
-144.223665223665
-35.382866753472
115.540484011431
-125.636814574315
-34.8770947477
-30.587842712843
-96.672070171582
-178.827221010326
2.984938672439
-87.044122164728
-201.172606364989
-94.808088558577
-35.079836450442
-31.205627705628
-72.113455988456
16.636023319129
-34.954385512491
-29.15081408392
-178.448683261183
-173.703823953824
-32.633207070707
-78.233245541351
-163.438590001578
-68.40414327426
-120.816821253833
-30.266955266955
109.356047923431
-30.810528555646
-199.00747781949
-100.695256132756
-110.741522366522
-140.112935296041
-89.75190168989
-25.910603664998
-156.375839871934
-40.131034818047
-86.677558931953
-142.308248500631
-38.299633824292
-174.568540102476
9.889978890467
-27.628349623467
-135.192530071925
-201.092823463429
-36.297647231241
-162.96654040404
-35.264770331665
-14.512798887311
-91.429834054834
-162.987041170635
-209.721402783414
18.201046105587
-28.753254503743
-115.853777732684
-30.03554166103
-94.356308269638
-29.0018115023
-24.486193548205
-159.844346435899
77.063569568452
15.718782411165
-155.26118572725
-196.293728298611
141.960647560989
-30.029228529717
-83.906204906205
-89.824175417681
-31.026535584641
-191.916728670635
-168.024891774892
-185.208263578869
-46.403138528139
-155.037968975469
-140.305645743146
-36.770209770698
-83.170614487509
-151.945699320211
75.589674648268
-177.969869594381
-153.094516594517
-175.554633246528
-142.562840317235
-157.240087115575
-181.221771284271
-27.916924546807
-89.076860259966
-34.203630896014
-40.920073361968
-145.133851066468
-89.57205988456
-191.25496031746
-197.831720173273
-20.782184287067
-61.44888406949
-150.158011124076
-27.629877880366
-41.088744588745
-90.219155844156
-29.347062280168
-31.828270145653
-188.897456709957
-149.355540265941
-95.467454962572
-70.656586089692
-78.370477937861
-50.00496031746
-198.491952871347
111.913149350649
5.371049713091
-44.207160894661
-32.777960619025
-28.210317460317
-176.288412162924
-32.294442048837
-34.751561372655
-38.309523809524
-204.132222757711
-109.229444979933
21.276424963925
107.452187894571
-148.518480705492
-150.827548644931
-161.418372480384
-102.213654401154
-37.654463158369
-28.729285037879
-33.31259018759
-34.131555510462
-112.117403809298
-37.385830261319
-153.27388702877
-44.845238095238
-78.00199187748
-191.904130591631
106.034181096681
-152.726814038826
-27.110562235074
-157.642679233744
-36.600108225108
-149.330455080943
-26.871281875676
-175.52217839669
-186.877074314574
-192.566308311914
-141.921737604843
-29.885121443227
17.811577690972
-33.401875901876
-85.887884142767
-30.427406740395
-195.478867920274
9.029651284046
-102.488824489313
-166.7116829568
11.190808757215
-107.873827561328
-166.882312945301
102.96714353355
-184.359758297258
-32.09891535331
-176.114898989899
-31.525530838519
-34.068722943723
-93.691836754825
-91.545995670996
-151.861291486291
-39.634920634921
-202.249618816513
-175.447601010101
-109.678398803887
135.67976430037
1.884209350762
-170.540556231962
9.721492971005
-34.403138528139
-83.132467602927
-185.238927359533
-28.574134199134
-25.821768888663
-37.854617604618
10.12118393759
-133.512696017091
-30.947771168718
-145.015692640693
16.010631919079
-123.298340548341
-188.760634385146
-172.488074804969
-155.011994949495
137.691576408617
128.053934644999
17.740161802174
-149.487907112419
108.538801096907
-195.106774356286
-12.722139785128
95.078200391189
-169.4595882091
-182.843712656701
-137.418560606061
-85.611111111111
134.760835193452
-26.419532236427
-202.560167805285
23.798979611968
72.641767141279
98.278499278499
-40.972049597538
-30.344779406791
-37.819444444444
-104.002545685651
-58.214626031521
-172.256411069399
-33.603555786661
-37.957792207792
-42.215839336445
-39.580184518173
-187.843331473214
-91.898559394165
1.302929898877
-29.201319134425
49.384629639024
-37.511121257215
-88.869851556863
-162.426337171943
-33.252275122881
-192.601391284497
-27.614620676632
-26.605408859803
-36.100759971365
-38.710214590097
-148.294011544012
-94.929481054969
-21.484868917974
-113.089814157197
-165.681810431322
-175.977162106557
4.233065166171
-148.115251989764
-28.579906204906
-108.683273865891
-154.987185611697
-33.635351139746
-144.898801773314
-172.567091816604
-149.884289321789
-37.269758832747
-34.923680865575
-0.213633968028
-179.508645326028
-151.22094691333
-87.641396174355
-186.538440346546
-168.059523809524
-97.527875715864
-102.593053159948
-124.812111066017
-25.981892727498
-151.018057951163
-154.7306998557
6.042658730159
-142.379349437455
-89.723817415224
-76.799051832499
-146.780130405619
-171.013937857932
-35.822420634921
1.708083203689
-157.185528555646
3.281016780528
7.765594702606
-35.551607734713
-32.01939033189
-81.650182770788
-171.707611832612
-141.471222408234
-34.100296350785
-75.257563074946
12.933691688086
-193.197420634921
-164.460046897547
-153.80312049062
-34.851272913285
-109.09630766369
-37.077729020112
-174.026785714286
-78.781174256516
-78.566939625045
-185.550033679428
-163.937868500857
-145.987281083717
-33.519578457567
-136.290646419553
-198.456279451885
-101.755313317325
-112.012548757666
-87.281655844156
72.537788600289
-105.309351184839
112.363185425685
-62.376012496618
-32.342101962707
-141.917839105339
-99.90204852656
-146.515963203463
-34.75019305781
-204.514512451524
16.990813548431
-156.682269119769
-74.348095914502
-164.951035889024
-186.640692640693
-153.058781875676
110.258387445887
-157.874278499278
-154.682830678436
-42.021284271284
-150.82911494972
-36.325950633568
-202.241723174829
-30.397526464421
-155.818472814078
-34.310178021848
-195.558900246889
47.442993692505
-187.404290533685
-75.882132570121
-91.93740981241
-176.889172134289
-72.816017316017
-33.877172252661
27.504877880366
-209.698149886138
-196.593003838609
-46.508047128653
-33.525731646825
-81.257387631899
-38.15655790607
-184.524108270202
20.352813852814
-110.862082741477
-91.348595469201
-86.825507446113
-37.664862914863
-72.205266955267
-181.31918163217
0.895640275523
-0.197521039074
-68.201409322015
-102.46741409632
-66.217712842713
-166.034910347899
-11.461211585723
-37.128968253968
-151.186528369634
-163.975038470644
-204.318181818182
-159.385541731489
-86.664321789322
-151.431908369408
96.032174070504
-53.265970953959
-175.510732323232
-200.6675065386
-95.915043290043
-77.196436321925
-36.987386420004
-160.77121451682
97.925311992695
-36.796995484984
-89.94983526673
-147.325755109691
-37.49531024531
-151.852736347854
-37.170536982549
-31.029491341991
-42.539682539683
-23.501775568182
110.040875411481
-206.131702065296
-142.269833519345
-154.440496623602
-146.265893448999
-33.423618861607
-180.492694805195
-202.986283735795
-146.837662337662
-86.093947285354
-39.541999233405
-144.600456292839
-204.678210678211
90.777257085363
-94.258104200487
15.435959060471
-164.323855885868
12.170093795094
-109.946498325893
-159.255862193362
-133.775190521284
-134.362012987013
-86.638097633703
-24.632382699766
-83.357423636476
-184.119957245446
-198.591442465954
-34.593877530889
-2.626540939529
135.300172483766
-149.914399294282
-36.995830937725
-27.572490389385
1.522616652011
-169.528220965233
-149.774268212256
-34.037538470644
-175.344774474657
-69.967171717172
-102.157627474522
-35.519202206214
-94.850448542343
-112.22391535331
85.191398499504
13.323662828057
-14.739636177624
-118.502816248422
-34.294802799197
-40.914960852949
-157.548992294598
-107.151342526831
-30.36707124256
-30.301017992424
-159.274551457657
-174.724378973891
-91.430833868822
-96.951278268173
-164.658758342352
112.084387400794
-199.445879695391
-155.075757575758
-30.237616116522
-150.965458152958
-35.68184636544
-35.29616829568
-35.9712174761
-94.164682539683
-105.722062280168
-108.996683492289
-37.458902642496
-130.950937950938
24.19580747486
-29.750069754464
108.384712076118
-190.23427882339
-192.711322206439
-153.352703232098
161.062221686733
-34.966262090774
-87.492326304338
-1.720426220915
-78.648907461896
-179.446797072285
-156.993957431457
-164.697768702652
-188.238017733135
-74.048964110976
-39.809240564123
8.910283780889
-26.086920403815
-149.815579060696
-45.388265326254
-84.099567099567
-29.531413465007
-178.269217707206
-33.549324861337
-79.540945165945
-205.534111342217
-30.995343713361
-23.527687590188
-32.69820413961
-32.458433737486
-204.41847041847
-204.800443046537
-57.629800375406
5.651334776335
109.127254689755
-88.441087070482
-29.769743331755
-29.142836709731
-154.24443655303
-158.068563001668
-175.159283966901
-32.311605874594
-125.140720824315
-24.512445887446
-162.418921356421
-49.80503486314
7.413507634943
-82.122835497836
-154.781483219471
-94.884101196113
-40.373546781994
-44.386121257215
-31.749992249504
-35.67525492086
-140.925976421582
140.683789626172
-32.360307173295
-37.10170341811
-184.936758066153
-99.947441068047
-155.342109713204
3.177911931818
-216.091728529717
-190.688303937816
-159.928202927715
-36.612110925099
116.883539637446
-148.355279567438
103.034523879983
-108.743887676993
55.052226365215
-174.979249103761
-94.801657056052
-85.389630822736
-32.346057534046
-142.512914792456
-102.202027952516
-146.664785409903
-192.53224593874
-179.243867243867
-201.999077690972
0.322080317686
12.828094702606
-14.844799839917
-146.150883838384
-178.889409581304
-29.552739307134
7.30589587279
-18.244117373512
-190.596583158595
-190.156939089556
-144.318550319039
-31.888688080583
-185.544983174378
7.958796953914
-205.485680606286
-192.369769119769
134.712760275749
5.800234487734
-175.462662337662
-132.706439393939
-150.212932900433
-33.807511498918
60.584673464556
-166.655303030303
-192.692079133974
-164.727022597628
-182.202373201885
-78.805826118326
-92.868055555556
-25.244325932314
-155.247191502074
-78.882124819625
-199.94993813695
-29.658209466315
3.457091140197
43.617133246528
-173.124007936508
-138.653831845238
-174.072613692731
-100.09048633658
-176.501324630231
-192.963744588745
-35.272830142947
-181.632423566017
137.628594820978
40.655553159948
-168.528978400072
-174.064646535106
-39.603605108
-161.336108715503
-32.505243562861
22.51424963925
-184.099025974026
-16.801156796762
-157.065218310336
-36.182970187365
-141.869408369408
-29.614960993867
-37.708706766324
-101.798781269729
-203.508936321925
-154.811778499278
-37.519944140061
-126.167040099657
-166.642516825622
-139.741432178932
-148.745871803977
-39.345980029085
-25.466810966811
-30.156818252277
105.348021227904
18.946426105362
-189.033379624932
-127.051324489313
-94.063852813853
-162.710747965142
-160.507243190837
-200.114337431232
-198.79310966811
-156.997953869048
-169.696949263844
-21.046967301362
-165.19018519458
-78.382665945166
-187.753236536684
-125.091651024756
-14.821799538352
-115.73834536774
-133.456972768984
-35.931096681097
-154.419815481827
-25.431547619048
-180.541514475108
-156.138790950803
-188.761273448773
-31.693284688402
-164.038973721591
-180.699134199134
-100.680104617605
-77.796717171717
-163.271845829951
-188.747953869048
-175.035611415494
-136.847915539322
-70.278478845373
-89.745477937861
-179.245392682404
24.389079480632
-46.208756087662
-181.171925730519
-98.229437229437
-33.480707606196
1.628960503472
-36.627144069039
-120.979318858225
-29.680375180375
-118.84805434366
-81.592962972358
22.663870851371
-33.279859842848
104.814574314574
-86.450144229685
-25.50305862757
-141.619580994093
71.17775974026
-141.944534632035
-77.361832611833
113.452499323593
5.933732554338
-180.154970463564
-160.896096145608
-35.081782177241
-145.466007028995
-94.147095959596
-138.843697155709
-2.217594471501
-32.946158008658
-164.153929783324
147.137105570211
109.116764745671
-194.474206349206
61.978527603039
8.396013708514
-196.630521876127
1.48097041847
-199.090076969471
-144.446338383838
-168.497371877255
-45.875262812275
-158.607593795094
-144.571330633342
-164.307441744453
-137.515860333243
-29.301595052083
-35.323951357887
105.318053230407
-114.266672021555
-170.767746522141
-152.36925617785
-96.002406881313
-34.243428988546
-149.137798887311
-139.252254689755
-152.133485383974
-151.091720779221
-176.935606060606
-200.857495857008
-23.398629148629
-125.159168414051
-146.108696479302
84.203463203463
144.130202696609
16.932158499053
-94.5983122238
-97.765151515152
-191.770444399351
-106.988546176046
-76.02130470441
101.067029812635
-236.368596681097
-34.676525297619
-39.084866522367
107.95393457454
-208.678821558216
-195.738804056187
-21.246019063402
-30.049131803526
-147.080004142992
-184.771451963835
-196.480539913645
-157.363463738952
-107.777757344652
-76.61822818024
-37.459853839737
-133.725316783911
-161.606150793651
-176.83074607684
-155.385363822376
-190.782557720058
-141.956279451885
-171.563672438672
-183.89829658189
-183.871835683847
-182.111111111111
-80.365432364944
-187.497564935065
-100.270743145743
-158.710505585994
-185.249549062049
-96.926136363636
-203.639641039299
-49.164850232233
-178.04797979798
-43.590749148855
-106.194715007215
48.784111342217
110.610832797845
-191.309676001082
-192.45652958153
118.924512987013
-86.88534338925
101.520861516955
-177.208173391279
-106.968073593074
-33.515582019977
-205.184163059163
-122.549992108586
-201.487721805105
-84.175955988456
-29.096758601641
-115.81537825239
-156.398727086715
20.85170341811
-85.359856235345
-38.960428081034
-188.832243331755
-126.793658544147
-78.835116652011
-148.155282597177
-31.749090373602
-205.042359631471
-177.219336219336
141.397278800843
105.84701366342
-88.554042799648
-98.189033189033
-27.96626984127
-190.198121702516
-49.976711168606
102.950384142767
-5.311930690837
-46.246655308667
-175.187041311553
-51.950868196474
-147.358405483405
-98.419900737284
2.744318181818
-83.250811688312
-83.868424056412
117.539883347989
-111.3988997114
-172.257506003111
-175.136897011409
-161.087481962482
-101.708796953914
-94.364025297619
-86.399448587437
-84.580539984104
107.539620535714
-66.350358354753
-135.070178627796
-97.512999695617
109.136023319129
-166.790945165945
-28.050505050505
-194.037067099567
-112.170794862689
69.683954500361
-198.212371341766
20.300595238095
-194.157820532332
-143.41810966811
-69.745843620355
-39.547000417118
-158.578262395157
-202.244761369273
-21.856220548115
-161.162227041622
0.437028628923
-195.941089536549
-89.397095959596
-108.883748196248
-40.015524948142
-45.94984794936
-37.486832611833
-78.76815588925
-150.232593795094
-155.547237864132
1.242326304338
-95.408882350289
-176.895374644886
5.109598355204
-36.900600592983
-67.717249222132
-34.055305425911
-40.850170229076
-171.601210909316
-190.054194991207
-44.36804780506
10.672799422799
-194.215097402597
-37.924484803391
144.324044011544
-88.916764604753
-189.460116652011
-152.298513173025
-199.388688080583
-155.807469928075
-30.07511851213
-136.972660477543
-32.517378021284
-30.18559831011
17.123196248196
-42.445346320346
-36.486644486156
-182.008124633613
-168.616883116883
-36.410603664998
3.566926942415
30.367223434118
-101.693792698187
-81.971590909091
17.995482869995
-38.479790229302
-112.154741471636
-150.07423213722
-36.70020869972
-156.451007705402
-86.476378601867
-163.957980333469
-181.660714285714
-30.748106060606
8.19914194963
-157.914752294147
-176.114746798341
-195.236742424242
-199.351543476055
-159.61562049062
-130.923791486291
-30.244831123737
-155.683359121347
145.342630405619
-129.935167805285
-166.084526205132
13.557338874233
-152.59632034632
-93.197884255501
-198.864185239674
-123.681297489403
-151.090089652101
-161.206717707206
-179.32674963925
106.172701484713
-41.238365800866
-185.282356911751
-19.981691919192
-85.673229927624
-28.809642180736
-33.917478354978
-165.627066564078
-150.079573638167
-40.659722222222
-164.800533234127
-125.395480333469
-40.74505236517
-97.711920403815
-191.406864402958
-45.813852813853
-74.878344691333
-153.352174789186
-117.667055600649
-145.458325582837
-131.999090373602
-100.489267676768
-138.444727689845
-32.166305916306
-138.213551530934
-104.702671948277
140.196047387942
-33.981539727633
-146.316530257936
-157.811958874459
-192.65384734623
102.42603842555
97.638728946834
-100.778978400072
115.776875901876
-29.285193593299
-168.343336405348
-95.579463017451
-5.635203880321
-42.751435250947
11.53373015873
-77.46436815138
-169.74025974026
-36.853723479212
-140.944326073232
-48.60838505028
141.129661571068
-157.925677675189
-150.950675138663
-186.795454545455
-171.416043104031
-197.114087301587
-94.24695405506
-18.82080747486
-190.701388888889
12.24303512243
139.892509075126
-90.135273634785
-28.75470243732
-40.512536075036
-81.540764790765
-193.879411441423
-161.672175860164
-172.407836033324
-32.463193246641
-171.259011008523
-179.228826349432
-128.614107734713
-204.974587532693
-149.746745496257
28.071719567325
-39.006936693948
-38.338043521149
-163.923270793876
-162.092831213925
-30.186056998557
-191.059315250721
-31.269307894796
-191.494235744724
-163.714819089331
33.31536556976
-168.991161616162
-103.462412208018
-34.516955266955
-34.423320115215
-26.936770748782
-107.239710864223
-151.29692044609
-31.096959409948
-144.895292207792
-61.723415094021
-129.028777591766
15.599927849928
-35.968787343299
-195.734848484848
-34.975759971365
45.709054834055
-80.36352574292
-32.64420995671
-190.164063909181
-86.945526695527
-35.375891659339
-37.556527185922
-32.818875135281
-36.646943768038
-94.25505050505
-49.778331585949
-103.999930245536
-164.523420589827
-78.120482869995
55.109157633816
-98.043720548115
-35.700847763348
-156.618333868822
-32.754349437455
-152.198773448773
-31.81718975469
-108.711337707431
-125.270042078148
21.274412653319
15.983245541351
-176.41647854099
114.421779175685
-76.356240981241
-34.883650258162
-33.728625541126
-177.875250129645
-192.955357142857
-32.851461038961
-158.873647186147
138.412886538375
23.990357678346
-139.607405669417
-205.449585137085
-173.085428081034
-133.232843924738
-157.719516594517
142.33917509357
-27.404192595599
-52.066939625045
-113.9981884977
-162.88282588722
114.310046968006
57.381684098237
-29.207681587076
-27.405844155844
-185.325319320436
-34.593323722718
-98.58917509357
14.890241702742
-195.068354442866
-174.430387863005
-191.357671300054
-177.695263883252
-114.596562725469
-145.771797213204
-44.74034992785
-33.175064329117
-96.727182539683
-37.600476725965
-18.203463203463
-102.537427849928
-73.900543521149
-151.287337662338
111.598023693971
-190.995011498918
66.87786556976
-101.102806102318
2.826319134425
-156.906405714511
-204.783369408369
-185.027700272817
103.09145021645
-40.007756132756
119.479187099793
-155.084235209235
-92.945596449991
0.379231066243
-110.262896825397
-54.136974516369
-158.022990085002
-31.88256800708
-192.383006262401
-195.077311197917
-194.261994949495
-188.917117604618
82.497925685426
-205.233778916396
-84.35684411075
-100.224747474747
-163.398559394165
-163.699953637942
-151.496400246889
-56.69724025974
-38.381972628066
8.246142366748
-87.233557674964
-29.448302077697
-157.506854256854
-169.364705932089
10.425425079478
-67.515705323323
-94.751185121302
-37.633469882982
-74.018648398043
-154.928107807991
-38.609235138776
-182.951486826975
-111.026453147547
-35.769570707071
-67.428488991477
-73.414811127458
-89.133276825171
-34.106990665584
-94.710755715639
89.588383838384
103.210039147051
-28.971881904987
-26.869207561102
-25.9972119352
-160.792117604618
-207.359598355204
-159.69897425708
-174.283807311395
-40.923242610254
-206.682892682404
51.685786435786
58.978174603175
-164.65538300133
-39.719488410895
-119.479715542704
12.917638297033
-33.135649886138
44.945245916193
-154.194526881539
-27.387814388303
-138.024190707296
-37.186590373602
-149.874631499143
-28.204475700081
-33.153561282468
32.888064517947
109.694243636138
-108.241079179067
-195.362902180285
-187.659181096681
-40.450327070933
-135.864891239403
-33.829648324766
-28.311479752886
-156.164051226551
-34.542769350875
-190.840798470193
-98.049693362193
-80.75660412721
-34.75295575735
-165.501249943633
12.180555555556
-160.660353535354
-151.089182844066
112.91132516572
-30.741048529379
-33.588543780438
-159.974775658369
107.302329235435
-108.387834821429
-29.016081574675
-99.664113230519
-26.886907227972
-162.740697995581
-176.582333519345
-90.657037027642
-149.514798515287
-108.676747243642
-183.280844155844
-180.779852092352
-32.725095542478
-76.663038729933
-39.995871803977
-69.380952380952
-165.299054298566
10.240911486517
-196.921737604843
-27.449953637942
60.135281385281
-78.886814574315
-33.041666666667
-51.680096867109
10.855511730023
-27.787505354888
-192.9568001443
-131.674803982909
-42.84155308667
-32.437332307449
-116.668650793651
-188.454733580222
5.542297979798
-162.345869408369
-85.193460131448
143.250110620716
-37.541133291622
-68.604715542704
-115.70949802151
13.149440836941
-143.718782411165
-185.306916119904
-82.528957966946
48.871560188943
-144.167671412789
-29.066017316017
-179.791749103761
-34.292548109443
-81.385101010101
-115.906676277282
-52.210838152733
-27.225128658234
-150.619506307495
-83.763528138528
-34.565414186508
6.732856607368
-158.608938858451
-160.47906872858
-97.765229020112
-80.217900968389
1.124541311553
-192.124278499279
-199.778146278635
-187.523317367311
-195.750721500721
-165.20976858428
27.202130822736
-52.163247288736
-37.912247474747
-189.717081529582
-12.202839640828
95.47276581383
-36.275192987351
-37.497196434208
6.597423030528
-34.704292858834
-130.825229132846
-18.42706642316
-75.029754154266
-160.562061744679
143.731331168831
-55.881792252886
-163.58210135676
-113.156114718615
-208.790924732819
-30.227192756245
-162.87796843998
-42.703282828283
-179.296376854482
-167.597242655348
-155.987554112554
-93.308088558577
22.697510822511
-41.219967532468
-37.274641645247
-86.569715007215
-105.194166131178
-161.171536796537
-32.051066609172
99.892143392632
-125.573240073728
-179.968983219472
-85.517607013212
-48.170905483405
-170.688041125541
-97.546799608811
-160.080717893218
-34.488455988456
-37.551845181728
105.800693176181
-28.781122469111
-34.546098541216
-36.012793955177
-111.578532957928
-158.335768398268
-105.194354256854
-193.616694991207
114.183163245175
-118.196060070572
-188.544712611607
49.607323232323
-85.830725643714
-42.372113997114
-28.430916305916
9.562778313267
-150.824827516234
-163.133547387942
15.428641183036
-166.766692454681
5.200396825397
-40.572773634785
-178.052857678346
98.754038008433
-1.871322741928
-25.535381718975
-39.889770331665
116.844356652462
-87.529671717172
-171.229527417027
-37.138445701434
-15.045336174242
-152.585137085137
-167.87003968254
-93.731400923295
-84.101904226416
-30.259031441649
-99.264778082161
-186.201090142496
-154.434871877255
-158.479457662563
-242.602906506471
-81.7107063943
-198.662685730069
85.771284271284
-184.462190966586
-126.294892986788
-117.386794141189
-41.378529998647
-149.872544501939
-26.764089697195
139.696776639159
-155.319457127074
97.623368872881
-69.702130822736
-165.510539265422
-89.594787157287
-29.68193655303
-79.460608456214
-38.882457386364
-12.506042568543
-35.029852092352
-186.738033234127
-189.357851675234
-191.021194083694
-197.538427663916
-32.123466810967
1.632222757711
-194.250190591743
-158.862303982909
-198.474837662338
-30.603976074923
-104.766233766234
-30.869395686778
-84.07711038961
-28.89906740395
-34.828172207567
-192.59326171875
-34.583062770563
-206.201860259966
-26.098727227633
-95.308544428662
-202.230859797754
-174.520390145878
-19.707812640918
13.695714821203
-27.527076710182
-199.989919423025
-160.4767936057
-122.044482915088
137.676695456236
-155.770915770428
42.882367198773
-92.79825036075
-165.63543357684
-140.388881138393
-62.153130777642
-37.126705813718
-38.788961038961
-36.280365034271
55.804852021893
-191.970689033189
7.788852884312
-172.996856116973
-159.708312900207
-154.456838544485
-144.854114879261
7.658521599928
-128.027236652237
-173.390713073819
-112.598775844381
-90.194833378427
-29.818735626353
-173.740251989764
-175.522727272727
-33.436167619273
111.719599031611
-33.375922309028
-70.26328575938
-146.262015382621
-40.353638223755
-165.762868641775
6.015860333243
-30.224374041757
-187.280663780664
-142.216512220418
-160.420274170274
-185.933822741928
150.690934878923
-38.877275122881
-155.51252832454
-57.717893217893
-37.638278008883
-188.728535353535
-98.104797979798
-38.382676161729
-33.858856421356
-177.15404040404
47.696776639159
108.33343127142
-183.482934112329
-176.53207824619
-88.135340923183
-32.272616652011
3.629357187951
114.693014125631
-92.534271284271
-121.013888888889
-99.903591932156
-186.151146650658
102.583443954049
-133.186770748782
-169.040326535444
-149.18958206507
-38.305187054699
-82.991604803617
-157.494596495085
10.810806868912
-117.33475590165
-113.545274170274
-88.643877389971
22.109237604843
-154.777007308013
-94.146116578734
11.289682539683
-187.565746753247
-22.710199089105
-79.957848927331
71.208181141775
7.7846940386
-84.987270867154
-184.63446969697
-31.033799913194
-37.726378601867
-189.187381628788
-134.863082555465
-33.153238932292
-174.973685656791
-131.283467346456
-31.942883071789
-152.299693362193
-203.311430431548
-38.060064935065
4.15747774903
-174.252602757486
-91.750450937951
-22.144849020337
-158.044282106782
-181.535683636025
-181.997474747475
-36.520763578869
11.912906971501
-22.46454852656
-170.64917027417
-191.754140878653
-191.414161847267
-83.122773493867
-34.235299422799
-159.490159336107
-81.349927849928
-162.09270262615
-5.909090909091
-131.03834240846
145.544171486066
14.240960807855
-177.01652476213
-210.242396058802
-42.870969742063
-36.696240445752
-170.549221991117
-184.816308311914
231.107220362103
-26.59270262615
-39.875889193272
102.824675324675
-100.581189264295
-87.4593049637
-145.118403623286
-199.218975468975
-132.890713073819
-164.5691943148
-24.579467949585
-198.251623376623
-27.283201715819
-190.590716033099
-121.384642321654
1.193083880096
-41.560897056503
-168.084866522367
97.162760416667
-175.494227994228
-38.550041429924
-37.61812531002
-37.838175279582
-65.552751989764
-146.71654040404
-101.575945701434
-181.639007260101
-153.475489408595
-31.741514616026
-156.704906204906
-153.769758832747
-154.763445701434
-158.629058441558
43.506583694084
-29.800533234127
-158.374438441333
17.577721269616
-76.861368991252
-179.166604662698
-190.422778989674
-165.794081298476
-181.189205813718
-82.582451890557
-80.274010332116
-194.67288961039
-30.30133963801
-195.387793955177
14.205447330447
108.938943001443
-172.1709879205
-38.567759063853
-165.545905483406
140.858302613185
-32.848284040179
-163.151327025839
-159.213646650658
-39.787239724251
-86.890795510913
13.898829956935
-28.759101196113
-148.828040449134
-28.567439884334
-95.063559351889
-34.96808134357
146.253148815161
-126.79330272592
-167.970980029086
-162.395632525027
-33.527154215142
-194.449512916554
-27.84603710092
-142.311064749053
-100.128427128427
-144.848124098124
-33.978532887468
-35.465999278499
-37.688048876037
-60.975927663916
-162.020915770428
-30.191926942415
-152.445719753337
-40.084137271149
-180.781475468975
76.893759018759
-198.451035889024
-42.203012265512
-96.585665528048
-85.789924918831
-153.942890822285
-191.957784457296
-194.268037518038
-164.936528369634
97.024440836941
-43.876324630231
9.648789090684
-149.783078412473
-193.868789738907
19.548881673882
92.319895382395
-35.529122841135
-87.277770027282
22.696310200216
-46.810814619408
-80.841810966811
55.776613089601
-74.741682308577
-30.24981962482
-144.068542568543
-30.07884438695
-26.884108946609
-105.502545685651
-136.790666852679
-159.702561327561
-33.140434760552
-194.299713795319
-168.322719381313
-26.358204675099
-189.113275613276
-170.47228422619
-99.458944213339
-32.628316507711
-90.652133782017
-36.165313852814
-39.9133170432
-134.368486060381
-12.73538961039
-92.880612063718
-34.118223248106
-37.006305380817
24.543663476281
139.748716940611
-105.990058931953
-151.627886002886
-145.741161616162
43.783750591856
-198.373905066288
106.892656334551
-117.9133170432
-44.001082251082
-45.412227041622
-46.153587000023
-116.678661616162
145.790105294012
-143.217962972358
-33.327844572962
-90.422500676407
-42.389159451659
21.816859654018
-38.569694574089
-37.128427128427
-148.761904761905
111.358864171852
82.845310315769
-160.101613230519
-94.176108180014
23.4740055409
-138.097670694106
-146.909521413916
-156.628697691198
-31.032537286932
-37.598214285714
-138.049976607594
-187.556658239764
-31.551770142835
136.586028744476
-37.87805862757
110.429493737599
-87.429014616026
-192.418740981241
-15.689664502165
105.988275613276
-36.599847878901
-153.706050459957
-178.172070171582
-36.918352047258
15.183011053617
-206.708325582837
-37.287788600289
-165.996725063131
12.896392425933
49.690143623737
-103.072142321654
-167.431026926632
-150.662329911842
-43.559351184839
-45.046987734488
-29.671626984127
-184.762778454185
-30.971408067844
-40.057429061824
-170.122585368191
11.473585252638
-27.692723129735
-185.453094702606
-38.647735023223
-185.74827868529
-80.089022902011
-29.870539941829
-29.624631499143
-176.446227763122
-152.755419005907
-157.397108642226
-162.818460131448
-29.926504864493
-157.480679422574
-38.161353349342
-100.798881673882
-180.32424481985
-168.646804963699
-27.426587301587
-143.154318717307
-142.735188802083
-92.720049969562
-138.432892682404
-76.338486708604
138.520652958153
-104.770853766459
-163.168029697082
-112.019771515377
-103.175865800866
-188.398288831394
-91.084838338745
-136.486742424242
-141.725378787879
-33.652118281025
-147.832501211896
-38.378767445662
22.414161847267
-97.425414862915
-81.670815295815
-168.889790764791
-181.0845882091
-150.703282828283
-185.321358816964
-158.35473597583
103.057006307495
24.263084951073
-160.298889424378
-46.714285714286
-170.505493692505
112.547598614493
-35.029213028725
-13.034820160308
-159.691177258072
13.020013894526
-83.545392541486
3.26424963925
4.153048340548
-39.232962295951
-34.415306102318
-191.543643043155
-146.494160705831
-36.043869569016
-200.209405367853
-176.758637575532
-110.085760647772
-148.897448959461
-30.523088023088
-113.524240028635
-36.256132756133
-89.938033375045
142.050904201051
-161.331501397908
-45.411554157648
-65.440079153702
-195.715347532242
27.739986711422
-36.733696479302
-77.568550319039
-35.94609600469
-39.921376854482
-183.192911255411
-155.022809709821
-28.790674603175
-83.884642321654
-147.873276219224
-94.452664197781
-125.058248500631
-45.044823232323
44.347132034632
-91.077901644796
131.562700808306
-166.992702555691
42.988528208987
-78.320719753337
10.855186913781
21.815483940972
-37.837128962617
12.643766769255
-37.59508590368
-178.132498252615
72.420524299919
-25.084075267181
-176.120428616522
-177.526515151515
-74.178591861697
6.991009424603
-137.470949379397
-34.117215683622
-34.88187468998
-68.540051040539
-183.595315600198
-32.737345553752
-35.909652467758
-154.822170505276
-28.589764835859
-162.743145743146
-36.571977447466
-189.649974211986
-40.625729251218
-32.575517662676
-31.222304659316
-98.527228901741
-110.316566192054
-184.137273262762
-164.596292162698
-95.839092656475
-34.422902293019
-107.892032771916
-152.84107678346
-164.87022005772
103.863064588406
-150.835760647772
9.475548946496
-160.802558931953
45.445616883117
-94.181998556999
-41.188935250947
-95.150502654897
104.351641414141
-151.674633824292
-35.293740981241
27.556083998467
-87.699755295703
139.405220593209
-90.816287878788
-0.099309219426
-99.14333626443
-89.777236652237
18.915682353671
-62.096771284271
-136.151973839962
-27.502886002886
-29.161603478986
-160.639971139971
-97.406295093795
-27.678383302895
-37.244776870265
-35.34154040404
-169.00208206507
-194.029671717172
-174.546536796537
-123.015844832251
-174.657397778003
-173.578914141414
-33.853174603175
-158.666653984037
-32.495199624594
-27.612361054744
133.647817460317
-177.205988455988
-23.847673160173
-46.070699320211
-120.461482148494
-34.805444934839
-89.418859352453
-39.543622610029
-131.443161385056
48.123106060606
-175.619060301678
109.680274776222
-154.557261369273
-32.051865614854
-28.471603591721
-205.889409581304
-145.294830982819
-156.88437950938
-195.241993737599
-205.409013404131
-28.541125541126
-174.213917213429
-40.612533679428
-175.743715052309
-95.477370665359
-160.657377344877
-47.028241398359
-103.667455455786
-195.706591585498
-72.411283594877
-178.598095562207
-231.517017270924
-170.716921587527
-91.878143883027
-36.353097098214
-66.851272913285
-175.461067144661
-36.334235209235
-144.918638111021
18.908348975244
-80.685698714263
25.919003793516
18.886606015512
-197.031475468975
96.190205627706
107.698855885868
23.047070171582
-177.945895196383
-208.28633784835
-45.144648212031
7.004218383613
-140.076741888754
-156.888097633703
-144.342442279942
-154.826581946699
-30.941135687229
-161.302239047844
-153.295663104257
-44.810064935065
-172.859405297394
-45.992792743281
-144.981073640986
-165.908098845599
-190.992777242289
-163.529671717172
-191.076200763212
5.402870431435
-159.179952426046
-62.288321975334
-192.86247167546
11.984495484984
-159.675054112554
-83.832529395518
-90.498750056367
-36.55094823796
-103.572539006133
-206.716380461986
-35.86840855542
-137.4347119352
-188.967163966676
-157.00497300009
-169.150334962347
-100.607052669553
-90.551767676768
-153.017316017316
-41.451298701299
13.601759785354
45.909972351867
-39.973484848485
-33.974657287157
-87.786345598846
-106.855679422574
-174.137417703824
-153.23184411075
-172.583165640783
-37.647997835498
-92.553841991342
-143.170877299784
-156.504050691062
-77.366501933396
-99.694506448413
-172.847242655348
-34.304042799648
-86.967470463564
-186.149891774892
-184.151597588609
-18.077180144075
-38.929465553977
-80.567107317596
-153.842432063379
-68.95480826682
-204.250479121573
-179.723755411255
-186.297549293155
-146.571526509515
-174.56432418493
-65.12309831011
15.746191688086
-96.555182122565
-40.569346506358
-34.631673881674
-170.739530489042
-36.305993810877
-79.446629379735
-194.34918591608
-118.297701484713
-111.960247705853
-91.810876623377
-157.191009565521
-178.947498139881
-27.42507454568
-168.460657777552
-158.018377835272
17.240509869904
-138.220225412608
-173.498819810832
-203.919199669688
-92.843684473079
-163.974755225244
-43.244408369408
-79.810327747339
-84.138888888889
-81.448781199269
-37.564033189033
-79.087662337662
-23.535956664863
-34.280565842578
-109.1537825239
-40.143045268534
-145.617722988817
-150.570047573954
-149.400182770788
-70.890409395292
-0.691455571338
-153.768127705628
4.001422568317
-30.757936507937
0.093163780664
-69.069444444444
-4.01373669733
-152.066295629284
-196.760922914976
-41.880230880231
16.11010108056
-180.394307894796
-156.301136363636
-194.989149305556
82.952221010326
-71.598193852588
-204.726079855474
44.039592352092
-97.507575757576
99.19019787721
-114.908451845464
-40.570305454095
-41.813590001578
143.137566724725
-28.526417213429
-194.068771912766
-33.018570893083
-194.24062049062
20.432650303256
-30.444882699766
-33.834784085272
-170.784742655348
-33.819637502255
-135.752025345531
-164.747371877255
-34.721791717397
109.886613766008
-8.707439207927
-34.409209280303
-86.221590909091
-172.941476004464
-203.416498974116
-37.480401109307
-27.155032467532
-185.438303937816
-198.138167388167
-173.14124151673
-197.393717800212
-45.100857909452
-166.558699438582
-178.562950937951
-27.633658008658
-132.284000721501
-88.302419423025
-157.209167920838
-183.58485877187
21.166145974251
-40.28736584596
-32.850719105114
-113.100371037383
-43.738198108315
-164.552579365079
-86.393849206349
-100.339215959821
-35.88752832454
-91.020562770563
-102.835026464421
-139.142073638167
-26.281295093795
-116.223505281611
-31.392607013212
-33.147559580177
-34.467352092352
-156.609024113907
-198.606429106917
-174.376270376759
-29.829365079365
18.662407416802
-30.352264976777
108.864636177624
-170.667540358947
-49.975128658234
-173.826868010462
200.804653679654
-84.947879323368
-39.6201171875
-192.753890749008
-34.216713028725
-193.711219336219
-195.506944444444
-172.051579551091
-155.254481195887
-140.635219381313
-121.651613089601
-40.367875180375
-24.432186682675
51.680645743146
-177.252061631944
-2.823443348102
-41.414800910895
-27.323134385146
18.60987666847
-176.576286018669
-165.507457386364
24.400102799761
-74.008838383838
-37.987907112419
-64.645189337572
2.855048109443
166.367612368101
-55.696871758883
11.597232438785
99.081980519481
-34.052321484939
-173.111188616071
-189.178591861697
-28.453746448864
-41.298889424378
-35.618145743146
19.085698643804
-106.807892682404
-157.508325441919
-86.073051948052
-26.631596376714
-131.272095959596
-193.364919423025
-147.523891960904
-192.349116161616
113.937430245536
25.586206653589
17.88742545432
-85.457459641053
-159.451195831079
-41.178481240981
46.649633894751
-32.10099741838
-42.037615975604
-152.61542743281
-40.899912208018
-31.08953584393
-108.190303565792
-18.249639249639
-37.922049738456
-79.280303030303
-87.045093795094
-194.286525974026
-172.276597588609
-166.131014384921
-161.962752525253
-140.763999509605
-92.219168526786
-25.267704951299
-143.985131730249
-36.941550691062
-179.969343969832
-28.801386493281
-177.986479611968
-31.061245124233
-182.436430431548
-31.653130777642
13.508207070707
-155.891143578644
-39.399981962482
-146.902326839827
12.301759926272
13.011363636364
-38.587752525253
-151.20827168166
27.972420564462
105.384451729911
-151.451401571519
-183.216803216315
114.975759971365
-155.361201298701
115.950409508027
-173.977994227994
-41.204988642
-177.97095959596
-193.442640692641
-37.930797934704
-177.092893217893
-151.969508844021
-79.926136363636
10.973575036075
-186.203401199495
-183.857385236292
-120.444784761679
9.070348786413
-185.199585137085
-29.54816017316
86.799144486156
-193.139241888754
-84.418230505389
-76.74809831011
-154.102703232098
-51.991432178932
-196.746675741793
-157.231872294372
-95.173049552444
-172.552190431097
-136.811299377706
-34.079604992447
-67.450206233654
19.184613997114
157.247763277304
-51.235758111246
-196.283972537879
-152.150272958378
-34.556637806638
-185.129246567235
-185.897464460453
-34.69445219494
-186.455107013212
-177.380230880231
-159.29816017316
48.601453288465
-167.739066868461
-161.533297187838
-169.491349741838
-56.479437229437
-151.350468975469
-204.958616578734
-183.013979076479
107.524520807968
-41.954172021555
-134.436778499278
-11.66323953824
-162.740592306999
-133.39717839669
-166.730228484623
-82.105818226912
-176.975358354753
-80.700945701434
-184.124549062049
-163.06918163217
-181.026154401154
79.296925730519
-3.881034818047
-158.27876984127
-82.537497604392
-170.608413233902
-35.122745310245
-96.225378787879
-181.935245310245
-196.113365800866
-32.495560374955
-31.842442279942
131.962925149937
-56.189955498061
-30.265852582747
-200.543400664006
-36.106712352318
-28.765970953959
-37.972049597538
-165.014512451524
-199.278589466089
-183.558080808081
-127.871835683847
-30.855351787969
-205.126873506268
-152.870823187229
-34.906746031746
-141.856491110886
-92.169380044868
18.543599006245
-42.693653189259
-190.316280128292
-28.37091337482
-197.52637317652
-172.90856246618
5.295454545455
-28.349497345103
-135.149531024531
-37.663670043065
-44.945616883117
-33.797869177264
-101.303202927715
-167.496194154153
-168.879169062274
-134.93272005772
-199.516233766234
-197.22314453125
-109.88474025974
-139.967962972358
-196.240813548431
-200.011093073593
111.759570101123
40.418101917614
-34.796376854482
-69.499930245536
90.359675860164
6.462925149937
-201.859766047754
-173.289120981016
-193.883936321925
116.981511544012
-32.893107272502
-127.102981545364
-74.333874458874
-32.389708327697
-32.704906204906
-34.519091585498
-35.127435064935
-31.277617835723
-199.473665223665
-168.10778192077
-96.813053808171
-174.359647676542
-14.796967301362
-89.606581298476
11.507763883252
-159.986000490395
-32.376976376488
-139.292014734398
-145.089123306164
-142.794795048701
-186.300324675325
-79.716708096591
-103.530733535128
101.498366406814
-158.870011498918
-30.559343434343
-39.739927173521
-194.190316248422
-179.998203998692
-90.586149581755
-116.393828773223
-93.624438441333
-162.300234487734
-75.184425871438
-39.215450402462
20.604096912202
-199.598935786436
18.823234789299
-77.060876623377
-85.491153865666
-155.292769350875
-177.568202251308
41.596570475965
-206.312610620716
-71.864185239674
-26.931527185922
-33.027223969607
139.385642135642
-141.554202741703
-147.640159265648
-105.453463203463
-168.637265512266
-168.071691383703
-199.635392005998
-177.775149655032
-150.270132265738
-179.360688356782
203.302301051813
-29.276074430127
165.097312409812
113.968897964015
154.731949799333
-193.986111111111
-26.20202020202
32.294921170409
-41.255702251308
-120.494678932179
-90.45479558419
-25.057910649463
19.264311643218
-151.501976376488
-28.446518759019
-167.77798633658
159.069635036188
-81.751533189033
-31.649190707296
-27.456532047597
-152.873729623241
49.700098079004
-35.809461805556
-39.002983940972
11.366251803752
3.237742238231
-146.795003607504
-35.92966143015
-5.880153375271
-58.777326839827
-172.592274587392
-170.682782061688
-140.395042078148
126.149608529491
-88.189734256629
-105.112365986878
-35.370761183261
-87.389971139971
7.36465661075
12.156106968119
-179.783882350289
42.939942815431
-200.764159451659
138.323425381043
106.109848484848
-198.55016473327
70.386203694309
-80.313311688312
-40.130944630456
-138.611562049062
-92.361639554022
-36.946859076254
-31.43940168989
-164.968602035985
-157.593988151605
-184.912706163194
-29.580357142857
-41.358024299919
-198.4347119352
-88.893377835272
-151.409472092578
-90.206078643579
100.424239958176
-206.92288961039
-86.542200041712
-175.743769305781
-168.215367965368
-166.694382440476
-77.383407879013
-171.145042078148
-181.465700532107
-167.831898082386
-32.64440301452
-34.913870851371
-30.691135687229
2.366542799648
-39.333964646465
-185.109577922078
-180.193452380952
-15.212190966585
44.688669972606
-161.05015205064
-168.789605034722
-71.636716636228
-39.6376058295
-28.516073824179
-33.628455312049
13.158750591856
8.093065842578
111.46254396645
-164.587051457657
-157.46844209393
-2.069882699766
-93.338125958243
-158.065849623467
107.879321253833
-145.998487244093
-127.85073953824
-32.919802799197
-96.351128472222
-37.848497531115
13.998183565566
104.771294487847
-34.154761904762
-40.759497880592
-5.595668600063
-177.903048340548
-29.313602684208
-35.775515337527
-97.624098124098
-31.607621978716
-29.833526391144
-36.622564935065
-34.51270869972
-177.395299958288
-118.584145021645
-154.475719105114
-202.325659637671
-31.105088975694
-195.553370620265
-178.536193407287
-37.387889074901
-41.044470232459
-41.39629202178
-107.555916305916
-30.187963620581
-177.088383838384
-35.634046942641
-183.01661494972
-91.702991832386
-30.33579658189
-194.887626262626
-37.322773634785
14.198324976889
-250.163968789457
-36.036366031972
-166.500824370942
-177.488386233992
-186.84623015873
-35.182186682675
-33.034894846907
-54.043921356421
18.000631313131
-138.902417027417
-168.065746753247
-189.359577922078
-98.490981240981
-97.42019173318
-48.179104803617
13.246572871573
-19.980519480519
-72.671106291712
-86.032287157287
-141.197157822646
-28.287989408595
-58.420995670996
-28.26902958153
-35.628274936869
46.226924659542
-161.091803216315
-37.750458688447
-148.633297258297
-165.326368455763
-79.351383534001
-73.826950447556
40.260752756358
106.604187099793
-144.951396639385
-26.377064098011
-124.465630777642
-33.531637877097
-147.620871803977
-147.118867243867
-195.903867779356
-171.294532236427
-36.243666435561
-193.95670995671
-85.349358540765
-30.427857678346
-177.283758342352
-165.145743145743
-197.608163104257
-139.93137746043
-92.003136132531
-104.620420866026
-77.114185239674
-117.085124402507
-200.730171412789
-34.122564935065
-155.707542078148
-81.506042568543
-164.956882581394
-25.052960548566
-171.564033189033
18.805125050731
-166.069722757711
-26.146745425798
92.087219150207
-169.242243867244
-180.743609363727
-171.820784575667
-25.942107317596
2.939012755907
-143.102092352092
-177.696941513348
-192.569923566017
-32.882215007215
-182.118145743146
-35.485036610525
-184.268210142722
-189.665847227859
-167.72878548318
-124.466880721275
-0.378579319986
105.401775497723
-156.589986781881
-68.140963203463
-162.984217171717
-96.890692640693
-33.992236116748
-166.619408369408
-28.250352999865
-47.668130101236
-165.318091630592
-93.116239121122
-121.385974702381
-34.73374580064
-27.731421356421
-105.637474071068
-39.030052900658
-35.994699365305
-169.564514776673
-94.764811197917
-185.465568773674
140.805282526718
-151.418921356421
-31.135191197691
-190.652236652237
-153.885289135777
-25.518918960813
-35.599123912112
-54.695346320346
-32.036678165584
-31.279408904897
-27.772193897682
-155.54407354798
-106.804563492064
-186.520632525027
102.865189985795
-150.921626984127
7.715437719832
-158.577200577201
-37.47522659632
-176.139811197917
-168.468712656701
-38.524440836941
-145.622585368191
-31.460981889205
-77.933080808081
2.80093555533
-38.956730389836
-166.601739352228
10.18279756268
-94.465921773539
24.283912999977
-147.796335988231
-169.454878021284
-185.745954241071
-26.292207792208
-167.96427796379
-156.182006307495
-124.246454500361
-183.987463924964
-38.250610880005
-187.848374227769
-160.556006493506
-173.600669783775
-206.104527417027
-112.634039192145
-95.068833564439
-152.682088744589
-1.162760416667
-28.325925268308
-211.541909045815
11.769142668313
-37.258026695527
-20.449564703959
-176.757034632035
-60.848644790539
-72.308073057585
53.648260647772
-199.248925499414
-92.347402597403
-198.612020737509
0.125270562771
-188.913038729933
-29.889597706981
-39.892578829591
-27.852543290043
-143.419011544012
-162.996655308667
-137.040702786797
-148.440295815296
-177.006673881674
-171.837198717082
-32.669372294372
-150.380681818182
-158.456238585633
-162.587904716811
102.847611156205
-35.447260692866
-38.826110575622
72.867166362284
-33.605810476416
8.619428802534
105.933163245175
140.0233406188
18.765331890332
-159.102551040539
-37.802030489042
-173.542228225334
-165.180797934704
-154.703290578779
-32.565004819399
42.047168109668
-31.433428875812
-192.213056556074
-92.555264559659
-150.305194805195
14.738819204884
-164.124157661999
-37.438479380862
-152.344967532468
-148.126422568317
-143.965298210904
19.754426942415
-68.109598355204
-196.230088975694
-180.9761002886
45.54615561305
-43.665646419553
-33.306990806503
-114.407467532468
-42.018197460092
-29.157627474522
16.679303145856
-42.927489177489
-41.141865079365
-118.909874413781
-160.803661616162
1.614968744363
-134.973304473304
-197.89142189191
-122.410505726912
-170.899072336084
-16.698863636364
-184.827831890332
-52.017926897321
-156.844336219336
-198.409619352002
-141.030635597042
-86.852300910895
-150.619325932314
-186.268578643579
-33.148531210543
-112.510830261319
-99.814151560245
-84.234500417118
-161.396256087662
-26.445879695391
-171.805568238185
143.216200086806
-25.999020619138
-168.069444444444
-93.584054834055
-86.045377040494
7.554202741703
-143.334977143083
-86.134719826614
17.957361702967
-177.160456405574
-194.615378111472
-89.043949540043
-189.441468253968
-203.664071659677
-146.30381380772
-49.738798771758
-39.546905297394
-34.871670809659
-85.622085813492
-111.280233275839
-192.333603896104
11.376533189033
3.279942279942
-37.926288555195
-109.734487734488
-200.490793115305
-89.856088789683
-167.322593259605
-153.803190245085
-101.022817460317
-175.395189337572
-162.243686868687
-95.736090677985
-39.708575712482
-186.804274962234
-84.788572104978
-107.654463158369
-139.060884373873
9.764540635146
-127.281204906205
-32.970861657873
-40.19618619228
4.944637502255
-34.165383607278
-193.353264790765
-153.375623562635
-181.575196017091
-32.423603360615
-151.154852092352
-31.529589280078
-159.410894660895
-8.092983405483
-99.828561141549
-112.689386188898
-112.905594026199
-116.791396103896
11.322789135777
-98.662149536661
-27.059825021983
-189.830009075126
-88.594529277146
-36.106331168831
-87.339306147412
-174.05015205064
-153.687041311553
-36.300324675325
-89.635101010101
-37.11822818024
-37.042027417027
2.002537935155
-168.236368991252
-146.346500721501
13.570534446023
3.150394500248
-148.902875715864
-34.246204370716
-153.422869177264
-192.930673926768
-146.0
9.846979843074
-94.783199249752
-181.039051226551
-149.260572381178
-39.391692454681
-31.846681096681
-163.949675324675
-89.092983405483
-36.50199187748
-25.011072640467
-131.277888398494
-137.80990499301
-187.725368571316
3.876922123016
-171.112824675325
-152.343893031881
-118.203671762266
-45.170343924738
-167.749286249774
-38.427751989764
-160.282619371731
-131.89439033189
11.989259926272
-24.465468369521
-163.755779756268
-177.366592120987
-182.310683565566
-101.698232323232
-166.041937229437
123.105426826862
-202.219524345013
-201.750901875902
-158.565919377931
-39.233575642023
6.248466810967
-158.874647000135
-93.640069078057
-87.861111111111
-33.805575988681
-165.28947398088
-162.001463434569
-112.829565887671
-42.221959409948
-34.241911300505
-160.719967532468
-153.83876502187
-193.761716636228
-88.510289135777
21.393045268534
41.300783363772
-34.531746031746
-32.288878601867
-39.830517084912
-187.494068052174
-184.028839595734
-131.24256621742
-48.221979843074
-29.811798932404
-108.297807173295
-172.398178210678
-197.991612554113
-82.709784085272
192.32484794936
-37.840265095148
-121.2904117909
27.415223665224
-41.506653448548
-62.706230835137
-30.193660939755
-175.750979380862
20.296085858586
-160.473013477408
-36.861541615936
-26.527937719832
-85.966532653544
-137.089478772096
8.78698712854
-178.025974025974
-95.863816738817
-60.014167202155
-31.147186147186
135.875270562771
-155.124847808442
-72.013229392136
-35.448142135642
-193.24722461783
-206.376996809614
-191.774569777011
15.674963924964
-182.350468975469
-36.28085190634
-107.110572451637
54.313922568317
-33.694346506358
-29.354457662563
-169.331599335994
-159.706171297236
-188.187069495175
135.222590723079
-78.004939884334
-188.739288109894
-194.52895021645
-94.260933131539
-173.411353349342
-150.191009565521
-38.984730113636
-64.29338023088
-163.336482148494
-187.932990620491
-104.254058441558
-191.915842295725
-177.817640692641
-162.745490620491
-32.917290229302
-52.015602453102
-24.893648398043
-172.183740304834
-31.687492249504
-154.128627936733
-35.294795048701
-88.399731832837
-169.576118326118
-192.997204184704
-130.136441141324
-144.401906551565
-143.227543290043
-81.254341686959
-202.469348901966
138.375273028838
-164.543921356421
-137.220766538149
-96.442079133974
-93.965798470193
-30.622552252435
-164.576051037721
-163.676927618822
-199.526334776335
-34.370580808081
-87.838474025974
-178.684954314349
-91.274974211986
-29.432359307359
-154.52617483428
-94.412698412698
18.719859377818
-180.400272958378
25.570238165697
-63.379058441558
-171.277937719832
-160.294815481827
-145.328991646374
-29.31527538217
-194.019460086355
-139.54146585836
-158.361180865575
-147.015171948277
-152.183093490711
-118.785894660895
-108.619137806638
-65.074863450352
-122.760830261319
-166.427476494859
-38.335685961174
-157.611824861337
-85.573683261183
-36.281184473079
20.629128196023
-195.679625496032
110.558351370851
46.734126984127
36.412961224973
-45.693694760101
-98.963814343209
-45.168921356421
-194.03363997114
-34.911546407152
-145.997766095666
-90.928909279739
-193.728354978355
-180.084054834055
-149.621560188943
-187.460928340323
-42.830557951163
141.341207837302
-97.243748872655
-12.610922985435
-157.691287878788
-104.784985034497
12.770915770427
-144.343697155709
-27.610722177128
73.763801167366
99.017316017316
-100.12691437252
-97.526715959821
-85.961391960904
-84.321420820933
115.561938441333
-41.282176536571
-177.387814388303
-126.942480750586
-181.153409090909
19.20689033189
15.680284992785
-49.063602684208
-4.134317505411
7.644923706935
-163.751893939394
-159.083165640783
-162.097070030664
-83.369145557134
88.943292438898
-117.531586089692
-91.588757271374
-205.76450751939
-26.477793419688
-41.399621212121
-150.314726506133
-107.864558672664
-154.512064703959
21.661799002863
-193.07302376443
-174.41830272592
-35.495248241342
-29.043207606196
-36.883207070707
-154.027396594291
-28.596397851281
-170.452831890332
-194.299582741477
-35.618895427489
109.795827978445
-152.409479843074
-207.547619047619
-32.232220362103
-104.679452871347
-108.938201067596
-83.834964460453
-33.101739352228
-71.430104617605
24.353736161842
-160.067197505186
-30.727793419688
-179.736750174738
-163.330197200803
-176.982413419913
-107.465265095148
-151.529581529582
108.489708398156
-90.620650562545
-72.388430200442
-28.712572150072
140.675587487599
-144.405483405483
-125.339257530664
-25.631583694084
-43.145392611945
-33.564963248557
-186.630230880231
-27.497786176497
-179.148178210678
139.89078529435
-177.077388702877
-36.546647417253
-1.053759554248
-149.358196924603
-129.609299608811
-175.639131268038
-106.511170578553
-31.422320301227
-164.664875597493
-31.441287878788
-25.783098845599
-129.180555555556
16.588543780438
-161.51090248185
-31.167089420996
-175.275072150072
139.269853952471
-67.553911745806
31.416506724612
-168.771271588654
-135.878705441694
-82.939373506268
123.603246823706
40.134039192145
72.1056998557
-27.997093563988
44.606975164592
-183.287059349071
-32.180207487825
-68.176484431367
-86.633838383838
-59.685036751443
-37.327569078057
-36.446990130096
-28.111464110976
-159.622364126759
-186.600448542343
-144.046704489087
-156.484335542929
-34.337404457522
36.78507275602
8.631413535466
-113.498827561328
-126.407627474522
-156.371044428662
101.47774409835
-196.888826884921
-174.194083694084
-48.577450706845
-146.084387400794
-87.220045037428
-163.203004515016
-164.942022062139
140.167040099657
-95.065574128562
-168.120031932044
-192.82884438695
16.424721545815
-27.706640202246
80.109828051723
-32.537698412698
-202.468163780664
-76.747735093682
-44.758900387807
-38.026236838249
-138.697711630817
88.484938672439
-35.551239233856
102.281295093795
-26.658291903409
-130.684776405235
-45.250007750496
-35.619227994228
-40.48566017316
-73.986992553887
-175.743292650275
-192.499729437229
-26.974845412834
-27.237734487734
-196.75199187748
24.228968324427
-178.547175860164
-1.574757761769
116.037590258049
-232.84728422619
-34.139512451524
-43.075667388167
-98.806617373512
-32.097943722944
-33.238455988456
-49.497855930961
-1.901146650658
103.036976911977
-72.758178887085
4.060626493732
-170.652154215142
-177.007673695662
42.772845643939
-33.138450633568
108.076922263934
-39.361479611968
33.655400968389
-137.706647952742
-190.035435972448
-29.054125236742
-78.9329004329
-33.308601500496
100.767032771916
17.870420866026
-28.939997068903
-154.735930735931
-191.51767430161
-195.763708513709
-192.256431502525
-41.408472278589
59.084608642226
-31.305633060516
-29.739107734713
-44.436425499414
49.050927804834
-206.743756623151
8.930187054699
-160.02789614899
-165.147103710092
54.572608760597
21.445318136724
-64.731491110886
-186.713285900298
-167.357225294237
-103.307982869995
-126.217081529582
-105.161332916216
-152.135822510823
-97.414432410038
-113.512646695752
-45.747933435922
-32.491251803752
-179.66323953824
-145.996503117109
-39.722209539592
13.897706839601
-167.615079365079
-135.696719567325
-51.916834359217
-137.064852627841
-18.93549543989
109.290223665224
-80.082784457296
-161.570276565882
-156.455148584055
-157.062958688447
-167.511453823954
55.20011851213
-159.126404601258
-27.632034632035
-201.875901875902
-32.038149350649
-27.926574618957
-165.461389494837
13.107786852904
-188.888077200577
44.4767936057
-164.895943954049
-150.197879323368
-108.829455266955
-2.409201529807
-167.294331075825
-44.970405787789
-147.934626679744
-77.343284617943
-90.269488269977
28.372634689529
-25.777597402597
-95.810165339218
-31.613185425685
-52.348062094156
-36.426156796762
-34.868859493371
9.632044848598
18.772116392722
10.451566798002
-160.738894243777
-59.274440836941
-144.940574128562
-137.246913188808
-38.134838197826
-156.375340317235
144.643006868349
-27.188590001578
5.833214962121
-54.261072640467
-49.285423289818
-142.742514430014
-199.559884559885
-159.492707487825
-178.157820532332
106.017839175798
-174.256764069264
-38.412608225108
-32.845689033189
7.264350043403
2.829475700081
-161.462219150207
-45.254148629149
-148.651494718389
-179.87996031746
107.516164011769
-32.680452685335
-98.054591675685
-38.013865989696
-158.209789017406
-212.988172743056
-159.815934878923
-31.994686682675
-200.741161616162
-145.952839640828
-131.892947330447
-155.281996161391
14.504800375406
-37.78955078125
-115.291125541126
48.355630101236
-42.601399034993
-147.039231601732
-31.328983895878
-175.285271098259
-116.320075757576
-162.045634920635
-41.683163245175
-166.282176536571
-150.091568587662
-145.428591861697
-32.388876206259
-42.279310966811
-126.905934343434
-176.955537518038
-190.239365614854
-106.279478659361
-158.635835193452
-182.420995670996
-71.585026464421
-165.246474933487
-94.997023809524
-200.275785900298
-36.298492739899
-89.194333823728
-163.593444559997
-39.208673650568
-30.295835728941
-196.61896764802
-166.981851861246
-99.946727317821
111.499438441333
-148.157134965729
-189.690448006854
12.531014314462
-208.965741398359
-40.561265557359
10.519129985683
-194.758387445887
10.385273634785
-185.598595469201
-181.687667692551
-77.475448542343
20.386724386724
-156.154248962843
109.193341760236
-39.819111877706
-166.336569870017
-184.406467718479
-33.467199900794
105.106949799333
-136.829565887671
-21.769480519481
-156.179092120987
-136.866854933261
-150.537528254081
107.514638573232
-38.973866031972
-194.001512755907
-37.250631313131
-190.548992294598
3.956441860006
-153.527965903454
-131.886100824089
-93.353424732819
-143.529499092487
-136.235922985435
-152.075286204681
-95.73576304338
-31.154769655258
-76.3511002886
-115.2116829568
-80.479326608721
-53.183199179293
-168.997113997114
-14.071797072285
-35.974087977994
-35.595967346456
-193.566468253968
-44.362180679563
-96.7566943148
5.291416537022
-29.368428988546
-102.035964415359
-179.484237604843
-152.716831399937
-154.23566017316
-151.639880952381
-147.338030838519
-94.987997300009
-182.798007981602
106.363012801001
-177.033712191671
-174.587662337662
11.590089652101
-35.894743331755
-134.77886002886
-155.928218428707
-221.718524531024
-39.492875180375
6.032467532468
9.795995670996
-176.145369712752
-204.987734487734
-83.062870966924
-185.236922799423
-24.012285945391
-204.306477864583
-169.720238095238
-101.422368917974
-83.900350463339
-148.25161316006
-29.173041801948
-189.457353952471
-90.725912162924
-36.122655122655
61.463945397051
-188.552857678346
-197.339466089466
23.49990981241
-140.425873551362
-81.409894846907
-161.186979307585
-197.067300375406
-73.921925730519
-128.109016363411
28.140051110998
-26.192480750586
-28.976440605835
-45.195596449991
128.654651284046
-155.982946794959
-165.134191383703
-97.861479611968
-172.281475468975
-192.515860333243
-32.958070521059
-193.270464832477
76.696691383703
-85.77713871415
-87.374647000135
-31.624541311553
-176.662788600289
-35.246851184839
-134.484495484984
-38.256611877706
116.849386724387
-149.683037123467
-191.975489408595
-55.980589234984
40.236652236652
-101.141123145518
4.451208513709
-193.713551530934
-201.290396289908
-103.955204951299
-109.042769350875
-191.149989712978
-36.570173695662
-39.386183261183
-180.461768212256
-4.841109899215
-148.66245603355
-142.885018573007
-189.696949263844
-76.252808497926
13.082972582973
2.381493506494
-78.031295093795
-8.353986291486
-92.082000952606
-159.005862193362
-28.249278499278
-159.871114183126
-196.912976725965
-138.581197014791
104.847222222222
-203.106351601957
12.007485569986
-165.562700808306
-173.672188542794
-81.169565352183
-30.439832194715
-78.004697505186
-183.990538053526
-53.282196969697
65.766504329004
-188.753254503743
-32.124669899328
-133.880161125767
-195.653589466089
-85.989267676768
-122.126713564214
-89.476940160534
-163.091720779221
-49.78058134357
-194.673611111111
-123.069243636138
-43.154483591495
113.907196969697
-35.098152281746
-40.744761369273
-149.008469882982
46.324283924626
-61.519751082251
-81.739607994003
-196.420093795094
-102.792450171356
-159.653138528139
-31.110221917839
-191.098505281611
-110.236554298566
-152.847923289818
-146.60579004329
-27.249631499143
-89.709137271149
-151.191669062274
-89.759289321789
-160.738976680871
-97.089556277056
-169.846480288375
-109.504669321564
-183.82683982684
-147.582722453328
-39.692792884199
111.466548154536
-173.970147907648
-121.512092887581
-16.3596061057
38.602801170184
-116.497384559885
-33.86265205064
-35.38924963925
-177.537407416802
-21.918650793651
-37.407369594381
-38.592532467532
-61.302919682314
-159.682011239628
-26.450667388167
42.535624098124
-32.988927359533
-157.09623015873
-30.285173160173
-185.012327516234
-169.189746939259
-174.138257575758
-185.578561141549
32.459603710092
-91.688922568317
-173.052391239403
-36.856047923431
-68.94705988456
-87.87996031746
-165.465728715729
-188.890713073819
-173.931748427354
-194.267787388393
-33.11038961039
-31.705524835408
-169.809343434343
-28.428293115305
-186.552919682314
60.130854442866
-140.146284271284
-36.605900664006
-103.098116347628
-150.828270145653
-56.08467839669
-183.646657704275
-180.85292447353
-160.88455988456
-163.661587977994
-149.864891239403
52.755960131448
-179.927411672529
-102.453816203328
-164.223464415359
47.694915815521
-203.290945165945
-35.075138945256
-163.31737012987
-34.136912512401
-122.05102574292
137.710227272727
11.495217591653
-94.207251082251
-38.503143883027
-26.627695411143
-154.622675555781
-30.319805194805
-112.152499464511
116.282655658144
-183.230509263957
-36.725010287022
-140.231601731602
-169.072219826614
-40.094155844156
-165.608287112193
-32.956099076705
-168.082361702967
-152.848685656791
-97.366189799784
-104.331599335994
20.02008364899
-143.762355699856
-16.645021645022
-29.384170950577
-99.161714099702
-128.18932418493
-56.603924287518
-91.923889424378
-158.361299236788
-204.188303937816
-182.767759204771
-160.349755225244
45.526076896194
-35.615280173386
-184.127628122745
17.541138223755
-143.733134920635
-76.706106827201
-33.473853349342
-192.419282106782
-40.941037749143
-21.963453592848
103.65702681108
-99.404741471636
-84.42488148787
107.758467416915
-159.853805916306
6.928220894774
-188.964187776199
-161.546995484984
-28.639548385642
-40.532447099342
-38.224476911977
-164.833493275388
-140.458243145743
-114.625471371077
77.11813799265
-149.011613766008
-191.624840057946
-27.046807359307
-159.906204906205
-38.529478659361
-33.192169321564
-178.166035353535
-34.275523088023
-149.644911024306
93.777667157062
-153.754419191919
-187.815386002886
-106.574203953598
-150.630710001804
-103.825396825397
-120.424685611697
16.421343738727
-29.768217893218
-183.892418887536
8.767937113884
-98.877504819399
-170.768328513934
-83.353342295725
-191.518558210453
-155.968094026199
-89.608405483405
16.181998556999
-123.77216571406
-191.099469161481
-31.835497835498
-28.612656982774
-177.357343665449
12.825399291464
-34.792839105339
-24.322621443227
133.77694565634
-23.297799422799
136.243506493506
-72.553321298927
-173.931527185922
-18.442779496979
-37.87002699991
-118.234335542929
-99.366058745942
-95.043728298611
-57.308191428797
-116.800394429789
-122.522346089241
18.897433810764
-168.977445351957
-144.478653724748
-177.468614718615
-134.532016594517
-37.789329539818
128.431204835746
-156.219975282964
-177.997572685561
-163.230346855835
178.840996812432
-24.243235930736
-93.089586926745
-109.15081408392
-195.224587532693
-180.175352858947
-179.89898989899
-192.831537332026
13.496121933622
-110.264708327697
-181.088654401154
-101.708501025884
-39.629509379509
27.215470835588
-177.850309033414
-175.135830261319
-26.586198903093
-176.363123421717
-1.081720173273
-110.598116347628
-45.446608946609
-171.00792875744
-156.616141183036
-181.157918470418
-91.366251803752
-9.038242004306
-35.272657518263
-148.997356376263
-42.016401458784
-38.056395427489
-191.323490203373
13.668838919327
-93.8768115023
156.835755715639
-152.796807359307
-86.718421660804
-185.066746567235
110.117957617469
-30.025953592848
-27.426149046266
-177.481253663871
-27.164411976912
-0.543622610029
-139.848304473304
1.320957200352
-166.941718383613
-97.358232858721
-151.126533189033
-144.504759509154
-175.239919423025
-35.366522366522
-35.136634199134
10.731982915088
-27.124556812545
-164.323495135507
55.338736838249
-18.370031932044
-71.303581645134
91.68388227983
8.432387490981
-28.322510822511
-2.054001933396
-38.895652958153
-143.306166435561
13.339466089466
-106.32682714421
-152.496683492289
-197.507575757576
-160.85004622114
-43.412407416802
100.588842526831
-165.64124151673
-39.195153262536
-174.376332380727
-31.655782151876
43.549793766346
-199.464798656205
5.794359611742
-39.028852278364
12.34624284136
-115.943083880096
-204.177378556773
-36.176667272615
-27.361111111111
-187.530184659091
-34.142163825758
-160.305748613366
-133.174505236517
138.583722267316
103.101072104978
-198.994678932179
-41.809260997249
-154.74618393759
-156.42325036075
114.766934833829
-20.621565121077
-35.058614183126
-188.571227763122
-21.558163245175
-29.113125887784
-31.734668109668
14.76702502142
-27.37976725965
-38.719885095373
7.794544919057
-177.580176767677
-48.230146047529
-170.311770748782
135.723193852588
-177.342512034407
-40.98844823796
-179.844323536706
-152.004238816739
-203.950404575893
-77.088924963925
-182.364718614719
57.006671415607
23.654220779221
-171.239705932089
-190.602182539683
-202.076007705402
-166.10369529559
-153.755669135552
-134.7180940262
-30.974665037653
-198.442702696609
-97.544351861246
-32.643488455988
141.021918050482
105.624971816378
-148.346521154627
10.15298633658
-137.99808562748
-38.070707070707
-38.387007632125
-188.272719522231
-98.366813362419
135.964125772231
-161.715638528139
-166.216790533685
112.726620981016
-176.562507750496
-84.675324675325
-134.796897546898
-83.619137806638
-155.541957662563
7.687342524012
-169.681998556999
-157.584436017542
-48.499979566874
108.25877637987
111.074953637942
-202.822683447195
-58.409894846907
-169.109564887153
-199.544921170409
-95.296897546898
-47.616522366522
-156.193612323007
-26.075584951073
-197.352362914863
-37.97620315882
6.815754503743
-169.525683030078
-31.703432553774
118.159021154627
110.348587718705
-35.237907112419
-101.342743492402
-26.692620259515
-162.21845477656
-39.491264486382
-197.840978845373
-86.612907112419
-133.364455802444
-158.624930245536
-90.711149581755
11.420725108225
-124.226002350514
-189.562757880141
-36.998353724184
14.587281154176
-165.333503491951
-150.505042754554
-76.046557229663
-179.119137806638
-102.748909998422
-32.51730826682
-198.462752525253
14.567898572781
-6.94974507914
-201.675747429654
-91.798520923521
-152.252337126849
-192.620302494814
-94.824412512401
-87.279012220418
137.27112432923
-25.618596681097
-44.313319438808
-147.432421311328
-33.871101500496
-198.69045575735
-181.565373320256
-164.082439207928
-28.279769655258
-43.02293583153
-36.914592352092
-38.464543594426
-191.134490130096
-124.983044733045
-13.297160359172
-42.888999509605
-82.700819579726
-46.27417027417
115.015081760687
-96.501803751804
104.386613766008
-159.973284040179
11.518508889114
-35.297590863997
5.746993159835
16.068390376984
-165.322969510958
-26.915792974387
-189.5579004329
-26.455364893353
-71.106872294372
-191.027244402733
-87.300582555465
-198.022809709821
-45.152605153093
-154.03823953824
-37.845147907648
-197.228084415584
-31.866341991342
-93.356503793516
-160.31658662518
-184.037518037518
-46.348665223665
-36.592712842713
-1.690774936869
156.953852137446
-182.40576171875
-147.382132570121
-174.82892189191
134.913479451321
-172.067570938176
-181.11869708525
-119.45622836907
-28.382215007215
-194.560355930961
-209.271722526605
-96.658369408369
-74.433872063267
-89.809884559885
-205.071240445752
101.043851601957
-37.232681516617
3.405205092217
-63.827278082161
150.384026509515
-162.012994763483
-31.71463871415
-183.608663363546
-185.134920634921
-84.635544197556
-166.780365034271
-37.046717171717
-172.92611593051
-35.315669248286
-174.28172559862
-152.463924963925
-182.627587256493
-116.289419727408
-104.768496206484
24.049803982909
-147.375360750361
-167.424144486156
-162.712038775027
-87.286366031972
-43.765089511183
-86.243478309885
-45.046467042073
-35.536678165584
-194.026577155483
-161.020923520924
-147.031204906205
-87.824384328779
-150.197801818407
140.68671649531
-31.172425989809
8.806215052309
-0.047168109668
-157.585657777552
-103.965097402597
98.894841269841
-34.332890145878
-156.575216450216
-25.734946422935
15.343635151741
-41.196539192145
-153.679300679789
-196.213216145833
-152.376791069174
-182.109397546898
-143.323703694309
-72.664311572759
-163.233052483541
-41.40577440138
13.188582251082
-33.599414908009
-179.589937460543
-35.535471906566
-35.586206653589
-200.004058441558
-118.446518759019
-155.016336636454
-198.962113461625
-183.521755642361
-36.031106968119
-178.993063306052
-175.016594516595
-164.20374151673
-177.679473304473
-29.564754689755
-38.096938976822
109.185335497835
-189.784070475965
-75.184982497971
-32.605146047529
-64.101731601732
47.930264559659
-200.248487244093
-40.488796305691
92.051788109894
-78.710297027192
-204.569021690115
-176.816738816739
-30.074876132982
-198.423348298837
-103.114066868461
-154.65271577381
162.178754269819
109.536165223665
-28.193390376984
-226.62031024531
-46.898436090819
7.597665409677
-35.034173346185
-209.585485152868
-145.607712166306
-177.1829004329
-103.649510591405
4.499007936508
-202.196809754915
-84.577950261544
-184.860590418696
-156.196781571293
-162.898969465864
-106.566370315882
-99.370843620355
-30.713744588745
-88.533137245784
-127.10866829568
-28.261425640332
-37.15509975593
27.585399897412
-160.7261002886
-54.308802308802
94.814922382305
-37.621765929383
-155.643148138754
-149.774433086445
-171.906655844156
-161.060856190251
-184.199773262762
-164.750443187455
-144.872822815206
-32.7040120795
-40.780921660804
-33.562430245536
-95.71167027417
-96.402847532242
-197.222776030393
-33.372822815206
-10.501723780777
-155.223845598846
-190.332761558103
-26.545807545319
-47.668019480519
-35.004697505186
-192.157405528499
-28.23079004329
-33.622075596929
-72.336482148494
118.222665409677
-173.45185250947
-34.872462064845
23.479158916171
-36.832501211896
-203.531774215368
-52.346340779446
-165.007186823593
-34.436876437365
-192.256485755998
-33.632145252751
-175.54607810809
-1.247732627615
-183.555735930736
-37.096783966901
-37.100095542478
96.073134385146
-51.556970373377
-73.693382626488
-168.814025438537
-93.515524948142
-28.321075571564
-179.36840855542
3.028228715729
-106.864607994003
-96.635363822376
-187.915210982594
-179.271103896104
-104.510253201659
-178.311848253743
-30.503525066513
16.58935546875
-153.276113182607
-32.118769305781
-38.567542754554
-195.702388702877
-84.272817460317
-192.786644345238
-35.923520923521
-182.357531791126
25.95471807923
108.195895196383
-146.421508612915
-207.48347523787
-191.571140041599
-39.939677184794
-184.286546407152
-166.444166131178
-32.813201067596
-171.279511775117
-209.509732509244
-88.491730925325
-198.412129103535
-13.547681051587
-130.918032163149
-151.892045454545
45.726448356331
-193.425587487599
-32.988105454658
-193.601267981151
-98.259108946609
65.56717707206
-139.63935250947
-90.551780359398
-32.998479493597
-197.918929106917
-133.746482683983
-80.807068311463
-112.973111415494
-134.819071011454
-41.282385095373
-96.894921240868
9.270472582973
-206.926399175911
-31.295815295815
105.271616838023
-31.660291531385
-137.300685425685
-111.184864126759
-96.809433621934
-145.292568542569
-196.141311271194
-82.763528138528
-184.204267141279
-144.484327792433
-191.979527417027
-35.053481240981
-186.277084460678
-178.966999092487
-162.27293583153
-160.119408369408
-87.806006493506
-89.220967346456
-87.741084111201
-69.091380461986
-27.656315526921
-1.494137806638
-151.220786971275
-167.027770027282
-139.712149395743
-186.270861516955
-64.904122841135
-109.794031977137
-76.245199624594
-188.07883170432
-91.652667157062
-142.522186147186
-173.198134385146
-200.231351601957
-85.874937996032
-197.642316017316
115.901813897908
-155.614066868461
-152.739628427128
2.004419191919
-56.170627170139
109.461858399847
-30.030640881471
-92.25877637987
-86.979597171492
-108.156848901966
-185.056006493506
-155.287157287157
-171.664682539683
-148.525780968164
-190.994969928075
-92.525974025974
-130.90376984127
-92.799685611697
135.968614718615
-82.091200086806
-3.033008658009
-183.223317155934
69.854617604618
-109.715556091044
88.316906509289
-37.86135349026
84.423062235074
-148.483596075149
12.253509565521
44.74666552523
-35.763950892857
-119.84318421379
-153.022108642226
-73.307349090796
-174.986373923386
-70.45194269706
-156.945539378157
-163.066939625045
-202.234668109668
-179.720758787653
-41.599845412834
-180.253976004464
-35.997897501804
-120.133317691423
-92.873077876984
-32.453450520833
-152.583132525027
-192.504898313492
-178.041215728716
-199.610201484713
-27.310956594404
-140.009900201795
-35.575847763348
-176.999709004104
-193.735472047484
-25.740058931953
-151.93264255276
-26.403388657783
-48.736845294462
-31.962579900568
-1.369330864448
-179.445949449856
-89.981171226777
-194.172077922078
-157.880571197466
-187.582709770698
-170.195083508072
-172.993166176272
136.735732393691
-35.259477447466
-51.863074804969
-171.352362914863
-163.540684819738
-204.570263883252
-91.818091630592
-88.816197691198
-44.022755456349
-146.783737909226
93.816808571203
-144.201479076479
-36.880591630592
-36.326396639385
189.365550736156
-43.709784085272
-208.727009914998
-194.993486060381
-34.888450633568
77.129890562996
-101.346598659587
103.026785714286
-203.402249334867
-146.90873015873
-33.972923289818
-134.582459641053
-175.157475282964
-159.525863405258
-37.960137085137
1.985770793876
-167.059716867334
44.784910347899
89.756764069264
-86.528659220554
-33.943985755997
-98.139783014295
-50.140885698503
-121.24407580267
107.780666246731
-172.834075267181
-168.054022366522
-44.447871572872
-31.240702927715
-93.186507936508
-156.173360981466
-146.895410579004
-28.679681863276
-190.015233952246
-149.204184704185
-178.693985755997
-182.953713333108
-162.634039192145
-186.695547128653
-178.930645743146
-87.569366939484
-35.461301773313
-137.909279034767
-144.761265698277
-31.227244543651
-30.275621026109
-20.042929292929
7.897095959596
-169.979166666667
-29.870871803977
-55.089466089466
107.92784992785
-88.00305862757
-117.652576969472
-38.454184704185
-155.736082927489
-151.229006724612
-86.243526926632
-37.278326653815
-35.098193852588
-158.119307965255
105.946235513618
-38.208222712617
-177.19218975469
-158.56927181976
-152.582153144165
-33.267926897321
-168.258317691423
75.760531514926
-167.990509869904
-0.920176232188
-37.657545037428
-36.35838505028
-174.86516955267
-41.975819509267
-39.361492294598
-190.803772236878
-36.473124098124
-37.680658425776
-28.935696248196
-34.906405714511
-180.87020737509
8.004890562996
-93.084616392722
-79.4136002886
-29.500631313131
-129.880571197466
136.486680420274
-37.214486522592
-139.640893448999
-35.773871527778
-138.010802077697
-18.895833333333
-25.686868686869
-22.992272050866
-174.40482390873
-93.669472698525
21.303939929428
-189.46826171875
-90.067668876263
-91.368493810877
-136.583972396961
10.944547314664
-30.461211585723
19.097111601506
-190.492702555691
-30.539584601596
-163.529663966676
-25.975767721861
111.468153564101
-36.317107317596
-199.275252525252
-163.520583203689
-38.755952380952
-144.768599076705
-137.964576710182
139.040674603175
-187.044032329433
-191.03345959596
14.334804518398
-30.481531977137
109.412239724251
6.065393753382
-35.972570289953
-142.538169783775
-98.848727227633
-36.067091816604
110.133109132621
-159.049775799288
-149.358232858721
-179.884838197826
-85.368117559524
-130.007225223778
-1.89620183419
10.874528628923
-165.13926232188
-148.636085323097
107.735768327809
-49.020624774531
-73.371856116973
-180.840470835588
-93.859126984127
-174.325549016955
-173.893779451885
86.186126753021
-80.379939884334
-94.660652281746
-35.405233275839
-79.390151515152
-30.844266464872
115.151046246505
7.723845598846
-80.581807894796
-166.389798515287
-42.38828575938
-87.107475423882
-174.55024223823
107.726633663645
-114.054215424333
-39.688672438672
-169.638347763348
-94.981421356421
112.282560186125
-147.845588629036
-174.556978123873
100.611020923521
-151.592671624166
-161.44906444467
-156.364157056052
7.212211399711
11.305194805195
-27.534369222358
-86.133379695391
-71.236930549919
2.64440301452
-37.079803334686
-177.806727994228
-173.333152958153
-29.768887606534
12.03745603355
-147.23297497858
-178.999937996032
117.294580853175
-163.463355654762
2.968692223575
-159.380333750451
-156.666414070955
-166.917388167388
-93.913149350649
-40.5576171875
-36.922008167614
-188.896645021645
20.433289366883
-129.259670505276
-170.803050736156
-180.270562770563
-31.244949494949
-129.358786666892
-183.090716033099
-50.86622362013
-85.241071428571
-154.653416841405
-200.913870851371
21.186507936508
-198.418581039186
-185.708526391144
-82.830274705763
-31.73825518015
-41.830627705628
-4.924763116658
-121.393328513934
-82.963814343209
-146.956197014791
-40.828102453102
-168.130965063582
-31.523909927963
-193.472312409812
1.018140388258
139.051386493281
-99.910603664998
-73.7805940262
106.579993926429
-170.452751919305
-145.576548830943
-157.863455988456
-24.767586580087
145.452558861494
51.852994227994
-41.038608039096
-84.176697922303
-28.813020692415
-139.942890822285
-89.583083203689
-90.047801888866
-188.680132801227
-49.204553205041
-34.50287825239
41.198891819986
-75.447809568903
-153.951218730271
-161.87949669688
-183.349579782197
-45.922438672439
-30.942570938176
-184.68262987013
-30.736541615936
-172.325417258523
-156.636433390828
-173.032294907783
-31.930553089489
-61.107503607504
-35.047528860029
-189.325507446113
-149.572531255637
-33.151875901876
-154.099497345103
-93.877976190476
-166.689574314574
-155.897546897547
-92.175316924829
-51.4595882091
-38.929132987238
-147.628685008568
-30.313935250947
43.507866753472
-50.901978772096
-155.349935600424
-139.380849510732
-119.487193362193
-38.118867243867
-124.666326349432
10.679313362419
13.017065887671
-95.803960362554
-186.310134689529
-36.607310549693
-134.669462481962
-39.402429710047
-119.589708468615
-191.228638223755
-135.077089956484
-152.424139554022
-39.911144790539
-25.574425195031
-31.37041311553
-159.987566795184
-35.38943001443
-98.272186147186
-38.668851601957
-40.837203649215
-173.30963443024
-43.632104386499
52.027108064462
19.666666666667
-119.191370315882
107.521091213474
-183.294274356286
-141.852625727137
-130.347119352002
-41.590179839692
-34.19409144458
-36.655385467397
-185.683789626172
-151.38674481985
-40.51435250947
-34.903777591766
-30.92088505028
-170.446887259876
134.676015526357
-158.417650979663
-142.321961946474
-101.047258297258
-82.255944630456
-100.992166362284
18.884642321654
72.636453823954
-75.512085137085
-89.038710909316
-63.623106060606
72.049512987013
-36.853445165945
-190.258199320211
-175.237914862915
-36.491620304609
49.038149350649
-38.075749825262
-150.789259785354
-162.036726782332
-146.047626798115
-33.44533856985
-160.092241471636
-197.480637851732
-172.890360073954
-191.065844691333
-47.982954545455
143.481331168831
-36.704756479415
-162.490357678346
86.730529697082
-44.760802077697
-32.311126753021
-160.108786666892
-48.142313551249
-98.35857810809
104.848214285714
-152.691648629149
-168.455537518038
-107.686896870491
-29.157385095373
-160.48384867086
-88.86525974026
-34.291749103761
-112.112283549784
-36.779950030438
-199.902937719832
-188.269911024306
68.229174417163
-32.952311197917
-192.375713750226
-158.573392265287
-23.457173577291
16.471771284271
-158.85161323052
-162.906663594652
-38.098775844381
-82.714976565318
-102.220598845599
13.364169738681
-29.872572685561
4.109768513821
-193.986652236652
13.762917258523
29.323041731489
-95.176927618822
-92.053932178932
-22.948683261183
-176.5066943148
-77.247474747475
10.20949802151
-172.798090418696
-159.50268519458
-153.613275613276
-43.916653984037
-40.55981480542
-167.329086766098
-193.374270748782
-33.498807128202
-39.389270072376
-156.92993199292
-167.9568001443
-149.146005958018
-25.640422077922
-28.977272727273
-35.968787343299
-0.908570216676
-122.232864357864
-171.193243469855
-161.854908600514
-165.875520692415
-200.264618140106
-38.659554529672
-137.851538543921
-146.052517361111
-36.779692150298
-165.61804780506
-148.301697922303
20.353715728716
-148.463190780574
18.30502218051
-80.350378787879
-110.893308080808
-112.109036796537
116.436245124233
-88.477633477633
-41.409438976822
-43.122142180736
139.605949985345
-160.719877344877
-164.889131268038
-84.38933982684
-198.882385165832
108.75659144458
46.914855164367
-25.781495902101
-190.002344877345
-94.755030071925
-112.871851184839
-0.892336450442
-33.598763161751
-150.881764069264
-188.048984544102
-143.884907952291
-148.277867965368
-165.887716450216
-167.232163290269
-28.624466624955
-188.828184890197
15.38790704196
-163.322809568903
-195.66637567077
-209.629148629149
-171.625992063492
44.751775568182
-112.050311992695
-4.518836523719
-38.711059394165
-174.922368917974
-144.633650258162
-157.130328818317
-174.563680189168
-152.88725776177
-173.627517502029
29.837961084055
-162.398997649486
-192.159263533775
-151.227022597628
-74.705176767677
-154.661719031836
-87.541145974251
-156.88483044733
-58.564742007125
136.607413419913
-158.181436998332
-35.152445211039
-150.79634867086
17.418071267925
-97.976613230519
-200.470238095238
-30.796959550866
-36.238935110029
-93.63159144458
-176.407730344742
-26.508039378157
113.782134965729
-169.92507454568
-39.699675324675
-152.498827561328
-156.646534400929
-34.861402107008
-146.119395686779
-188.115419682314
113.420634920635
-37.447809568903
-173.692091816604
46.515692640693
-80.78142368157
-42.492140997024
-28.268017084912
4.688742193137
-29.697402667862
6.602453102453
-30.066676812771
-29.222382164277
-28.936126753021
-37.743055555556
-173.085497835498
-89.677239047845
-191.631403318903
-90.963376087888
-202.50891060437
-1.886170578553
107.895299958288
-91.646280662822
-203.099653682646
-210.905119045343
-198.926515878193
-50.290298696376
-23.040973303724
-89.460317460317
97.683441558442
-193.779942279942
129.506564929888
-49.231334789147
-41.462730140741
-194.329635642136
105.031272709284
-38.188041125541
-90.493487729311
-11.281024531025
-197.150233761057
-45.500826832192
-30.582724404713
-126.22575468212
-34.53354978355
-148.264426394114
-43.298318163829
-24.769048345725
-87.576388888889
-84.518917127777
-151.305104617605
-163.991450909068
-160.569823924941
23.396035974676
-137.847691890309
-173.774895310918
-106.177128427128
-180.403766305244
-45.976355657261
-30.198036753942
-139.257416357726
-91.824314574315
-143.465003678981
-178.477020894638
-187.773719336219
-32.430123347741
-31.316032510127
55.515891746009
-142.180465367965
-36.565386002886
-111.095869408369
-98.381114025997
-36.493435104172
-185.741341991342
-34.134199134199
-80.212647244012
-162.515080125817
-92.880497738396
-35.011021684259
-151.603544752663
105.747042607779
-193.212121212121
-87.769303848905
-186.73538961039
-65.086219336219
-40.401605339105
-27.516865079365
112.025162337662
-168.345328282828
2.409887503752
-56.434339729738
20.634743964345
-50.13455988456
-163.805720837085
93.383316056553
-140.109397546898
-76.898719336219
-198.299873737374
-40.272073456735
-69.714646464646
-158.676696287433
-93.541738056001
-179.856237276636
-38.237396240234
-28.704342576504
-152.055217308055
-179.284271284271
-28.947672399436
-162.564859970996
-39.532016594517
141.145585273423
-39.110212939814
-134.788957334356
-38.656313892051
-171.165674603175
-149.082611832612
-104.497113997114
-165.022926446163
-35.751987831589
133.619051323653
-118.730895324531
-39.116364494203
-199.191364962645
-32.856398853561
-137.586471100734
-87.804743867244
-88.452287060186
-173.820256132756
-108.448972622209
-186.248662279798
-101.71611196895
-109.827922077922
-34.174851234513
-162.925054112554
114.012784134946
-34.579992687891
139.595260598099
-84.684358527994
-156.185440779076
-38.347041847042
-172.288581490345
-163.586035256434
20.523287196524
-104.88439460303
-36.944064895828
-33.598409754545
-151.404217074616
-159.700145060882
-39.330717893218
-31.634447194109
-32.080808080808
-38.589845638082
-149.932922935761
-150.039520962758
-31.378716489453
-29.847763347763
-30.080920771259
-35.716254747619
-153.835952478054
-39.394232459571
-180.014245934645
110.511269744168
-165.49503968254
-32.790133477633
-37.489263972163
-166.431927167664
-38.365278538515
14.736941597678
-166.641323953824
-102.293831168831
-153.03659736336
-163.840292871428
-38.071154304053
-96.371482683983
-89.578459498858
-163.602733064352
-170.132305194805
-152.102701162363
-41.653393997258
-92.870206953987
8.742536932875
-173.241796633898
-28.888689715453
-32.156370187735
-34.749203405339
-175.933712121212
-168.102163741427
-30.624458874459
-77.03607874068
-183.550595238095
-32.919624058887
3.336042665644
-161.094982626118
-158.654942279942
-158.503051284416
-169.252059220924
-199.309523809524
-160.279201980965
1.969159548761
9.258325455681
-137.106060606061
-179.740891053391
142.378513611412
105.934704184704
-130.125830486567
-31.943613957877
-46.391414141414
-153.78969193881
-158.748632092497
45.951326626204
-194.244926992089
-29.428206973606
-112.897546897547
-166.791933524832
-42.453301626538
-35.667474650373
-31.91604818479
-102.454004329004
-120.977926543265
-197.111385378487
-197.940750457852
-168.592712842713
-63.024264166365
-157.841878651541
-159.451948812686
-34.547100424939
-93.114628427128
-170.61318172108
100.361565753667
4.297348484848
-29.854711496813
-186.368761962626
-23.955176767677
9.55057643984
106.508022990922
-69.894495613131
-157.233044733045
-87.362264751528
-160.427921317184
-42.123395421632
-77.981673120936
-190.314664502164
-39.020739441138
10.733518173856
-26.844805955543
-176.201223607359
116.775252525253
-185.400703463204
12.433535450637
-49.636547716149
-166.11544011544
11.837955403294
-41.571684040548
10.98313121603
-155.59388898599
19.250712374072
-88.820906244143
21.412518037518
138.216446511845
-38.859239674578
-198.960877384114
-33.070175616772
-98.655318123954
-155.713297355399
-32.309613997114
8.692663195501
-164.665584415584
-90.53363997114
-101.179740162639
-113.216649389886
-42.207972582973
8.861562049062
-84.956894036495
-133.611456767821
-98.160173160173
-30.657715592377
-112.685966810967
-174.550339768975
22.242247571849
-145.756854256854
-30.810534671272
-81.483153718891
46.427943820045
-26.048776392641
-34.909256190621
-23.676226551227
-156.311594419493
-53.424171034908
-207.39420995671
106.562512831254
-149.435500779365
-34.035424924688
-185.627412562074
-166.373534495696
-196.852727369829
-195.070891150492
-199.068790628453
107.99522005772
-90.83396835107
-81.545274170274
-208.357323232323
-39.52651144691
-174.698303712567
-158.703373015873
-28.781746031746
-43.971752486016
-183.533098845599
-40.270224523063
-26.99556571443
-147.586114054978
-167.4544364687
-171.604437229437
-94.759266818929
-28.208855660619
-28.918361432625
-154.347759643158
-28.119141511243
-33.82187038273
-136.623827561328
14.317839866077
-182.456165126564
-181.350036835774
-93.580447330447
-146.746933621934
-174.308355075456
-46.055014430014
112.826565559464
-39.966122813039
-80.030663780664
-156.206352910954
-183.718885281385
-3.732954545455
-149.148339787603
-150.137900530002
-30.063330486567
-29.654870345651
-72.006670177069
-35.027492121357
-39.376984126984
-31.410639191775
-153.144660894661
5.161255411255
-42.320233629895
-29.575468214731
-33.669079228741
-87.439859970996
0.828267734632
-177.531092215754
-32.353264790765
-37.51007850724
-205.39646835107
-127.387810342412
15.455721597823
-166.978982586881
105.956078643579
-74.489354159753
2.866603427463
-93.661867926131
-194.445601789466
-178.671878748642
-100.503427128427
-22.210155883393
-67.840905386304
-168.739989177489
-143.243416305916
-40.720775516174
-35.385536854401
-142.213455227718
115.687481201744
-106.060763932926
-30.54764155048
-50.919935922774
-153.05321980486
-36.951730840994
-26.801151457287
-168.46176046176
-187.130411255411
-32.270855836194
-166.013821204159
-103.356316075181
17.747939061637
-167.326204809104
-36.604716918857
-193.222331208068
11.514606685005
-203.300309581674
10.758107211511
-108.035825082578
-176.21814317139
-164.570454761235
-32.805733574761
-41.48809759407
-35.789139058167
-132.620670995671
-26.499729437229
88.63663184316
-96.7626468719
-147.959251106559
-49.914664286384
-178.543993290713
-79.424422799423
-36.772546897547
-42.557738311019
-189.327082371127
-37.643305724833
-36.497005556225
-192.948054304027
-96.856423712396
-191.8795995671
-40.221322702295
-36.294730688758
-73.422709235209
91.607149627818
-149.588113275613
-141.460786651567
106.869225638253
-184.169446584638
-31.823051948052
-133.327903824623
-154.105708982349
-156.466632947605
-186.236455964148
22.573214069933
-141.581511328231
-193.060229412921
-136.008588430341
-93.899108556442
-189.855176983458
-78.736906902099
-162.267205220452
-32.563147210456
-162.304743867244
-174.899981962482
-100.991880760908
-148.79058205961
-29.204834270615
-37.34623015873
6.088485508598
-50.977184895657
-35.057902788875
106.158892280612
-176.355269527022
-157.620492976465
-182.496482683983
-198.809433621934
-186.301948051948
-49.148649757903
-37.457704376177
-78.592643264396
-162.895544517264
112.510912698413
-30.780591846372
-143.449404761905
-28.870402788875
20.077831890332
-31.134449087696
-98.874731793204
-61.6904920878
16.539044455876
10.553291739151
-35.604331144523
-201.351999808528
-29.497673375954
-54.5726192634
93.229074123102
-39.64673756521
-145.347381988129
-52.949041655569
14.348487204459
-24.653208106455
-31.363654616935
-39.577112745585
-87.444354256854
132.821537012318
57.482251298032
-94.795923736704
-64.133114527142
85.541659895992
-108.051767676768
-117.594065656566
-76.501262626263
-167.550306422026
20.444093910647
-152.899443192915
105.37779817127
-101.645289851818
-192.888437950938
-97.735930735931
101.19491127972
-25.512806637807
-199.799425155397
-14.495925661117
-158.548141919861
135.187049062049
24.474033834614
-113.005772005772
104.65008001066
-183.511201514482
-78.698433307686
-194.12173263748
-152.127886002886
50.090470725496
-34.352094708067
-28.362674036067
-83.816903294595
136.952221186474
-34.018389141749
-177.676136363636
-0.294282106782
-147.478697475417
-34.444552885334
-19.803372800092
-47.476551226551
-166.917642832834
26.870830761578
-78.8669526952
108.418202211674
-151.339283358311
-151.413783019755
-168.533660580414
-31.775252525253
-38.577558971587
-34.740329318576
-45.222763347763
-32.427671908644
-159.493578427798
-166.700940306913
-27.139592136312
-162.773358585859
-97.612986797206
-37.77716707392
-205.746052355305
-191.72826243479
-157.664303536023
-199.61722325797
-193.110119047619
2.479978354978
-29.420547089019
116.684091124872
-119.311415392943
-146.453641222669
-51.828643578644
-26.979617604618
-95.586131504604
-45.594045047292
-31.732614404367
-98.837646440338
-36.63465007215
-151.80032231935
-35.031132971914
-60.403316547344
-139.06493742091
-163.665131121659
-41.009562240535
-149.30950320025
-44.704295501048
-136.831964622156
-29.145472582973
6.831818397599
-109.771286627259
-150.003499062718
4.310049037741
-37.207970226998
-70.761615945835
112.471068036849
-81.718614718615
109.871737349429
-53.632663589191
-38.542568542569
-172.552491533464
-181.261544011544
-9.946877153405
-157.140406180598
-115.063945357418
-53.904761904762
-96.166326525579
-104.543021836494
-35.066089250309
-133.736490114771
-193.372384559885
-89.819730904539
-39.833441774222
-75.212301587302
-153.391486075705
-195.440945381726
-33.577001948721
-28.477651730932
-98.870148123429
-40.363994758022
-165.788688120216
-184.248536389283
21.378237626597
-32.468434343434
-29.416759210231
4.283114742923
-81.073680905209
-35.85091991342
-32.14150197303
-176.938762626263
-33.802058848812
-38.904854448327
-44.126884812744
-156.426607910861
-28.767679123651
-121.999098124098
-162.31035139516
-165.556727994228
-0.22799187202
142.24072893151
-184.624731793204
-188.955465583746
-162.687412168384
-106.723320370629
-173.608333549114
-150.472601225882
-33.084255818509
-29.441919191919
17.002870105562
-165.818274361747
114.654220779221
-134.645671211452
-34.978808272281
-171.719065656566
24.216720779221
-97.336508152289
-98.541053606834
-191.909814765787
15.21120108292
15.128968253968
-93.434160703188
-204.567638336666
-186.20735952314
-168.563041125541
-141.427741486961
103.479633501942
-143.16791103963
-180.097673160173
44.549880508049
-70.511994949495
-74.09913677089
13.254421547894
-31.12229201632
-81.665494227994
-99.942011735484
100.954202957484
4.930754184035
-196.482614404367
-109.170366713839
-94.107501251529
-171.646645021645
50.585608632362
-37.092277802086
-130.337770778551
-54.04806998557
-135.007034632035
-188.580715537243
-157.308254412586
-189.27950959529
-175.86235784005
-145.50685190088
-175.314666858139
19.165316208788
-118.503677081924
-120.561961230434
-158.279849736377
-64.156926406926
-31.836956734265
-27.9395719586
-83.033908177936
-177.502522896551
-166.683714477187
-34.141849182041
-36.918560606061
-81.508768805522
-30.825863660672
-82.826229122982
-155.013981432454
16.312303727495
-168.06727994228
-198.492800890109
-154.938963610717
6.105589058836
-196.543740981241
-154.387880928073
-186.079816017316
-33.489678662233
-27.593635327888
-102.963943217224
45.278496922525
18.901605339105
4.496392496392
-94.819099591408
-135.724745118773
-157.178208322236
-196.574943531471
-174.449404761905
-166.404295069487
93.896554834055
-33.541375494623
-168.400796006768
-151.102975974695
-166.20726933555
-42.421534440562
-66.014698221226
-229.539698437007
107.744498556999
12.172697752585
40.880679462207
-155.114986821515
-122.369049975022
-148.81051822899
-166.115171908644
-84.090731071703
-48.971701705955
-134.123829917302
-159.267406204906
-56.11263281752
-186.896913228441
-158.988338420917
-196.617697161169
-148.233928355648
-30.35607885936
-4.728715728716
-5.587394130866
-157.917388167388
-42.799945671665
-34.984126984127
-139.859397546898
-164.597474531694
-152.107339129647
112.181836435117
-159.75795711721
-193.650252525252
-86.617241511269
-35.147454353982
-93.663708443249
-169.446621629239
-175.459333147321
-96.426940301452
-34.62489712978
42.183614183126
-60.806928802534
-122.406385281385
111.952471139971
-155.809425871438
-196.393057951163
-163.265713073819
-34.063041125541
-120.391061141549
20.037525788014
-28.484778730384
-29.689422123016
16.622487430105
-131.996482683983
-41.709235209235
-180.19715007215
-72.855990851596
-30.890790578779
54.517032771916
80.522789276696
-71.645029395518
-170.786435786436
106.081251268263
8.970047503495
-104.982954545455
-160.807838428932
-179.207070707071
13.400100619934
-42.90863997114
-36.127074314574
-39.229249103761
-98.254447375541
-36.738288295905
-176.023428340323
-161.18454424265
50.453733766234
-35.275154587166
-160.231601731602
-200.24740499301
72.065370215654
-182.905323463429
74.785505440672
-188.977736347854
-155.681436998332
-155.27667509357
-32.476541009988
-17.990682494589
-88.142586580087
-196.08476858428
-42.452561327561
-160.044101731602
-34.806088644361
-140.748384373873
-205.901633522727
-121.94743331755
94.962814529221
10.075306637807
-165.719343969832
-3.881390636273
-116.74713443024
-177.228347227859
-193.778579249526
-33.70796236641
-155.023281080898
-162.858606291712
-35.236111111111
-191.065386002886
67.6283471574
-79.888548571654
-153.709894705988
108.916313666802
136.985397360886
-150.001324630231
-95.344266464872
-31.047168109668
-28.501164688176
-141.005419005907
-83.052947865936
-32.571691383703
-180.960345643939
4.991632987238
-165.010088327471
-27.825126262626
-89.428398803887
-27.205204951299
-91.170725108225
-218.681006493506
-74.634567635056
-78.702499323593
-30.746580622069
-85.382395382395
-153.58449802151
-100.570165945166
136.163680259628
-31.248487244093
1.41349741838
-28.341290274396
-36.416556045951
-29.037157287157
20.92775974026
-28.504589350537
-193.867978050595
-82.085046897547
-148.226731601732
-35.858315295815
73.958333333333
-57.469856911751
-191.217331659226
-209.395281991229
9.525260275749
-168.84414809366
-108.094717402823
-75.639167202155
-101.886363636364
-160.578012265512
-196.272539147051
78.07674963925
-103.682887750271
-31.144181773088
-173.803238861833
-143.247474747475
7.979790229302
13.017065887671
-73.003489132395
-36.943091630592
-32.050615671221
-151.238664833498
-121.146394892
-83.498544315927
106.44933500744
-151.19515819467
-144.099997604392
-29.611131544237
-35.996663059163
-36.290945165945
-150.311036565431
-189.321789321789
-109.017759204771
9.891767141279
-166.047348484848
-122.563139063627
-123.004988501082
7.045606737013
-154.044449799333
-158.200487012987
52.500278313267
-140.642225829726
-38.652708023313
-38.453004515016
-172.265429828418
16.056637806638
-37.227190290179
-208.817640692641
-152.595250777868
-201.938103129509
-153.976177793561
-123.666736421131
-95.524963995423
0.86640370907
-157.732503607504
-41.463133708739
-143.230150979663
-87.95672263934
-32.042949726055
-156.599316969922
-114.12519305781
-163.823925640332
-28.040393823841
8.064754689755
-37.744408369408
-179.684461805556
-123.388917072511
-151.975719105114
-95.141066073683
-161.96167027417
-100.761528224312
-152.793449985345
-156.090035398629
111.314790910113
-39.640782828283
-187.254336754825
-176.056006493506
-40.092921401515
-81.287337662338
-29.102391098485
-177.602715914728
-154.28354978355
-15.719689219201
-27.871052179158
-102.834152772141
-45.9809831011
-151.780996347403
-29.069325786992
-175.645943954049
-24.634011008523
-45.055916305916
-175.503239002751
-197.776252339241
-191.094893132109
-75.366251803752
-119.230437043425
-112.693820881809
-118.51426232188
-3.393037518038
138.678641183036
-170.156934157422
-145.717061096456
-26.425713609307
16.652597402597
-34.084616392722
-80.17794011544
-177.952659265648
109.627948006854
-142.567272191784
42.817730880231
-170.588917213429
141.813401875902
-26.543560606061
-182.847554788961
-35.456189264295
-65.628968253968
-25.650252525253
-158.377352627841
-82.880259063853
-88.935528555646
-193.290854978355
-89.257457386364
-181.747807314214
-159.818452380952
-11.306527185922
-186.90186815138
-192.946621629239
46.564651819535
-38.640574269481
-159.017836709731
-193.455287388393
-197.525432900433
-86.158016408505
-39.405045150162
-104.193730694219
-111.179383116883
12.799956174468
-32.046647417253
-201.344454590548
-175.598845598846
-107.88656444467
-24.350010287022
93.333784271284
-30.974685470779
-97.191988946383
133.485848298837
-100.049069799558
-202.128715658257
1.500979380862
-159.536167689732
-79.988706118101
-106.776272772367
-26.892238512356
-48.480782292794
39.832181327787
-29.175886233992
-197.099226782332
39.651314343209
-187.304001933396
-192.958305149711
-200.269230389836
-155.086850649351
-86.974054157648
-34.248183565566
-144.652306406701
-29.306727994228
-45.337100778995
20.346869222358
115.434794372294
-161.51138406949
-144.250381183487
-152.710760647772
-157.684343434343
-29.960760647772
-184.322781385281
-176.116821112915
86.740682494589
-97.416133291622
-28.221292162698
115.058245396029
-198.30755236517
-150.035984848485
-183.55762987013
-166.280663780664
-39.585976957071
-163.975940346546
-16.038177534271
-133.859966856061
-210.011376318993
-40.975206163194
-99.795093795094
-139.770722712617
76.413177534271
-39.649621212121
-85.230158730159
-36.490981240981
-98.230532163149
-183.22590723079
-35.127615440115
-136.809946563853
-96.198745265152
52.226994414006
-161.173430735931
-96.728826349432
9.287067099567
-97.846029350424
43.628439811057
-199.72744288589
-39.222402597403
-47.180563306052
-101.099394474883
-197.101731601732
-41.028220965233
-174.370462436869
-161.299520737509
-198.063643968811
-167.764790764791
-31.552489177489
-190.32406444467
-48.143947144435
-46.662600474612
-135.691295629284
-164.110938486427
-146.345627029221
-159.640311457206
-34.09823471884
-75.588133708739
-85.469758687425
-91.412788600289
-121.911435786436
-33.154060837166
-88.568743376849
44.532627474522
-28.107122424017
-33.625791255186
-27.467962972358
60.301296305691
-89.051566868461
-192.587732092127
-144.205800330312
-5.23575036075
-27.484126984127
-61.729089161706
8.557116928211
-133.690045685651
-26.961587837076
-175.418261859668
-171.713682871016
-190.83074607684
-163.220696783685
-89.187832566739
-168.720390286796
-180.696699134199
-187.030032467532
12.197869106805
-37.027056277056
-31.520292207792
-29.175484617379
-152.831001138618
-27.482683982684
-22.565087256494
-103.223665223665
-96.898330402237
-42.519931457431
-103.49712174761
-136.916653984037
-1.591658775253
-163.637724200712
-134.322969510958
-149.818021876127
-40.750659496753
-147.802489177489
-92.451950447556
40.966241657648
-28.600280849793
-165.677489177489
-162.050607920725
-184.220717216811
-42.363968930375
-176.655122655123
-66.383477633478
-45.293207606196
-126.318189568678
-40.579986175933
-89.498556998557
-38.532537286932
-150.869781802399
-25.821871758883
-41.759371758883
-103.326007705402
-104.449162382756
-166.520673391279
-141.273456523945
112.43490499301
-142.031836219336
-154.781843969832
-5.800154516707
-65.309351184839
-88.702380952381
-193.238185425685
-199.90863997114
-166.460108901515
-188.406307776425
-157.219599031611
-156.590367965368
-95.97619047619
-174.835768398268
-193.787608225108
-150.774198457792
-99.724495341423
-26.137195757801
12.458152958153
-97.631042568543
-36.66323953824
-109.238386233992
-37.716929338023
-30.092442279942
29.30581836783
-31.049332611833
-26.195186378292
-33.253239002751
-156.336878832973
-185.715651210768
-31.484966856061
-38.851473721591
-36.250188125676
-192.131624912631
182.913654255833
-164.993223248106
-164.257227689845
-154.49827868529
-185.952839640828
-137.62194137243
-157.068091630592
-30.316259695166
-159.874541311553
-50.711830216225
-149.99349874301
-98.489870806277
-149.082980333469
-159.889999323593
-141.18444137243
-137.826381138393
-33.55502218051
-28.282900503359
-52.157016594517
-99.485500231106
-16.16560484871
-82.75792875744
-45.957910579004
-50.729998788104
-148.393370084776
-37.566947375541
51.140962917223
-131.346147721636
-34.478903854392
-51.360111297123
-176.166215728716
-141.70574607684
-140.044482915088
-150.536082786571
111.482323232323
-38.507514039847
-95.941378066378
-40.755681818182
-81.142774705763
-161.567792884199
-33.450577200577
-171.906655844156
-209.941460217232
0.539419727408
-162.778429524035
-86.655024717036
-44.377635873241
-30.532189219201
75.792367734262
-182.637175324675
-123.715839336445
-138.231400923295
-207.913211354618
-150.226002350514
-179.28763640873
-40.036804287293
-35.894841269841
-26.578914141414
-93.587830030213
-84.853563537157
-179.303563678075
-1.278581429354
-23.940323998918
-188.479228670635
-31.927218614719
-195.745928875812
-179.580266955267
-194.226899294282
-181.339556277056
-37.744408369408
-85.742625050731
-39.590798470193
-30.988115671221
-183.311167619273
102.294282106782
11.770034327652
-110.598677906295
-159.213904530799
-56.592955221861
1.030645527365
42.227079669462
106.540404040404
-45.438734442641
-133.974727041622
-158.34441865643
-38.681900618912
-43.053558745942
-157.935438368056
-30.780109972493
-137.584235209235
-34.010621702516
-36.652767561215
-162.872925685426
-42.809351184839
-157.228292974387
-157.231413605925
-156.66369047619
-41.634670505276
5.558629684118
-154.03104496415
-169.307748241342
-127.476030534136
-161.667130287248
48.343245931518
-118.002906436012
99.885170764565
-39.991612554113
-97.31242249504
-85.334936276831
-36.065476190476
-121.345619278725
-193.775855654762
-27.502726060832
-33.139221455628
-194.863393984488
-169.668831168831
-179.457599149982
-100.347492784993
136.763790950803
-35.230962667974
-35.989989177489
-152.273639365192
114.652244402733
-178.548508240891
-87.190303565792
-47.565393753382
-181.109217171717
2.988005050505
-211.160157372941
-162.849226782332
-33.220410719922
-110.921147862554
-26.7561352222
-167.34901822353
-86.519923706935
-30.371124399689
-187.907024345013
12.599907416802
6.765239236675
-149.636814574315
-190.270181587076
-168.145534586941
-113.681277056277
-210.217955221861
-33.112714054609
-97.14439033189
-36.895681141775
-159.324855699856
-154.483217357729
-42.939602498196
-36.592192150298
-86.832431457431
-138.235472047484
-83.446137575532
-179.849476911977
-91.926497113997
-193.284882164277
-190.077839640828
-147.238177675189
25.807462177579
-147.616202834709
-28.998855744949
-146.284660218254
-49.639187635281
-43.839764835859
-196.918991110886
-98.556008959573
27.80158483552
136.170343638499
-181.610410043516
-113.604499233405
-32.654601962707
-30.956251268263
-99.034624284136
-187.370019249414
-170.052406740395
-98.191476004464
-160.049492553887
-160.545606737013
-38.846943908956
10.448600824089
-32.224366005021
-200.645681141775
-38.603908786526
12.261175510687
-39.663592538104
-84.139332076344
90.186479752886
141.629519596072
24.711420144526
6.177780173386
-145.160242914637
-191.945047573954
-94.053022552534
-33.44906444467
-36.950667388167
-191.762556508162
-152.952569078057
25.957411024306
-126.255599381088
-184.424152236652
-195.082929008451
26.495511053617
-122.648268398268
-91.938582251082
-25.790251848846
-99.344967532468
-188.099809478716
-141.029213028725
-185.217352092352
-114.581328773223
-28.91133784835
49.883145352979
-13.942480750586
-178.283988038871
56.532397778003
-192.741620304609
-95.857683982684
-39.012536075036
-92.367063492064
45.922448889002
-106.359951355069
-111.608065166171
-179.859126984127
-94.811327561328
2.367236116748
106.817849251443
9.465187590188
-28.354514734398
-144.217442279942
-65.314123376623
-81.337301587302
-172.059495625902
-29.792388167388
-91.633547387942
-35.452659265648
-37.315177444084
-157.88196487757
-36.454978425437
-29.077401385507
-154.624446191829
-196.437437996032
14.919434298341
-193.574966320572
-45.970506191942
-29.655651098034
114.834047083559
-201.23059698548
-34.924963924964
-128.020743145743
-118.639277822872
-28.795346390805
-97.605339105339
-154.145292207792
49.450216450216
7.998376623377
14.06458206507
-185.637729132846
-2.891947516459
-185.171619233631
-39.640061327561
2.774920244754
-194.190295815296
-194.834956709957
-171.953816203328
-92.568529885913
-195.433073057585
-75.94984794936
142.107655799062
-11.620544587723
-92.676690171807
-184.486028674017
-147.184044687951
-183.417117604618
-168.23538961039
-38.381230694219
-33.076767892549
-198.757207256719
-97.812221686733
8.408258787653
-176.582070707071
-40.106240981241
32.459928240095
-85.558371803977
-59.511814574315
-192.641656520563
-103.000992063492
-43.368887676993
-24.456086394075
-218.00937950938
-104.929202741703
-162.89900258162
-190.089035584641
108.600018037518
108.257575757576
-153.736840362329
-80.458083203689
-110.15404040404
-51.73252404063
51.538953002225
-16.828012265512
-72.240960807855
-114.838223896329
3.645021645022
-102.288149350649
-87.593594285489
-89.571346134334
-145.160984848485
79.617421203878
-163.091904192948
-95.205160694205
-143.250904914449
-103.232233044733
-103.72907344053
-180.774157239245
102.923968822925
-38.007379308924
-180.764861840362
-35.262710593308
-38.375289674789
-87.965367965368
10.522459748503
-32.79417584572
-38.679563492063
-94.41731405327
1.779130591631
-211.065946240446
-162.128430166974
47.814030150486
-99.750557199013
-84.841253767798
-31.245577769534
-198.100405077914
-31.042481393525
-129.414611464111
-201.77263404659
-100.354543490499
-29.863469023381
-160.163146312103
-195.209699182111
169.80382591787
-29.320526695527
18.640177805186
113.626333701834
-35.05855085805
-34.039791839291
-132.462121212121
-130.858692119648
-98.378968253968
-139.276428002472
-84.952383990928
-93.325126262626
-33.571895582851
-174.57158983459
-92.233228146772
-89.057797210385
-19.573412698413
-82.548501811502
-13.614384154393
-96.669117805074
-29.280061796114
-28.803497314453
-36.927305763762
-181.458787309831
-198.567354056398
154.914067300023
-180.351461038961
-174.274888736345
149.835588023088
-157.959576847577
-166.222022735023
-37.773522887567
103.476013139557
-169.955714854671
-106.207698981655
12.719262105218
-96.963647223138
-135.496318382274
5.256583694084
-147.123824522781
-82.977362914863
107.808338115742
-153.492620691077
-79.418924394968
109.926213516301
-27.648616113704
-188.405937381981
-38.128965215422
-102.248270362315
-78.895665993078
-40.004776903733
-0.985586059042
-84.098665223665
-148.77579668934
-42.345315247903
-27.892679806224
-94.727466137378
-34.742678731723
-173.732848284392
-154.585588023088
-163.549603174603
-88.441725781814
-46.862479998436
-35.807011591924
-137.729710830755
-139.910189233645
-31.011817612861
-36.417916258004
-142.202741702742
-142.016939193483
-179.757862393818
-163.303284792329
-36.092187790644
115.264501090002
-84.228164386612
-27.78266398112
-32.008564782521
-36.082344308388
-176.609039835084
-122.526586227087
-88.912881826426
-38.619508773562
-143.716720779221
-77.028125273029
-97.029687790644
-151.869118694619
-36.812953976498
-83.947227224815
-156.876188512144
-28.246933621934
-141.989898989899
-189.10138996339
-186.036055924056
100.570256132756
-166.099641213685
-163.350572197984
-134.423694120685
107.742176931142
-170.703840027296
-75.95249025199
-156.42631370027
-36.322601010101
-57.508851418764
108.022347410348
-192.1367495318
-41.059977786021
-118.70768594673
-33.688675477219
71.713731553819
-94.601367812824
-31.385809475897
-31.0567990698
-176.928322972329
-192.582882395382
-90.555826118326
-72.32108389454
-105.251069216157
-161.12977994228
-35.17705431301
-183.819985569986
-171.525323600824
-168.731955303946
-181.415294740795
-189.948489851078
-35.284448620905
-94.727269688726
-151.839540203584
-171.776785714286
-162.738288648201
-33.412231401276
106.372851571307
-25.164849879938
-80.645830294787
-34.221755210799
139.857142857143
-86.613726551227
-32.740984279528
-81.273178210678
-140.113008089052
-30.316210946307
-173.736935834348
-161.350848837848
-195.761090035046
130.199945887446
-36.901862866951
94.875798653387
-42.322868534325
152.487554112554
49.369318181818
-28.839669936319
-181.132395382395
-155.501443001443
-84.189197490742
-28.332611832612
-52.305375180375
-32.568001443001
-155.799242424242
-160.04301948052
74.842532467532
-35.690041325997
-32.922438672439
-141.999912850957
-198.888167388167
-71.650159299116
98.445629918042
-205.660875548876
-187.483859459903
-138.319170843127
-156.909992784993
-102.483241181697
-88.56268037518
-106.550611311567
6.024103558253
-149.587314622227
-142.635825549369
-122.270740107196
-42.25876426972
-141.362914862915
-149.804995317996
-85.346423568836
-36.67549201558
-153.503169600582
-174.979272927729
-36.686958874459
-215.226928050384
-86.056186868687
-148.164969175925
-41.324471477822
-28.959779373323
50.575473757877
-37.814574314574
105.406040604496
-161.997748348792
7.589089265633
-57.014172486585
-203.961834575879
-144.790948204492
-189.162891822804
-165.824582098538
106.88057555712
-98.402255764255
-36.424873737374
75.777684551641
-182.782831321375
-184.176332812289
-141.799889810846
54.858028659573
-36.762082098538
-157.534541847042
-167.939577353121
-96.958890532346
-37.986474900019
-30.641270272832
-99.152069311981
-9.915674603175
-141.940402076358
-158.759721147722
-85.02398989899
-167.272562971019
-173.228609467654
-46.679205780249
16.454542415999
-157.120236131192
-36.904849053805
-31.185248348792
-172.095144869101
-145.419478555434
-104.107052669553
-92.198953823954
-182.212211399711
-181.236217372173
-164.476174402719
-173.503536428036
-129.35626009326
155.063301471749
-80.258551747596
-188.518684904641
-196.347386523931
-196.313962113462
-90.005424290336
-13.863707439208
-158.459686147186
-26.135645174189
27.033623897668
41.045093795094
-41.059981925491
-190.685879661923
-190.693832243332
-43.136270410227
-160.933438519895
-38.554112554113
-35.746209082665
-31.875721500722
-142.909271284271
-67.018401306945
-184.449675324675
-208.179924242424
-198.311234335191
-159.371843434343
-40.794804120305
-29.429202741703
14.338003976004
-175.784645069557
-41.325396825397
6.673073024117
11.620667957124
-128.405499478955
-188.319531593488
-51.088216498129
-89.792101531146
-31.724119200163
-33.198773448773
-180.853628579672
-89.324205274706
-158.328988255532
-176.401708561621
-112.644103695648
-37.653512313424
-173.506689955146
-35.06342098792
143.998653043056
-150.352530255118
-111.386453823954
-171.407650946195
134.985209235209
-205.822259371759
-34.680191766648
-162.605068542569
10.673427697384
-79.448789522245
-27.868867243867
14.163767628856
-42.99286214545
-27.206168831169
67.737483036983
-88.567637654094
-176.026241550198
-8.223230359186
-79.05924303019
-61.64160755152
-97.531749070293
-35.400610237067
-96.626732676232
-92.004225781814
15.72972386568
-151.909464694377
-39.774154200698
9.814229637685
-27.194537670581
-131.4818562209
84.465381000293
7.55545233304
-26.920725108225
10.906204906205
0.240172591216
-41.965725677182
-38.629702789615
-35.111272374273
11.944454661007
-167.243145743146
58.822237221194
-133.112911824368
-141.982397346442
22.318004481548
-157.534886523931
2.905844155844
119.244134768091
-171.104256854257
21.101351739352
-36.425592199548
-74.711479682427
-39.837948973905
-37.0611441476
-35.825664349621
-144.070974594931
-31.27092655947
-157.659348436936
-163.200490051534
-30.030193730694
-33.439116198607
-42.396828435372
107.857055708099
-184.474492985449
-39.403605539561
-81.533623897668
-32.088386876931
-98.262358738402
-35.767029381074
-193.67533771025
-51.016124466625
27.252689554234
55.183245109789
-37.771822358279
-39.642947330447
-177.788422951967
-148.6160553551
-36.290871051827
-186.317115640571
-190.805378218922
-42.127905114905
-39.011615087116
-148.49893382239
108.810586948587
111.439757728301
-186.068651868151
-112.34469393115
-33.566648629149
-124.294926454839
48.052128427128
-30.658175998264
-81.736127184583
-184.721877545333
-100.960678210678
-161.848771484727
-138.758941606354
43.214185310133
-17.911361672317
-198.529130591631
-183.911171080574
-169.592909291365
1.813428165937
137.537955940544
-37.782000521045
-185.378517316017
13.179579565535
-199.22202577357
-207.245203984248
-175.369427481427
-48.877183614183
-28.591363067407
-188.798263395676
-50.045982636071
-36.713564213564
17.382952581408
-35.355268029768
-148.756042568543
-84.376011175511
-149.912605186561
-151.937203147195
-98.798053912098
-165.23265412566
-191.526061175017
-88.465996239953
-172.32205988456
-110.3003116404
-153.313479028567
-154.940566378066
-188.096603944016
-77.0921006416
-119.743148781692
-164.707251082251
-63.165117404162
-165.323251435251
-42.198425733338
79.239177489178
-208.448145174189
-12.272095959596
-153.788783702327
-40.118216818717
138.388418838919
-164.179380078336
-38.717532467532
-147.201015103603
10.928732691733
42.204474378974
129.989827914327
-54.124893738938
-33.215912129456
-212.142029381074
-146.370889550852
-86.317914293958
-157.352923152423
-47.284268245725
-197.322781385281
103.52319428415
-155.456078643579
-208.7738997114
-186.800237526281
-23.176143541653
-82.054292929293
-85.364461086873
107.46329668934
-34.784738295694
-1.587845751389
-16.765528338984
-44.463007014551
-139.205972382517
-115.407650946195
-29.062052100596
-93.813656365201
-38.561688311688
-36.133313331769
-83.14745367141
-96.870651883652
-48.231978555434
-173.047966763055
-119.114898989899
-163.056911407955
25.939290496694
-191.439664502164
-33.397617973118
-28.826321952787
10.1351970546
-39.473481809938
-96.136540972997
-192.926770715314
-138.67386560041
-150.431927481427
24.296900585444
20.104179921776
-36.704471340427
-94.570877229324
-38.199868734781
-156.703002048949
-168.797528860029
23.087208361165
-27.940940163352
-184.419929493385
-35.943439346027
111.074330647786
-151.58189033189
-84.867949294493
-194.798340548341
-36.811417748918
-152.97707627862
-98.141865079365
13.001546223958
-151.241258981768
-41.571338383838
-115.653228715729
-81.656945518945
-170.250631313131
-30.236933015986
-185.697247437756
-31.779868165824
-161.712872041424
-158.886814574315
-83.859304320761
-158.860386571843
-30.485506088015
-30.098484848485
-138.683261183261
-94.389143378188
-42.873089987134
-2.639987213443
-41.682266081222
-17.409271284271
-91.520740107196
-175.544369255826
-149.968166819211
6.939484126984
-175.144409443909
-163.728519280063
-26.67269184063
-33.289772727273
-189.571154970111
-88.447510822511
87.727794740795
-184.372848532761
-42.160717324261
-35.227891005479
-150.450776687776
-75.626082251082
24.097508858465
-87.685770362315
-184.362660373616
7.096076073585
-85.019480519481
-174.436958874459
-31.736655275199
-109.473842560299
-46.715081329126
-94.476174402719
-90.451115287572
-32.007124819625
-108.420799222343
-166.001984126984
-98.672544933501
5.423807559763
-151.630878266834
-14.675579164623
-84.320349358893
-33.974225461225
-167.836686347642
-100.049603174603
-28.974760509673
-199.06890635745
-187.235122086166
-202.530650745739
114.569898420942
-150.664308754397
-33.493867243867
-62.173337509794
-110.109052870009
-32.968434343434
-183.976641414141
-80.937696448652
-83.452474178518
-197.919027617483
45.113095238095
-96.706420281921
-30.664408938365
-175.888164349621
-77.218811167267
-42.383480672024
93.416305916306
-23.970885481841
-85.788168462668
19.823396624941
-136.233137959182
-156.394653716645
112.585571949616
-167.051603375059
112.211473825518
-117.197868534325
-145.830370177782
-185.648448773449
-27.402871003915
-73.671269272313
-30.376530150486
152.65557663162
-141.799168310124
-36.990901269954
-201.015873015873
-41.659271284271
67.057523609068
-123.804544380045
-89.803104417149
-142.840818903319
-41.06087358483
-174.523645222101
-99.766034279035
-192.003498203999
-57.088203463203
-28.04672738828
-36.469049583094
-80.13358389454
-150.70318242413
-31.328540356128
-80.595692071736
-41.490333854378
-109.127438103482
-54.693722943723
-195.668035553991
-119.040152589652
-96.24684647289
45.305277814769
110.468814205814
110.301059210971
-183.764716650672
-92.673717372173
-36.743477164925
-35.894573745617
-165.272366522367
-102.093798132342
-194.720792255704
-179.917768029768
-37.801422999879
-179.708697122241
-159.553388014844
-43.641774891775
-98.810081008537
-34.179563492063
-42.820797258297
-37.605158730159
-128.734304320761
-139.98287739279
-199.84136002886
-0.670451506908
12.375360750361
-193.348845598846
-101.733769272313
-32.99855396001
145.127170359073
-40.691284840241
47.056717777665
101.77661837403
-197.95642613883
-179.582338231295
-33.984848484848
-100.430555555556
-38.201479076479
-163.84478411874
14.140960164916
-94.273451811996
-33.921797142744
-79.698798593849
113.525883838384
-111.336747426835
-27.545831369287
93.163146312103
-191.993055555556
-130.278605539561
-54.233514783014
7.382211968668
-152.08236038186
-156.58277613432
-171.164950063906
-204.717789995378
-30.323786483699
108.572513861058
-165.597582972583
-91.177038239538
-42.388450985863
-159.224299575343
-83.044549631006
99.547619047619
-155.606762994763
-99.185715360215
-32.079548272908
-164.919533557534
144.218344155844
-184.551319777363
-40.084232170688
-144.943900280357
-125.895295246339
18.259485770442
-97.459241066144
-38.275429861886
111.504055403012
-91.756416353828
13.410730359186
-16.814664502165
-36.427305983947
-134.188479028567
-30.518681866094
-154.586041999586
-99.600813652358
-13.981869255826
-64.536361672317
-38.580640740553
-26.746943838497
-181.757231080687
-154.138350801894
-75.694160846749
-42.946608946609
-90.518955467411
-32.376265664809
-124.969155844156
-153.842242792743
-156.507053744053
20.786902797859
-31.34684539839
-168.410340500428
-153.261904761905
-156.276679453224
142.874381721794
-157.483405483405
-173.375904914449
-145.891053391053
-150.762448925993
-188.935537979544
-192.036632235088
-162.417014382102
115.892769993814
-73.322526895983
-153.329832090788
-0.069444444444
-170.637069063613
-109.019844308388
-164.401711600167
111.604256854257
133.614808802309
-133.952200577201
-28.493155959709
-96.631851218308
-35.273162137206
107.32441779683
-136.998103022059
-73.731044532589
111.046459643872
3.123737373737
-42.181998556999
-43.233601932058
-82.019226030182
3.548611111111
-193.6771445006
-156.467062417563
-185.217625693669
-82.068268967225
111.558518711107
-104.768581682125
-175.530119616576
-34.626163543217
6.84451355597
-31.303327155836
-36.202187322091
-98.098845598846
-172.66332972583
-159.483479597524
-27.484954745911
-31.018127705628
111.660082972583
-93.23556998557
-100.117801066257
-185.420255058256
-158.38293346939
-33.049886772299
-145.778589466089
133.948573961574
-174.164772727273
-78.699208313253
13.866612554113
-175.299600136056
-204.726264590309
4.171788247289
31.485299422799
-142.587108177196
-158.457521645022
-101.097782459782
58.318709908798
-142.552678448125
-165.176677489177
-50.737463924964
4.37393382239
-152.998650224694
-197.153035305623
-43.151350849807
-31.773448773449
-79.323412698413
45.455813937717
54.836776535232
-100.380047466504
-152.644374258418
-163.880053543597
-109.834415584416
-31.211924763469
-112.582160894661
-31.502544364544
-78.905303030303
-41.048685225229
-98.079290965247
109.254509379509
-194.556637806638
-56.147559932472
-178.721246232202
-200.15610168369
-29.508313331769
-157.883658008658
8.924696180556
-120.837314622227
-123.647186147186
-191.225575236531
-181.447781385281
-33.379673681218
-199.293270931271
-79.872909611954
-136.708874458874
-78.066935265391
-171.129132555677
-103.513705475162
-88.905122655123
19.141398067942
-32.012426775427
-92.048234287278
-169.765618526574
-96.836689386189
-26.543560606061
-112.431733851137
-92.598829525374
-171.739628427128
-240.99188615543
-179.334956709957
-197.322948725537
-188.718617757161
-214.637069063613
-73.548356621812
-5.749268282716
24.526241550198
-114.029849053805
-31.282274122362
-37.184990820947
-193.530918269962
-202.208240107196
7.915942127398
-87.066120538533
-175.491509331597
-174.801661415706
-143.544720009808
-200.123453776042
26.235721032169
10.084309323354
-165.165945165945
-36.58477329623
-33.873543963632
-32.831439393939
-29.545361319318
-194.069895382395
-86.876426927971
-191.903499278499
-88.35977437073
45.446876470833
-168.720792255704
-30.940853014309
-56.142944291901
-82.841379140879
-171.91197387343
-140.821966658423
-192.299783549784
-177.798627184583
-80.159271284271
105.081871219872
-21.372655122655
-213.260297458753
108.808348332305
14.379886203342
-29.723591109547
-202.005517516473
-166.959125909626
-176.488649398562
-173.755681818182
6.679911207499
-177.398902749946
-79.302305763762
-82.43091326737
-140.738442953531
-164.368506493506
-38.249655323111
-90.71742620647
-40.94083390229
-34.259653110697
113.86363332509
-37.342696769241
-100.503904356413
-89.758207070707
-27.697253294665
-29.139968101424
10.704909243453
-34.057362345906
-42.497748348792
23.138154353242
-28.339826839827
-189.897008810552
-201.373002838091
-138.810882480286
-91.86399407545
-191.691648629149
-50.785984848485
3.195452581408
4.877451138407
-139.01939033189
-29.313218462175
-130.944808013167
-142.460858585859
-28.263963003007
102.946611985156
-34.671897546898
-37.876520154108
-156.872023809524
-29.923263395676
-20.257231080687
-77.557001595545
-115.1753116404
-211.337388736345
-93.656746031746
-190.619875380831
68.349283501871
142.817476390932
-146.191741855286
-198.0611441476
-37.579381152837
-32.282000521045
-163.466901154401
-58.980590556091
133.210224234181
-37.090194768204
2.508661047205
-178.697062923107
-166.565836940837
-202.328205675618
-100.205102653558
-198.498482884439
-33.988822595726
-87.419639818596
137.799396509388
-54.331168831169
-30.708800344756
165.992063492064
-54.104540451953
-92.595057720058
-197.573680222637
144.583256180668
-89.335771436815
-154.770472582973
-160.141671449075
-53.051767676768
-97.86632591787
-51.866880078336
-208.344426406926
-199.079274891775
14.791051427007
-175.284364510408
-29.83876502187
-152.861468822925
115.08243731434
-150.276534263534
-186.996946656859
-171.613816738817
-37.263167388167
-140.186852613397
-170.072781385281
-182.459428839525
-95.509811335312
-166.338277577322
-163.7002092722
-201.719246031746
-71.146732170688
-33.120864405777
-164.000737574193
-193.229092552548
-49.138257575758
-201.185789474333
-1.638872815417
-77.511270410227
-36.713219536675
6.569354256854
6.599837662338
-179.022292408248
-83.047622086166
-112.783565857022
-23.532724840128
-197.87096067046
-39.383745157701
-157.012613227701
-86.434990820947
-48.535730359186
-78.295728146772
-153.376243514244
-182.737567147479
157.856955303946
-68.139162490206
-140.692569617069
45.84029385125
114.796823432779
-109.781104502052
-96.618525605525
-154.504071476484
-90.420345245846
24.729627821181
-70.637822711279
109.067711768212
10.166486291486
-71.756767107811
-127.855522519066
10.823593073593
-162.26508043958
13.253801133898
-158.87565042515
-170.23458074044
-33.624896777485
-150.894841269841
-91.113951183501
-152.675398789443
-183.128784840241
-170.682903471447
13.869878419378
-83.713834776335
-158.954455266955
-171.729076479076
-35.160334423335
-90.634753294665
-154.095869408369
-38.041305916306
-36.394222991635
-34.55916609771
-100.274093121505
-141.35325175584
-194.46130952381
50.379332042876
26.21209188354
-81.83241538396
-35.890525300437
-171.092641767141
-33.280483405483
-29.268308080808
-164.767319055863
-33.424802661802
-158.424960886417
-188.232771131727
-85.275252525253
-94.561587907535
-122.494315143271
-83.69144914195
-80.717535506079
-49.350723464768
137.202922077922
-40.158984648029
-169.805555555556
-143.83569428415
-154.909274322818
-172.713760662216
-183.377628475041
-206.506567620612
8.970131834176
-30.941378066378
-41.788687437644
-72.969442480398
-44.787592151636
-91.746212121212
-105.190402076358
-158.766398067942
106.222041847042
51.644135842592
-35.85597041847
94.136705274706
-26.533385481841
-199.164425011837
-80.097473672974
-28.9761002886
-175.49016955267
-156.853880030424
-171.876459074915
-82.968508457553
-175.154562417563
-174.705283028739
-22.708874458874
-193.183167957124
-87.191561480105
-25.566378066378
3.915510301466
-196.94399654504
-87.875
-188.528589466089
-134.281478507522
-59.121663059163
-37.730712890625
136.013257575758
-111.494121733166
-180.444985569986
-145.550772574729
-156.162334623791
184.634933669846
-30.88762322408
-194.228267829312
-29.247451275802
-20.911525974026
-178.881657808202
-146.037801635214
92.944267107811
-163.896554834055
45.511073961574
28.402597402597
-43.535785361286
-104.465364926821
5.77543593898
-28.541743599147
-133.098755411255
-164.848014798515
-33.733927496928
-32.59442336838
8.638551390016
-94.729598492599
-37.816664702621
-164.425237526281
-128.815566378066
-165.484113949202
13.390589197993
-178.630063539976
-93.412067099567
-121.117169753126
-1.114090340134
-166.90938058388
-43.465081329126
-179.201842865387
-33.781295093795
-136.38204766696
-38.459164133664
-87.651064213564
115.40882034632
-152.895820298408
-94.130684856729
18.571425532882
-139.752151467239
-91.796698059699
-150.070974594931
17.999532988577
-204.61120715561
-81.649994997407
-92.668653832198
-27.970325244282
-36.921176046176
-204.882140893097
-154.453749839706
0.720601884146
-30.855174803631
-44.508190997235
-31.618055555556
-30.490346889303
-201.158475669431
-36.417478354978
-31.698412698413
-62.418396304352
25.133394623904
-177.457338231295
-164.269663933208
-147.345595807052
1.081706918163
-157.646931657887
-28.237370698827
-28.641411323052
-183.509653110697
-36.528750729251
-93.374297611297
-107.136180222637
-183.338110237067
-162.493326118326
108.61915388011
-200.14495056945
-44.473500921957
-172.603912177368
-104.482864357864
-30.634923673467
-151.589662538118
13.771393570893
-58.10189590344
-181.866503254504
-100.131313131313
-96.501803751804
-164.579455266955
-159.783388520388
-76.129332042876
137.298089097589
-151.343972430429
-41.719442480398
-31.455102653558
-200.070075757576
50.564210525667
-201.074781585737
10.971587870544
-214.645289169245
101.578298901755
-174.794204954117
-31.783913572457
-196.118326118326
-179.419104770148
-164.75729215988
26.528212642257
-193.867262979262
-168.647437597938
-46.513151314696
-167.517934295522
-180.065463155551
-157.979720827133
108.238546176046
-37.633767308267
-35.813134351678
-38.386700915052
-179.753591430136
-136.398992937537
-86.571070859615
111.243219857264
-155.056731032775
-30.771551795508
-192.576553190597
8.37101567256
-158.533175778079
-121.039859876316
-147.745684030596
-46.12012987013
-147.377705627706
105.697423453283
-173.286982768886
-26.901698565242
-147.936595085551
-203.277777777778
-34.661957799958
-133.534467732924
-4.853896103896
16.586306485263
-181.827757776214
143.408440483941
-184.537234439822
-131.582694842186
-195.617501395089
-79.24295233304
-168.346211046712
-41.962826639371
-20.261363636364
110.701659451659
117.962662337662
144.906652805609
-33.572237221194
-149.162965936922
101.873103022059
-128.181998556999
-192.937068174068
-82.310534985034
-39.746408569864
-167.638167388167
107.128066378066
113.470222021766
-42.741158577615
-169.73468418314
-194.511615087116
-30.707521645022
-100.323396624941
-84.185863588451
-109.389082519179
-87.571966658423
-34.428838952795
116.456346167802
-29.184720258176
-94.206255980212
-43.204996392496
-168.978625541126
-157.30284992785
-85.54102231861
-191.731962481962
-36.587407848364
107.997925685426
-116.565295815296
-151.270024683568
48.31737012987
-79.430932379388
-36.937068174068
-170.77616743608
-98.855094832603
2.406275981776
135.417377950825
16.354347041847
-121.302921003422
-36.421459643872
-115.250161263162
112.197590793538
-94.498376623377
-196.57475247734
-29.455991494535
-171.975726503314
26.032019633063
-116.908643009687
-30.251262626263
-197.462211399711
-150.552866001322
-28.783910533911
-195.240517268105
-174.271844508844
-117.685972667876
-93.618851170395
9.545147476086
-166.778045302002
130.440550304594
-12.224644252232
-173.733679084723
-98.08241538396
-182.753865031453
-208.424419760876
-142.938508136964
-75.494047619048
-191.185950737495
-141.573879709836
-156.70986348382
-203.389594316138
-148.854707792208
-67.903318903319
-35.761360597817
110.677772775185
-184.319370330326
-94.295274170274
18.510284423828
-78.175762358166
-142.766952228408
-28.49456963257
-82.031997482498
-131.575738463739
-141.835478723479
-24.552035200992
-164.169916238276
18.077574362486
-29.582144821189
-88.920183982684
-39.277613476069
-186.082338231295
-34.671069785114
-33.02815460161
-92.661071997528
-104.806908369408
17.882231080687
-155.136002886003
-163.310603022059
-150.155409291365
-36.65612775354
-160.992872141828
-94.637629301173
-93.242784992785
-175.729256854257
-37.983225108225
-102.052398989899
-1.850195374152
-76.920902444859
141.078086379631
-39.629776903733
44.982516642429
-173.667929292929
-30.929383116883
-155.559958674003
-77.797552111517
-172.759018759019
-91.477556324968
-141.543223107188
-152.396467685011
-77.198068021524
-165.835336572336
-194.399855840774
7.404939241396
-165.908008658009
-154.339627352628
-22.047638159638
137.477343802844
-37.742965367965
-1.389523240567
-181.702834928879
-76.054905130406
-87.335607135107
-33.333420482377
-38.691722743267
-46.729720827133
-146.912157287157
-195.876246552791
5.834505772006
-157.338367764912
-83.863617251618
-28.424777692875
-198.389877913834
-30.621469649058
-84.801587301587
-190.190550304594
-169.689017115561
-174.72383256392
-196.820510622055
-34.457611832612
-32.142966442466
-147.539682539683
112.0806437791
-179.401247627291
-33.546720210264
-189.648165175753
-34.850468975469
35.791937229437
26.608228146772
-157.490968206056
-86.733115808616
-100.495774218186
-113.396103896104
-100.861542937043
-174.192537470125
-72.287157287157
-199.942468067956
-177.380161125767
-145.864455802444
-39.74063317325
-78.4007112137
-26.233606291712
43.857065352183
-103.155676463294
-34.587822279717
138.893017084912
-139.022899897412
15.080295138889
-32.32215007215
-201.195714821203
-94.033660404266
-88.957900362441
112.47153137119
-47.330808080808
-95.516406390918
6.028318903319
48.736590232684
-145.290764790765
-210.936670344629
-26.516045640557
-31.922619047619
-92.575064258658
43.811417748918
20.203179958063
-9.011876578283
-89.42037210836
-89.196670950577
-142.174062049062
-30.849629103535
-176.423673115079
-137.314754689755
-204.98077736066
-129.102370665359
-31.112303982909
-155.784181096681
-133.572621443227
-27.29787692776
18.61878727284
-35.711732278139
3.981491110886
-190.722931040314
-140.409008471997
-106.715880907287
-78.905192409587
-145.709214776109
-26.284438976822
-156.933954500361
7.006042568543
26.439914631809
-82.162415167298
-113.071531441649
-206.005599381088
-186.184897242514
-38.403852278364
-77.875901875902
-57.173270793876
-177.739025297619
-177.436147186147
-166.910082972583
-198.239357864358
13.812938255321
-119.132678627796
-85.821361283031
119.71366215165
-123.955717893218
-141.768766769255
-168.710969206575
-116.756521690115
-29.768099522006
138.12825696981
-165.462510146104
-89.896637271149
-178.357503607504
-34.363644114132
-156.761363636364
-103.938512496618
4.656565656566
-140.128496882891
-99.068452380952
21.749827375316
8.035340852724
-29.636286131403
6.350278383726
29.852463319016
10.349567099567
-163.227445351957
-85.470939162834
12.223855815409
-36.926517547123
-102.464113089601
-144.475649350649
-192.836752711264
-162.365177303166
-157.765233952246
-184.651847718254
-29.703553391053
-187.985770793876
-150.50381606241
-153.336038961039
-44.897735023223
-23.638069450081
-30.425324675325
-196.008637575532
-172.679370434253
-137.731589048972
-107.130070938176
-187.442911255411
-198.40194565634
-196.193472814078
-33.607962295951
107.299152236652
-140.792117604618
-140.657274474657
99.110209235209
-28.33152958153
-172.804896058802
-55.07136656746
-42.02875715864
-175.269751082251
-177.698502886003
-37.366169366658
-177.013535889024
-172.1969823796
-156.585165268759
126.430916305916
-37.720951845464
-30.235000676407
-179.925407112419
-91.188955684073
-173.076847577336
-179.559343434343
137.336642090548
-177.131555510462
-84.325409508027
-184.594947099342
-92.890053577065
-140.933170995671
-1.360740144187
-151.645993275388
-147.292318412924
106.863095238095
-33.250922309028
-180.800116116522
-86.861541615936
-180.747855930961
-153.472791531385
114.936134503517
-180.618707301813
-90.545905483405
7.487907112419
-107.112353304248
-57.221430967036
-111.672155427038
-191.568550319039
-165.219619464737
-215.791027603039
-91.09307605914
-44.34986584596
-26.837600333694
-207.69734312996
-152.053481240981
-76.678661616162
23.104728225334
-184.955960272367
77.499930245536
-25.433073057585
11.622564935065
-196.250348067731
-170.871052179158
110.775991993033
-188.348456312568
-180.585399897412
-30.210598239651
-126.681637806638
-39.412989408595
-114.572851139746
-178.75659144458
-24.176599984217
-121.08831408392
-36.796647417253
4.301108180014
47.501192871798
-38.603445165945
-108.01652476213
-177.199203953598
-164.574126448638
-36.872446563853
-86.775190521284
-192.540404040404
-87.288259971365
-36.352092352092
-150.063311688312
52.807531932044
-147.79329004329
-88.874180561192
-32.745289812184
-34.81239712978
-166.055375180375
-0.534541847042
-41.318009193497
-88.519911024306
-35.233683796672
-204.687329841383
-40.337093028499
112.521194083694
-36.009289321789
-23.791937229437
4.123196248196
-160.262904575893
18.994498556999
-185.662255225243
21.337319554361
-160.489600243506
-34.914113230519
-201.027084460678
-164.170807545319
-99.466901154401
-90.092081529582
-28.671884864268
-157.932281802399
18.773471672642
-153.067297909339
-198.932469928075
-34.984016363411
-96.402527648133
-67.727703232098
-27.616411745806
-182.987811992695
-34.373459060471
-101.591818717307
-45.567161571068
-42.490870620265
-150.44066678222
-38.416596912202
-87.390692640693
70.269911024306
-156.435044501939
-136.024801587302
-111.711317274306
-118.040842295725
-187.415035539547
-156.688479380862
-29.032545037428
-181.904117909001
-137.399461270067
-39.429633246528
-186.33370183419
-38.05945405506
-79.914051226551
-30.891414141414
-28.950314388303
-82.907044778139
3.237656982774
-27.709338079455
-202.905192409587
-93.116334240846
-78.216171903184
-176.026314343209
-163.386363636364
-38.525002395608
-151.96617965368
-152.096147721636
-87.936969091022
-170.380050505051
-160.861020923521
-145.798438486427
-87.483225108225
-28.856400923295
42.046356421356
-29.283000907513
-165.230547664141
-29.129058441558
-199.605900664006
-85.355346855835
75.218524531025
-87.094323536706
-181.078914141414
-129.179924242424
-184.288071845689
-162.547799422799
-39.282545037428
-3.75259500699
-30.693269539705
7.505143158708
-15.675043895991
-192.104256854257
16.410276030393
-38.261433390828
-36.376553622159
-146.075930200442
-19.842983405483
-45.541847041847
-7.222783780889
-147.854867734262
-103.796284200825
-111.36925617785
-33.210235023223
-33.544941603535
-175.981331168831
-200.660886910399
-88.949211704095
143.979630287248
-28.368388122294
-12.163030979437
-179.792006983902
-178.372554718502
-46.279511775117
-134.183461991567
-195.175886233992
-191.638700763212
-157.87394593254
-41.143217893218
-88.8922053966
-137.63944269706
-82.43063799265
49.380880160421
0.662580041486
-177.341630591631
-76.952172393579
-41.084796767902
-161.937389379284
-113.72601010101
-32.635580131674
-179.310703998692
-172.445588699495
-101.453635828148
-38.215105153093
-155.855499047394
-94.101481472087
-37.726290880344
-136.737894429789
-97.438159496753
-163.199203953598
-37.840429969336
-36.755128010011
-96.061688311688
17.117962901898
-89.009191383703
-195.405040218029
-118.407938903544
-91.512105570211
-32.78651822353
-163.422160359172
-5.531934157422
-163.681748427354
-111.007956941062
-17.561786249775
-22.319653003247
42.96827440138
-31.053460807855
-82.530303030303
-81.520632525027
114.619068052174
-21.201388888889
-164.430367429879
-201.052551181457
-79.854888167388
-149.635629453012
84.334846089241
-29.526808613479
-189.144447051429
-36.548590677985
-45.342359842848
-92.514721010326
-45.248585182179
-164.605339105339
-34.607153073706
-7.805444934839
-186.041514475108
-89.591818717307
-185.350218845824
-38.212842712843
-161.438652005547
-37.477661661255
-94.601170043065
-131.778228715729
140.883178887085
-143.935904806999
-171.91829004329
-93.439193131088
-34.819694574089
-198.865267490756
-173.335239955357
-177.777429710047
-160.499618816513
-36.548709049197
-5.624069940476
-162.473747660759
-23.741071428571
-122.807289552895
-208.383810200216
-149.96905790607
-198.483876854482
142.342004024621
-151.817720663668
-115.484307359307
43.694555065161
111.923520923521
-45.647665268759
-83.703811271194
-204.097771098259
-36.83927796379
-144.172528860029
-104.682740490846
-34.926136363636
-40.589043335137
-178.496732813627
-132.512023133117
24.535556809727
-40.005243562861
-164.716741212347
-108.624015687004
-182.23347523787
-20.550747429654
-168.257225223778
-128.769849020337
-137.293540172935
-25.076963130186
-95.563139063627
6.644931457431
91.099476911977
5.523108456214
-192.030385467397
-157.743936998332
8.502808497926
-101.765720824315
-89.493949680961
-187.723845598846
-39.840790719697
-159.064422123016
-142.740710678211
-46.604416796311
152.54825036075
-204.465636062072
-39.388540821158
9.794191919192
1.247564935065
-153.901437646555
-33.643838989786
-160.341187404176
-27.313381442776
-123.151043780438
-164.9469823796
-77.81355406746
-100.843704906205
-164.477071918966
-148.221528905123
9.823129453012
-191.325306637807
41.61562049062
-31.56546843998
-180.217282337888
-202.828205323322
-193.610271239177
-96.501430318813
-190.594877344877
-99.98403433047
-190.649683216089
-57.388007446113
-208.92775974026
-42.089027834145
-180.974374041757
-98.891692454681
-179.993674186057
-33.553473490485
-153.624647000135
112.301324489313
-97.114906740395
-171.408992971005
-37.25496031746
-31.612165178571
-47.672188542794
-164.773907461896
-163.375548876037
-99.777146464646
-173.189935064935
11.378599753111
-158.624626567009
-136.523629148629
-196.436979307585
-153.102092352092
-34.609049479167
-163.068104313222
-41.088396521014
4.979728225334
-46.134920634921
-30.749917562906
-169.681179118191
-167.627246939259
-92.298312364719
-89.260531514926
-175.856774356286
110.003169248286
-99.511992483428
5.98547979798
49.025149655032
-193.55589587279
-148.723021227904
-13.270562770563
-40.99340855542
-160.140622886228
115.744034936418
-36.84413541103
-151.007756132756
-31.939935064935
-182.939775122881
-31.763688080583
-29.888069450081
-181.451216264205
-75.866981054969
-32.434232813627
-33.91420341811
-97.302579365079
-185.370137620626
21.224033724522
-99.4356884977
-54.099657287157
-33.649448587437
-35.623186031633
-176.173713981331
-166.431215052309
-152.750999813988
5.831078643579
-175.552592047709
-37.393959827065
-188.322768702652
-164.79797979798
-186.692911255411
-148.696506076389
-76.022830142947
-136.268468022863
-195.578726015738
-89.954996392496
-33.22094691333
-137.24713443024
-199.574502699991
24.369929061824
108.728174603175
-65.992985801091
85.604867734262
-75.75955988456
-41.510379323368
-36.51902958153
-172.798500490395
-170.642766955267
-159.84145021645
24.22047800832
45.434606246618
-37.374348253743
102.07961520901
-193.651113182607
0.389901385507
-147.272797027192
12.721209725604
-125.934433621934
-134.750721500721
-32.362852858947
-83.986319669913
-53.97373497813
-150.501803751804
-37.07702020202
-76.824767978332
128.197863822376
104.752615440115
-159.323695943813
-32.259018759019
-68.684897242514
-36.745678746167
-183.97706416847
-0.882215007215
-159.571670950577
96.627254689755
-36.654651284046
-39.411497790404
-101.700236883342
-117.422368917974
-163.299603174603
-41.724304287293
-160.349837662338
-35.000172624684
10.736111111111
-163.820514012897
-3.782377344877
-38.688644255051
-45.031934157422
-32.537698412698
-187.444424011319
-89.17134867086
-192.914424659542
-37.816669062275
-109.562762812275
4.572863822376
-31.793740981241
-202.213383838384
-129.580815831304
151.553591861697
-183.375471371077
-29.167035167523
-31.088293650794
-29.352252294147
-117.061319810832
-167.988844922439
112.691460503472
135.877061631944
-92.341908904897
-40.184363867469
-186.666035353535
-69.309183492289
-190.056269305781
-26.585948773449
-32.971951659452
-160.661969161481
-36.891496578508
-181.398829956935
-29.017336450442
95.659832842938
-189.852803636251
-190.414218919102
-157.482044919057
-188.995552624459
-89.05381380772
-157.508428664434
-48.334789017406
-166.299505236517
-159.515520016008
-177.845668600063
-27.784985034497
-118.097771098259
-85.000360750361
-126.914169597763
-38.37022005772
11.553550995446
-31.091290274396
19.540404040404
-174.313860564349
-191.781913724296
-27.992145929158
-33.261842757937
-159.602623261071
-170.976558977047
45.570998066604
-153.15880766369
51.589945211039
110.758748196248
-30.603998974116
-33.591908904897
-78.886606015512
-48.698149886138
-170.318931502525
-153.61182239527
-189.81468493529
-37.445925846072
-37.054202741703
-98.114829235435
-34.278970649576
-18.472464601371
-79.479158916171
-188.335760647772
-35.710379464286
-189.109098800505
-149.729063796447
-134.751262626263
-199.970238095238
11.301308988321
-40.991362424468
-41.21148989899
135.328983895878
-35.15960385101
-26.377584790427
-187.421376854482
-189.912729062387
-125.156593840188
-154.110299422799
-141.539391543786
18.225010287022
98.06289140005
-203.2886002886
29.74235448796
-168.288149350649
-30.652576969472
110.652146464646
-39.650002395608
-69.515630636724
-28.613726551227
-34.390612669665
-200.755702251308
10.603625541126
-115.583250896239
-100.685064935065
-162.627074314574
10.838744588745
-163.217991155979
-37.478537819602
-43.092261904762
-183.078942325036
-214.185724431818
-94.891226015738
-34.287786134222
-41.290504444557
-37.752254689755
-160.147845643939
-112.796163363546
113.255759323142
-92.168457735841
13.928558745942
-186.725940346546
-34.794261673656
-36.053272682179
-89.263798701299
-146.111734673746
-182.893606827201
-158.066295629284
-78.952922077922
-150.898837707431
97.794642857143
-34.582160894661
-154.390131082026
1.219405973801
-77.568014125631
-41.787858354753
-165.834804518398
-143.334165454771
-170.560848439755
-35.718774660669
-41.98547979798
-27.859315109803
-32.502365310471
-26.78582490643
-115.076992018398
-99.766865079365
8.965628311576
-175.450564517947
-95.71905790607
-84.244227994228
-39.539259785354
-237.211121398133
136.020833333333
-86.919802799197
5.807261369273
-191.304300679789
-99.745011498918
-168.895735395247
-135.915125727137
-36.24921649531
-108.825046291599
55.809876809389
-33.734384864268
-43.591187404176
-7.088667083784
-201.046426175821
16.945769074675
-147.455460013077
-93.5769173318
-151.453713333108
183.709325396825
-158.575757575758
140.633109132621
-40.860036610525
-166.012974330357
-184.004627750722
9.389422263934
16.00974025974
-210.249007936508
-32.357323232323
19.139800981354
-139.835137085137
-207.41369047619
-84.47391535331
-34.640602453102
109.789231601732
-29.409361471861
-196.377767631674
17.904870059411
-167.250541125541
-186.177296119679
-32.02093127142
-95.909119092713
-161.870761183261
3.38256800708
-39.621031746032
-72.10387567077
-24.579604992447
-85.18635574495
43.903882928053
7.962291370739
-183.857766419778
-96.380751572646
-30.889048830943
110.806720243732
-46.331001138618
-153.127164502164
-155.993846810741
-176.025079900568
-31.110049293155
5.912165037653
-107.241981054969
-195.260719640602
-29.398268398268
1.089615814958
-178.530823722718
5.444166131178
-37.468627401245
-149.462183216089
-175.15873015873
-113.449647141053
-39.59432846884
-132.721382350289
-29.134096263979
-202.363706118101
47.338556463068
-41.43472461783
-194.087211399711
-61.762793955177
137.474479378044
-26.296897546898
-150.926177582183
-188.795081112464
-6.018586394075
-100.749626567009
-180.882312945301
135.667297979798
-160.68255236517
7.035922844517
82.428208212144
73.235639740034
-182.964826839827
-151.766414141414
-115.849033724522
16.17201591811
-31.39048408189
-42.831550014655
-87.29300679789
-50.15845959596
-34.895961921108
-43.962093028499
-39.178488991477
-190.302298585746
-190.110229668335
138.338311617853
-33.173167923656
-108.341633057698
-165.330529767542
-34.271083462978
-175.367965367965
-193.885101010101
108.382215007215
-127.236381673882
-160.863746984352
-40.785806939371
-67.934072871573
-131.977264976777
-32.991772496167
24.922055022885
-194.597160218254
0.548603360615
-201.883124633613
-134.085956523945
-91.578393448999
-27.702844572962
-174.809593563988
-171.142045454545
-115.392496392496
-75.02886002886
-38.452311197917
108.845598845599
-51.536997345103
-153.22295147344
-117.103514920409
-166.26433982684
-171.388167388167
30.842241471636
-131.929223174829
-35.801489363501
-165.888084951073
-90.920725108225
43.804280246663
-158.73375848327
-134.20193001443
-36.21625715864
-94.604166666667
105.041187545094
-180.37481962482
134.603566003224
43.825827330222
-158.747281689664
-141.695506262401
-90.874098124098
-84.288517851506
-29.868235930736
-168.725440791847
-156.020763578869
-210.203733766234
-190.200778008884
-173.719356652462
-145.353625541126
-183.29998435809
-34.059323001218
32.557689408031
-144.861111111111
-141.4115055409
4.619619394278
-29.175505050505
-29.848005726912
-175.374549062049
3.253156565657
-138.043560606061
-138.196608946609
-176.882768815386
-195.072490389385
-171.805813435696
-78.434253246753
-39.979334359217
-107.046626984127
-30.471951659452
-149.49618393759
10.148608715503
-42.487984617379
-31.722815135169
-150.703102453102
-151.564193131088
-76.345410719922
-160.013244893128
1.244199810606
19.614066868461
27.062881183487
135.349546666441
-109.035972165855
-145.01183500744
135.966280057833
-159.364801051813
-43.019648212031
-175.780413651019
-37.749549062049
-141.200950633568
139.816731066243
-94.006125005637
-108.636191011679
-186.612270867154
-36.902765095148
-197.094668786075
18.281395497948
-44.606802539908
-189.002242007125
-185.771838079455
-91.939553881448
-153.94896157445
-87.458305149711
-206.947031700938
-168.693612323007
-133.213280968164
-39.390401644796
-140.98089291351
-157.17890399531
110.199044011544
-13.232696665314
-30.758758412811
-95.007044848598
-35.147013522502
-146.847665409677
-35.853826349432
-33.623474561463
-156.754238816739
-30.107503607504
-151.630431688537
-33.32415463226
-160.037878787879
-73.396366708378
-170.460477402372
-124.494740583852
108.407485499527
-165.934351184839
-158.021394892
28.997482497971
-187.248827561328
-167.000541125541
-152.775912022006
42.80363343254
-162.036242728626
-135.868583998467
-175.116429712865
114.464113089601
-39.173000231106
-104.25677181976
-124.755161125767
-36.816275196158
51.512105570211
-97.323765698277
140.344676536571
-40.142406204906
-108.773080272592
16.129998717645
-194.141045640557
-87.849636854031
-35.903256899351
-33.599587532693
-70.028249148855
109.622863681457
112.401355209461
-150.385441327336
-26.452729020112
-28.170081112464
-113.58839158888
-26.954844200938
-189.630349603738
-29.638700763212
-71.461940836941
-40.313311688312
-44.877713378202
110.515409395292
-136.190566378066
-191.451958198052
-37.882686378292
20.211518082612
-180.867584184479
-37.474677720283
6.638638759244
-24.390692640693
-172.75792875744
-119.815836940837
-131.735507981602
-27.636897011409
-31.722410347899
-93.220799653905
-27.83676046176
-35.264179884785
-170.72602278364
-146.578094702606
-176.866883116883
-191.014602639114
-85.692650909204
-199.151154401154
-138.117050809434
-186.433802308802
1.197760952155
-37.925352858947
-89.59919859871
-104.183639900681
-27.697871572872
-32.801685239674
-141.98050679789
-89.739698181593
-83.137265512266
86.5425065386
-89.723564819512
-88.726440605835
-128.271374458874
-167.126643809749
-83.944096376714
-90.731052855565
9.356589048972
-40.687340057946
19.881014384921
-96.717705092217
-212.094508844021
-148.764221455628
-25.2134944591
-184.158980288375
-51.780663780664
-178.66332972583
-78.170446794959
-75.693722943723
-34.845057720058
-39.199757761769
-193.503234070617
-38.372196434208
-168.1443001443
-93.190187660647
-158.933441558442
-194.414855164367
-93.562049062049
-39.389860519255
12.696516292952
-193.576847577336
39.047059955019
-170.932101427219
6.078270145653
111.219529277146
-170.556026926632
-39.78181578621
-83.893849206349
16.471943908956
-75.446678701073
-0.033379624932
-41.385018573007
102.137445887446
113.185786435786
-149.941891008297
-35.023247965143
6.372683306277
-44.810327747339
-182.710670460182
-178.961239769345
-141.702429921424
-150.061791181908
-32.358676046176
-99.506022135417
-175.525966275478
-181.779372970779
-179.471758601641
-87.975579596185
-180.481429106917
-88.542568542569
-38.016504329004
-196.845696783685
-74.127893753382
-33.291736421131
-187.618867243867
-94.319715007215
-37.562840317235
-39.481042639002
103.080274705763
-82.00485744724
-100.310613811102
138.054274962234
-191.8704004329
-147.010170764565
-160.953262395157
-37.88932714421
-198.922348484848
-143.174345294462
-48.420614487509
-157.200278101889
-199.240718428707
-186.965839336445
-167.449703508297
-35.954803334686
-95.666957662563
-173.720696783685
-85.195088440206
-91.772214330808
-203.24713443024
16.337190966585
-198.294802799197
-83.544003793516
-198.692792884199
-104.977883607278
-157.192828818317
-99.551927618822
-115.7787825239
-149.720147907648
26.609840734352
-54.754419191919
-22.143017084912
5.824556953463
-197.115450332003
-142.608653146983
-89.256583694084
-79.953643578644
-179.634567635056
-200.737365986878
-73.999971816378
-112.339798656205
-35.802496927985
-37.366182049288
-137.167097171492
-38.843885281385
-29.013056767451
-159.14612432923
-191.535235164141
-33.408189033189
-31.024822020427
-86.770833333333
39.728344761792
-194.149100519706
-34.439233997339
-24.736283735795
-27.121294558306
158.715826653815
-92.22017609127
108.236930549919
-39.452012451524
-86.801136363636
-30.129187029334
-182.430194805195
-34.844065656566
-81.921758390264
-44.585219522231
-41.588536029942
-185.003509565521
-103.063319438808
-206.343151098034
21.175484617379
-164.580357142857
11.633297258297
-79.025154587166
-93.991965553977
-96.519869453463
-116.980076293065
-99.016692454681
-27.897526464421
-37.932359307359
-38.080710142722
-34.197801818407
-31.44446487757
-65.954205137311
-95.058719871708
-38.490640923746
7.125438255321
4.451298701299
-33.173430735931
-27.347111601506
-41.094266464872
-158.370140086693
-199.048951428346
-176.243769305781
-150.680277242289
-198.052489177489
-108.922430921943
-98.530553159948
-171.851904226416
-169.544081298476
-80.126340131223
201.303313548431
12.508367012762
-33.99015687004
-38.426927618822
-160.895104082116
-159.69306344697
-91.961420144526
-144.886745172146
63.932199365305
-26.420544733045
-35.297320301227
-158.505223129735
15.749098124098
-182.609577922078
13.998459060471
-121.41456416847
-166.586649841044
-80.735237418831
-14.426046176046
-151.839937460543
-86.612976866883
-31.007243190837
-166.504529812635
91.283196783685
-48.962961084055
59.361922799423
-37.772804777688
-128.32033856985
-166.406124935178
14.747266188672
-1.745593490711
-159.968995902101
-168.528589466089
-34.586850649351
50.784369222358
-38.766426824044
112.294823232323
-39.282024345013
-149.533348975244
-89.279561096456
-165.658181282693
-32.089396335002
-158.289141414141
-160.751422568317
-25.621412929518
137.551780359398
-153.494588744589
-67.322371313582
-36.382325627931
-39.20480826682
-196.687111066017
-167.993243681232
23.100551412563
-106.441898758793
-189.062028628923
-11.831459827065
-124.980449726055
-80.356531977137
-206.039855164367
-161.150170088158
-164.785701603084
121.622183751578
-15.728347227859
-167.57423213722
53.954365079365
-97.119055369544
-28.501144255051
-193.262814388303
-86.189664502164
-168.616952871347
-137.43731962482
-167.339654215142
9.151334776335
-5.324294141189
-162.347590723079
-162.684954314349
-99.41611779063
-83.49416599026
-142.823510636499
-123.155663780664
3.9534529869
-91.531124935178
-42.865891053391
-184.873716940611
-145.872176001082
-91.702922077922
24.900440650929
-26.941988946383
-88.857593795094
-168.905132871686
-156.970168340774
-160.622835497836
-93.470987779582
-33.520374644886
-32.174062049062
-195.755419005907
107.124729437229
-191.304132987238
-37.779741471636
44.78460385101
-88.777708023314
-33.765935019841
-156.444416260823
11.554743867244
-107.930944489538
-30.035000535489
-197.837322020428
-170.580467763573
50.383498066604
-33.218606968119
-37.986049107143
-155.440643883027
-149.141393708288
-44.748897315792
-159.470230344742
-27.203561141549
-94.914231601732
25.532738095238
-27.347673160173
-38.314782873377
-42.887543825532
-26.038608039096
-30.254757043087
17.22335626071
3.464215959821
-36.812249870355
169.556076247971
-93.900252525253
-39.885802077697
-135.469787157287
119.653416841405
-34.677218614719
-33.039870665359
-37.931748427354
-68.137979262491
-36.238172743056
-43.605681888641
-76.165612599206
-31.388605643488
25.325389074901
-30.521838079455
-159.154663966676
-202.375208558802
-30.895001211896
19.767864893353
108.755699785241
-171.25449669688
-87.871142366748
-33.702463389475
-111.188672438672
-79.1960058171
-29.289669857053
-38.308261183261
-57.91523141572
-157.798227461558
16.319011473552
51.064233997339
20.111832611833
18.397717056164
-91.597041847042
49.722492784993
-1.398518527913
47.706550014655
-151.12020737509
-163.763888888889
-34.106434039051
55.902929969336
-180.402244402733
-148.017955080943
-191.053919496302
-192.834944027327
-37.123925499414
-202.267197646104
-33.049775799288
-41.05753968254
-37.627156751668
-30.52608464669
-30.240878370761
-25.687770562771
45.690308497926
-38.416043104031
-160.858212425595
3.467421846816
-135.841241657648
-97.600198412698
11.709145021645
115.796606551001
-87.162337662338
-204.039592352092
-39.367596867109
-175.611492294598
-31.266656520563
-33.324294141189
-174.322608760597
-148.015622886228
-97.246232554338
-201.847935972448
-199.672881859894
-198.432371989989
-144.365640923746
21.40259493653
-29.923992294598
155.835685961174
-32.75678450239
104.01604317449
52.374902061914
-145.386265698277
-37.989829235435
-193.465019897637
-92.537247474747
-35.77895021645
-92.154463158369
-35.312868500857
-104.30762987013
-151.155212842713
-188.813311688312
-109.547258297258
-152.787608225108
-28.95949802151
-149.141164011769
-26.621212121212
11.33371451682
-37.926234301723
-126.663492133951
-31.621683492289
-36.799082482188
57.945817691423
-35.750672179383
-156.929743867244
-198.362443491838
-136.74531024531
-34.161268093885
-1.011446073458
-193.427842177354
-90.62614425505
-85.592352092352
-178.978813666802
23.672425989809
-179.656655844156
-168.512729132846
104.443444630456
-33.470861657873
-194.773165528048
-100.302649119544
107.776437646555
-34.960330142947
-135.634199134199
-26.455988455988
-31.373015873016
-37.629759509154
-29.55103842555
-143.170642671131
-187.707534327652
-28.64638220937
-193.523510777417
-31.022067775974
42.22582972583
-186.248799377706
11.077442956349
-36.28851010101
-161.606539727633
-108.085415398404
53.228272541261
-140.513896639385
-66.790215914728
-160.631132756133
-176.359377113772
-131.511932945527
-171.855978168966
-168.456980519481
-111.374118557224
-39.352272727273
-59.794761228355
-76.789030793425
94.020029395518
-38.124639249639
16.69533856985
-44.278130777642
-77.399510591405
-31.365821298927
-194.102112785218
-41.309773939168
-29.248716940611
-199.526785714286
-133.01183500744
-156.543944255614
-183.037185470779
10.072809568903
-175.849013291396
-170.260912698413
-137.567112249729
-38.213113275613
-135.610577736066
-40.358147603265
-203.541293233676
-183.577824139836
109.742973118461
-26.189365755772
-164.116952871347
-31.255323533888
-196.16550197849
-157.705274705763
-195.68262987013
-31.419532236427
-101.977432669327
-203.851994414006
-110.345668600063
-193.624626567009
150.752635873241
16.444173881674
14.123356190251
41.993326118326
-150.661886724387
-31.08763415404
-145.543720548115
15.624476841518
-94.483315295815
-180.896075712482
-159.668630360525
-70.210034214917
3.702373201885
-89.724719291126
-163.977432669327
-190.59154040404
22.375984312996
10.205808080808
-99.115612740124
110.213502209596
-155.651875901876
19.9163883534
-38.385103476168
-162.314705720712
-185.441295629284
-196.000092653657
-43.81422131471
-132.667457921852
17.794289857278
-143.685072685561
-98.684260997249
-85.177329235435
-145.741870434253
-111.098193852588
-99.007026881539
13.332771774666
-39.181457431457
13.563041125541
-198.274538775027
-171.188943001443
-167.635253201659
-197.785423289818
-134.054736116748
-32.165968065138
-164.304743867244
-33.10597041847
-93.514700577201
-96.080517084912
-90.529110158505
-28.265450261544
9.228244357639
111.946851325758
-205.063499813988
-165.789662106557
-94.890963203463
-35.749458874459
-192.585768398268
-34.55827915032
-27.316460503472
-195.352190290179
-39.048688616071
-31.384477447466
-158.578532957927
-164.825487012987
-44.396477329095
-86.754710187816
44.789128731512
-171.364440301452
-30.520284457296
-37.798811919417
-33.317530071925
-30.486894615801
-166.231068356557
-38.828643578644
-32.647907647908
-158.922070171582
-151.202368269751
-192.991723174829
-159.361451428346
-27.362193362193
-169.499799191694
-107.439775122881
-2.317718197601
-28.273801773313
-134.118985615079
-144.364898989899
-197.466532653544
-124.497454314349
-31.753780128292
-38.672737418831
-166.862463924964
-152.966069032964
108.115087115575
-192.982433853039
-28.244318181818
-100.861479611968
-93.283008658009
-35.493514244003
-164.512092887581
-96.936409998422
-96.066105037541
-32.174520737509
-101.477813852814
-139.068542568543
-156.567883071789
-125.529844341856
107.805375180375
101.293179422574
11.627455498061
-175.066891008297
-48.876736463406
-31.629238816739
-40.594155844156
-184.066398499504
-163.729076479076
-157.028138528139
-98.856503793516
-40.366071428571
-147.592259438695
-80.131673881674
-79.774520807968
-116.293581039187
-28.630411255411
10.604256854257
-31.635809828193
-17.488808988321
-158.796003421492
-190.938754875767
-33.366161616162
-29.36486834021
-173.445354070842
51.439636318543
-159.420176232188
96.660144976551
-187.303231111337
-89.995941558442
-162.548881673882
-187.186417748918
-91.62699187748
-159.189476376488
-197.808802308802
108.324283924626
138.026988988659
-161.384088513483
-34.938159496753
-70.00497300009
-183.565123190611
-52.680563306052
-178.333062770563
20.6252832454
-26.063582251082
99.862213795319
-92.617241401177
-29.290404040404
-27.873840243957
-143.427558931953
-32.621121933622
-141.04440083029
-29.048873923386
-92.521194083694
-181.896312454906
-148.988293580335
-44.384261138167
-134.510802077697
-107.908361657873
-30.725636668019
-27.421418425325
-38.074592887581
-92.784299467893
-31.900461084055
-134.770001211896
-23.870009032851
-182.6422053966
11.468825743484
135.420155799062
-261.458152958153
-161.806630056142
-31.017676767677
-34.263265326254
-88.724719291126
-91.226739352228
-0.883289507801
-33.698773448773
-0.1277880648
-35.39517383658
-199.28191865643
-36.937943187455
216.384990389385
-147.638278008883
-192.957160894661
-46.157647907648
-71.782176536571
-160.75296843998
-142.9115055409
-139.133276825171
-25.49217411278
-34.501963693858
-96.455818297371
-175.04825036075
-80.850128658234
-81.404393403905
49.107052669553
-160.662615975604
-27.864448051948
-115.107941862825
-164.82674963925
-181.971771284271
-194.830910951028
-187.127795815296
-176.978445165945
-31.968315972222
-159.182351556863
-94.379877880366
-36.865231556638
-35.746121933622
-42.148829956935
100.954184704185
-34.957341269841
-80.38047325938
-154.516053391053
-194.754772191784
-147.709686147186
-183.25756800708
-79.859147417253
-154.25009018759
-144.103174603175
-84.853006910624
-33.620580808081
-123.328172207567
0.528027907422
-89.01155176204
14.672528860029
-152.648608715503
-133.384088513483
-188.367764207364
-207.134670505276
-97.570526695527
-100.058364053481
-62.990329494724
-80.439226246843
-191.534992784993
-38.60760154559
-143.746384745896
-171.846430967036
-80.911435786436
-39.639548385642
-180.556534936418
-37.606178977273
-195.990903736021
-35.10983051779
-33.962572150072
-210.454102267091
-205.727465785083
144.899912208018
-27.988102988591
-55.661435786436
-188.564602498196
-85.406413465007
-175.640803261409
-174.150585091991
-138.739095052083
-190.331807894796
-32.181527185922
-169.228633291622
5.751783318678
-85.7926407631
-185.763950892857
-137.888656726303
-32.765955452967
-194.965367965368
-156.594416190363
-144.988303796898
-39.59327440138
-31.255132942145
-151.649252711264
-100.915924732819
10.922430921943
-183.156364848259
-172.609307359307
97.758407879013
-150.341478400072
5.980539913645
-140.686667878562
-155.246931155867
-88.315283132666
-159.697753201659
-103.632916074811
21.717545150162
-32.63177181976
-180.725288600289
-210.513556674445
-203.788309292704
6.732310549693
-28.598477097989
-137.338030838519
-199.004769725717
-193.706259018759
-145.193014125631
-165.281204906205
11.803924428436
-206.641414141414
-205.914662106557
-168.794802799197
-39.41838023088
104.761301632395
10.085567589962
-199.274628962617
-122.189393939394
-85.74122362013
94.414051226551
3.622572685561
-20.347923289818
-206.274919958514
-1.012814388303
-42.393766769255
-29.744416119904
-187.855437043425
-158.880931947826
-33.48394414288
-101.667457921852
-193.338667083784
-171.058421125316
7.456369639475
-16.794795048701
-187.16055434366
-27.249105874594
-141.695689103648
-180.190628382035
-37.258018945031
-74.528880461986
-169.847304659316
-24.495899987599
-32.732335914953
-35.248384373873
-41.173783735795
-78.369838874233
-135.944235885642
-123.752976190476
-138.15681578621
18.289244284361
-34.190726320121
-103.699974071068
-174.942017130005
-181.371302308802
109.044653073706
-162.091831399937
-29.571358816964
-37.906483219472
-31.886523578418
-195.759399942505
136.701409322015
-1.244055369544
-81.931248872655
-166.837739842623
-85.235000676407
-166.009268888663
-173.563484312996
-27.738734301723
-79.448976723147
-43.691460503472
-180.015131082026
-40.349567099567
-92.642496392496
-187.723033910534
-99.818279756268
-94.673430735931
-92.133670691288
-36.868957431457
-100.974858095464
-42.014680144075
15.320526695527
-78.570194128788
138.941429853783
-181.868576247971
-76.896194083694
154.519410765016
129.926664806548
11.487824675325
-34.304924242424
-83.660423289818
-139.766803075397
-203.701126076614
-160.129140878653
54.695588699495
-78.99226430037
-183.03851010101
-27.223637040043
-97.421807359307
5.921717171717
-1.090718499166
-76.893057951163
-133.403040590052
-93.849296536797
-38.481954731466
-149.170343924738
-150.685966810967
-151.116535049152
20.44140625
-99.134026509515
-32.215700532107
-4.376074500586
-146.651334776335
-186.657106782107
-163.300685425685
-35.812229437229
-199.028978400072
-78.968995902101
-105.128316507711
113.112541429924
-74.634629639024
-32.606751457093
-146.760752756358
108.696601196113
10.819444444444
-158.511904761905
-161.096438717532
-178.705176767677
51.088453592848
-4.878537749143
-176.717945005299
-153.883026695527
108.770364428323
-167.385752756358
-153.041396103896
-47.458083203689
-162.992777242289
-180.832719987261
-35.600551412563
-27.747085813492
-88.405573593074
-31.017524576118
-118.336157332251
-141.623266002661
0.447441068047
-207.386752570346
14.923951428346
-87.649621212121
-195.4568001443
-176.355130546537
-155.906184473079
-176.410062539457
-26.844426406926
-25.379968067956
-110.892328699946
-187.074855699856
-90.202048385642
-34.303293115305
-151.891442325036
-33.656655844156
-88.611389424378
-104.703102453102
-178.832320836715
-88.652146464646
3.900190521284
-86.704622959506
-70.316370315882
-110.311605874594
-38.45211038961
-173.169310290404
-34.697879323368
-87.860216985705
-105.975891729798
-163.434613997114
-77.401757530664
5.598505281611
-29.897899897412
-38.018730835137
-18.238636363636
-149.394944140061
-166.077769886364
-39.169109482098
-31.874556812545
-190.114718614719
-34.371913188808
-147.875450937951
-32.66559216608
-78.547466856061
-103.520214702832
-29.790924732819
-35.667400850018
-39.290223665224
-158.733036982549
13.707804890422
-88.540133477633
-129.247863681457
3.963556463068
-94.216617909001
20.189205813718
-31.242973118461
-151.157369594381
-153.787809033414
-192.531565656566
-92.189205813718
-172.080524835408
-137.442439884334
-76.551329421447
-174.965179839692
-36.23671424062
-186.948330261319
-186.317988760372
-78.382506003111
-112.435528555646
-152.780403434456
97.51548408189
-196.066099753111
-64.405491155979
-25.988012801001
-163.403416841405
-167.732433853039
106.034078226461
-165.251796001308
14.616772496167
-87.257756132756
-150.797139926046
-91.286185656791
-157.43757750496
26.632563074946
-149.551566868461
-164.704908670973
-187.17525492086
-92.709853839737
-184.012458570076
-31.460941022953
-35.41055434366
11.651695526696
8.449286390693
-152.395933737486
-37.56240981241
-97.341748962843
-77.76174481985
-158.865267490756
-35.87308562748
11.287660012514
-127.338002654897
-32.069874949269
93.271366708378
-78.722763347763
-145.372487430105
-68.24600356241
-78.778048340548
-115.701819393714
-102.458062770563
-190.156926406926
-125.193813131313
-176.016656520563
-200.216249408144
21.941107503608
-201.553002119408
-104.972152467758
-155.90176528116
-36.149891774892
-189.422049738456
-38.404282783189
109.790584415584
-31.044454731466
5.757333378427
-34.413071845689
-38.278852278364
-170.738546176046
-170.708694083694
-190.949237069354
19.634732509244
-37.821088254194
-147.420093795094
-149.388778268173
-106.863558858676
-95.695707070707
-186.122745310245
-34.452027952516
-171.0625
-21.133207070707
-29.541658916171
19.513618326118
-94.97258543865
-95.094065656566
-37.748827561328
-29.467622655123
-158.51919727408
-138.00468975469
-98.760170764565
99.457591399486
7.328373015873
-31.243944748828
-178.324031328914
-133.447178255772
-63.145104082116
-155.533029091135
-39.371552438447
-189.700868196474
-32.132964691558
-106.735201484713
-19.850657101145
-80.386203694309
-86.120109437004
-152.984585672574
48.096688847177
-65.489066868461
-40.065865124459
-34.291313666802
110.416277732684
22.312049062049
-111.431374994363
-31.886121257215
-171.01137138686
-33.721488038871
-165.539133663645
-35.299863520811
-171.465586740733
-32.878968253968
-191.51453288465
-32.492063492063
-159.163211354618
-152.000734183351
-30.327831890332
-161.433351370851
4.269751082251
-186.010634385146
-175.801406926407
-143.828545640557
-70.813652005547
-181.994027185922
-131.46358464669
-163.330898268398
-165.479249103761
-142.509670505276
-30.434245496257
112.826687635281
-88.051316738817
29.345939162834
-33.662688196135
-184.307908183396
-28.959693897682
-70.01824607684
-96.18063799265
-176.941378066378
-162.330800330312
-100.02694565634
-171.699765512266
-188.968642902237
109.596029350424
-30.697021484375
-159.651896335002
-76.956439393939
-179.760752756358
-86.284799727183
-32.763909322015
109.505862193362
-88.976072104978
-202.460144835633
-94.146464646465
-201.827729020112
-176.174422799423
143.836010777417
-39.731240981241
-36.617764559659
-188.677030489042
-140.187139249639
-41.371031746032
-95.319684357526
-79.862824675325
-28.906774215368
-177.183912929518
-29.207542078148
-107.827731486179
-105.741341991342
-141.772103710092
135.073234789299
-199.357774170274
-142.180658425776
-28.257284761679
-42.183018804113
-145.061307128202
-144.043019480519
-196.859930921943
-34.327192826705
-88.153228715729
-37.801690171807
-149.196070287135
-196.448675510687
-132.900141904536
-123.538948356331
-171.702012451524
-160.077471139971
-170.354695109578
-66.460325210813
-172.780385467397
-100.573863636364
-209.402667157062
-50.691759249865
-31.327368269751
-38.112103174603
-37.729888167388
-34.75565363456
-40.940533262311
-184.00659144458
-46.330828513934
-147.737463924964
-116.443272005772
-32.145361962256
-158.373183565566
-175.774731832837
-53.555014430014
-42.58439515129
-99.346480288375
-149.769292393804
-114.384567635056
-194.493333868822
-100.280676463294
104.398907461896
-30.466207837302
-141.242867429879
-99.423902107008
-87.643676581665
-93.759309754915
-191.328733766234
-159.977971328801
-31.942097101033
-156.402929969336
-182.614277893331
-40.124105874594
-211.579176953689
-102.629509379509
-2.128239002751
-161.820624633613
-150.053638716969
17.888239608699
-166.475468975469
101.219967532468
-27.766963017451
-193.943071197466
-91.939484126984
43.123987503382
-201.952393635011
-37.488463738952
-10.190496623602
-36.507292512175
-82.311147186147
-151.443001443001
-134.046524113907
-50.008207070707
-34.588211213699
-35.715896408279
-173.961740028635
-27.940306031859
-139.870573057585
-210.142766955267
-34.196158008658
-190.385250735593
-33.985119047619
-169.383575571564
-157.418818486201
-37.445173695662
-27.961219336219
-96.69992545432
11.706459827065
-159.398067589962
-199.876290809885
-162.077200577201
7.258959221117
111.890524948142
-54.275200737847
153.071799538352
-148.964654215143
-102.61743199292
-76.870573057585
-78.030704999211
139.748196248196
-195.440033003021
-151.848304473304
-182.991911300505
-176.850288600289
-84.583944213339
-38.106761673656
-78.054321112915
-163.563041125541
-82.771727458739
-33.12518037518
-29.99503968254
-163.513868455763
-168.838030838519
-77.241625236742
-177.860312105429
-192.818431947826
21.48747167546
-32.49781506471
-43.065303565792
-79.552661802174
-190.334698829816
-1.909441442889
-156.606524226641
-177.407024345013
106.110221917839
-168.854444979933
-35.353826349432
-151.587502395608
-97.201020388032
-34.913041196
-37.82205988456
-90.837031024531
-160.127337126849
-33.697572826479
-83.299172669778
-106.723845598846
141.066656379645
59.66532160331
30.052780173386
-90.215445470328
-98.648379018984
-169.944111877706
-188.604308641662
-126.115981240981
-183.887273262762
-89.912518037518
-81.250901875902
-42.745031932044
-161.642844460227
-169.715277777778
-127.552308802309
-183.514700577201
113.127435064935
-78.246011312906
-38.011544011544
-37.888979076479
-166.629329004329
-199.914592352092
-124.077561327561
-158.356511544012
-29.90892321654
-34.664149164637
-163.229457662563
-156.818522135417
115.14133170432
-169.222492784993
-135.465638528139
-174.88195219494
-159.388888888889
-137.473317155934
-198.868596681097
40.223142065183
-39.986193548205
-96.744678932179
-153.106171226777
-165.104797979798
-152.459608642226
-149.305364963812
10.537358095464
-146.554014616026
-92.118797489403
-123.864968744363
-158.674072265625
-197.78354978355
-214.55484180533
-193.78373015873
-163.645008962392
-146.356892727498
-139.896284271284
-151.158988038871
-173.259317505411
-141.396444213339
5.497585368191
-176.01902958153
9.148997649486
-197.19027538217
-154.391504329004
-100.171529046041
-51.401146650658
-194.381132756133
-31.247286621798
128.377164502164
-27.597771098259
-190.527958152958
-155.159652467758
-87.875533375045
-31.559995180601
-168.738698367605
-92.558441558442
-29.844155844156
28.98184411075
-190.419983174378
-29.702118140106
-89.200286204681
-144.930354747249
-153.152617835723
-32.801504864493
-112.44696969697
-178.720348715954
-45.662239724251
139.102803636251
-27.621675741793
-99.922168109668
-199.526432714421
-157.173861240756
-35.952929828418
-166.777700272817
-138.717684659091
-129.604437229437
-145.454906204906
-159.403602148719
-125.056124864719
-159.121114183126
-102.594676536571
-36.276445397051
-32.233503421492
23.862373737374
-171.247925685426
-25.211211585723
-33.358585858586
46.339757085363
11.707812640918
-97.974629103535
-166.377512569895
-198.643217893218
-91.320645066739
-50.901527834145
-34.092512034407
-92.134359076254
-41.253274936869
-193.002873320256
-171.10396585836
-195.729249103761
-164.989259926272
-153.381764069264
26.054354933261
-167.145361962256
-28.872294372294
-137.306388029288
-40.617334054834
-166.680679211197
154.192037563131
-85.605459942618
-158.653581715593
-179.213105525117
-112.80954424265
10.220681282693
-36.680854301948
-91.346402783414
158.211407461896
-86.762793955177
-31.983163104257
-98.051337171943
0.526535584641
102.282114532603
-161.021444213339
-33.595701715819
-107.612283549784
-129.686827468322
-91.959333147321
-34.430362497745
107.872753060741
15.015331890332
-177.883508283166
-156.63437950938
-71.893586394075
-184.24502699991
-39.024100519706
-105.511814574315
-30.833333333333
-193.367604617605
-161.967163966676
-199.876775568182
-207.729978354978
-173.252393846388
145.115550736156
-172.311250056367
-161.399899525388
-40.412878787879
-27.093895497948
-176.760191197691
-207.451319134425
136.383920820933
-103.402790460408
-143.803883209889
-195.75954720193
-136.821616697105
51.505674067686
-172.468073593074
-91.042179608586
-167.612656982774
-133.519292393804
-51.989960993867
-167.837579900568
-170.273185961174
-158.582993016098
-106.49252218051
-195.37022005772
-29.78870315882
-43.354728225334
-33.662816783911
-144.589564027552
-38.51373669733
-192.636183261183
-111.888798701299
-42.073142135642
-187.470127474522
-34.7626058295
16.048868991252
-98.285173160173
-47.393565960949
-33.728244357639
-88.279200346095
-35.483232858721
140.903581715593
-42.590447936395
-32.39926046176
-138.9175065386
-175.657189219201
-96.684232813627
-29.074404761905
4.135814760326
-176.263979076479
0.491813362419
-52.543359797754
-40.946949263844
-38.830968022863
-97.488906926407
-140.072441068047
-176.822350880456
-1.409431226326
-32.913608039096
105.008124633613
-179.930001747385
-200.031295093795
-97.147825210814
-178.533271470283
-3.845526625068
-40.854888167388
-197.728264790765
-162.986118861607
41.542491037608
-162.389187635281
-163.194887631899
-144.405962527056
-33.310162873151
-75.775600592983
-188.49791793493
-27.881854256854
-25.016865079365
-68.600677886567
-196.349116161616
-30.459595959596
-51.232163290269
-35.062221686733
-0.670717357729
-191.936856004239
-180.878004374098
-35.271547083559
-153.765532698638
-159.435155122655
-140.893148138754
-183.975120907738
-176.865329494724
-177.144763764881
-71.712391774892
-190.995588558577
-93.6056998557
-100.343253968254
-29.976801356196
151.609178771532
-200.216215940093
-152.222485034497
-54.979514734398
-162.993846810741
-153.997216867334
-35.787324979708
-155.505292884199
-197.001540939529
-54.618333868822
-187.788141600153
-99.823342943948
17.569707256719
-184.625541125541
-30.487082741477
-154.005862193362
-160.588195712707
-37.609668109668
-23.180297675415
-33.412608225108
138.057060560967
107.901715959821
-27.474927849928
15.429743867244
-71.363275613276
100.18941437252
-146.167027417027
-164.268320763438
10.57884438695
-34.571518759019
-124.962822279717
-40.744838874233
112.817480750586
20.070809940927
53.152569218975
-148.469794907783
44.933170995671
-79.165563982459
-153.624007936508
-153.970570661977
147.779954962572
-22.542901109307
-200.52580140129
-35.198134385146
-31.750028183622
-181.192710447105
-185.050796046402
29.11707124256
-29.907938903544
-170.049505236517
-97.068895568407
-176.992403809298
-46.313783059389
-151.758825701208
-34.447871572872
-202.307879999774
-192.736832611833
-7.043748731737
-138.122482497971
-123.378496882891
50.67115561305
-141.970717216811
-181.370663245175
-142.443841314935
-104.581418960814
-193.458513708514
-112.163079596185
-25.354277287383
-104.931199551317
-74.92506186305
-192.564393939394
-136.384031441649
-147.941398499504
108.13159144458
-117.697358630952
-168.235119047619
5.343864848259
140.350018037518
-205.340117835723
-164.877324444219
-197.565133407174
-169.3315168989
-143.804403550009
103.882403132891
-96.070444258433
-168.689942815431
20.561569940476
19.657088815048
-167.972332842938
145.207874644886
-35.975767721861
-24.619310431322
-157.552468744363
-167.475497159091
-172.681887936282
-38.778228715729
-98.488997113997
-174.305673926768
-22.654220779221
-176.149350649351
-189.462852929406
-28.965535657918
-86.494047619048
105.874368686869
-146.658181282693
-82.037518037518
-34.486860795455
2.879800375406
17.772173464556
-41.37690168989
-198.209748151154
-144.844897778003
-159.877886002886
-90.163610505163
-30.31737012987
-91.020936203553
-42.643867173408
1.661165223665
-42.771714776109
-143.842382742041
-133.397534214917
-67.013881138393
-156.278790274396
-88.083894892
-147.489448051948
-27.335961456079
-163.186154936643
-36.387183075171
-27.0220882091
-106.684884559885
-155.316295629284
-35.448420448909
159.689734256629
7.083763838158
-36.843802844291
-159.642406204906
108.553952612058
-107.141574083469
-90.778138528139
-161.475912162924
-174.404413837031
-89.571859076254
-29.494588744589
-16.001192871798
50.812139249639
-97.965548340548
118.225489408595
-38.620150303256
-29.012015382621
77.49025974026
-164.539600102588
-192.426685239674
-31.157217402823
-35.194555065161
-91.05744949495
-194.067661125767
-203.568099381088
-33.400342712843
-191.616321558216
140.002512569895
-142.632846320346
-167.716810966811
-125.774240028635
-106.69687950938
73.089203277192
-164.060085368191
11.958243145743
-26.100649350649
3.44428450239
-142.78433328824
-38.727030348124
-133.226481472087
-76.7944522654
-31.429362683757
-139.405220593209
-96.305375180375
-41.260642135642
-78.522887214782
-177.971979843074
-196.412948542343
104.100087791982
-146.290757040269
-103.340548340548
-97.963932714421
-196.006833823728
113.651607805172
-144.987533679428
-100.0190168989
6.973567285579
-165.60797497858
-36.419184168696
-166.647894965278
-28.736582482188
-174.967061096456
-26.318642972696
-151.341187404176
-166.397013522502
3.536894474883
-195.064942815431
99.746490434479
-174.690829190341
-201.563574500586
-169.851272913285
-155.901535584641
-36.155663780664
105.515963203463
-151.993428988546
-191.217442279942
113.141767141279
-94.922438672439
141.415494227994
-33.239079551091
-182.454878021284
-192.794470232459
-107.994416119904
-69.618929247835
-88.177190431097
-92.440025252525
127.88655176204
-133.64630470441
-144.037317229212
-185.039058977047
11.3811352222
-75.114878556773
16.559461805556
133.653401340413
-38.59632034632
133.445547128653
-32.332521645022
-29.801816293516
-175.788662292569
-178.753427128427
-181.540682353671
-104.940128122745
18.408611787518
-32.381655914615
-44.440746753247
1.963105525117
-185.605339105339
47.569632570121
-195.894931457431
-26.991890867379
-70.0241829568
-107.422425989809
-162.864169738681
-163.198703694309
-60.229437229437
-117.30179586039
3.574397011409
-39.831349206349
-85.095786971275
-120.430735930736
-186.046273984262
-95.271977588384
-28.757042382531
-192.9441943148
-31.897394705988
-39.152597402597
13.107972512514
-176.256320881809
-32.906212656701
-79.704517270924
-189.762598079004
-170.130439439033
-33.551476680871
-85.968444559997
-39.547590863997
-114.840187590188
-29.741411745806
-36.779102408009
-39.151703277192
-148.394751082251
3.321608946609
-143.24304780506
-171.96331408392
-97.389909136003
-158.720877158865
-191.67134867086
-187.23662405303
-35.164419727408
-151.876159756043
-28.693452380952
-183.857851675234
103.910263347763
137.102383347989
-32.395743145743
162.225440791847
-71.898829956935
-63.354908600514
-132.208410838294
-183.439095193001
1.181527185922
105.734008612915
-82.068612323007
-173.955419146825
-133.133567821068
-35.857130174513
-34.494871989989
-86.851378601867
-111.051076825735
-171.304473304473
3.100108225108
10.304383116883
-28.649600778995
-101.068993506494
-40.281527256381
-178.864455802444
-161.331246336129
-121.004058441558
-153.113816738817
-34.097274009628
-159.660013218119
-91.834838338745
-31.685966810967
-190.079197386815
-198.41629816581
82.426149046266
-121.455107013212
-161.294191919192
-36.91810966811
-95.584384934727
-182.270472582973
-188.51432714421
-120.366251803752
-107.417937043425
-109.070243450126
-8.910562094156
-21.574314574315
-187.760351139746
9.048611111111
-39.076491759109
-182.594356652462
-67.251463434569
-174.390138832522
-28.993885210926
-43.911886724387
-178.338945397051
3.768135456124
-39.05275974026
-209.745979958626
-29.634137130231
-192.482253477859
-39.008235254329
4.011572195166
-38.332042523449
29.538772913285
-34.522608901515
-159.665785223891
-107.313339871934
-167.204372829861
-200.526937905844
-194.564767372385
-168.828192640693
19.706266769255
-167.106593981106
-36.639971139971
-88.19427181976
-127.132124819625
-153.321997880592
-36.301226551227
-39.340097402597
-112.924505236517
-178.535263347763
-162.784181096681
-88.558539496528
-158.1183056852
-154.999430690837
-24.053821558216
-29.730261600379
-1.62435071981
-148.952491573097
-72.164051226551
-42.622116463181
-52.027126031521
-164.816661311778
-108.002615440115
-35.66055434366
-40.397095959596
-104.733856421356
-151.589215959821
-34.037087532693
-87.535065005524
-26.976378601867
-152.802476494859
-187.032189219201
-192.952048385642
-187.197781385281
-204.172799422799
-31.000262812275
-160.076048571654
-97.309363867469
-151.121482683983
80.388597892992
-174.515520016008
-86.286075036075
118.659521413916
-40.611840362329
-185.591888471771
-149.972325092442
9.142336450442
-153.929202741703
-150.990197736292
-194.641927083333
-193.998168064574
-97.243583998467
-148.051414676903
-95.948691011679
-30.432920866026
-103.109745614628
-152.484320041937
-185.658266538149
-176.473021227904
-158.525690780574
-178.563680189168
-170.995580808081
-147.220591095103
11.897374272863
-31.239780618687
-94.992083925189
-23.450396825397
-33.905947026064
-64.673783735795
-155.663793346411
28.999667433261
-186.228174603175
-158.639187635281
-170.015530232571
-31.53546415607
-178.666383421266
-86.546755571902
-173.615342177354
-164.474464229347
-147.351711168606
-99.696531441649
-91.282119464737
-28.101182725694
-29.290576665088
-195.32406444467
-40.182990620491
-38.480887981376
-99.745859121347
-111.016171762266
14.331578198277
-154.402617835723
-82.209145021645
-27.564672252661
148.01126323221
-190.088896780303
-52.256243376849
24.17019173318
-27.385740073728
-47.11562049062
-189.334345829951
-21.7952946034
-173.773088023088
-103.043462667974
-93.71854496415
0.05963443024
-152.879176812771
-95.750541125541
-76.524989712978
-34.96768994352
-42.051677489177
-79.216720779221
-35.102071918966
-157.126520506403
-192.984598355204
12.490638457679
-41.120969742063
-199.638688080583
-36.41369047619
-142.977883607278
-151.787267907873
137.894460086355
-25.578184890197
66.441009565521
-175.204828699946
-163.724767907873
-147.894400548453
-194.923152422664
-146.353174603175
-168.157184287067
-158.166424287518
-35.266885512491
-138.497371877255
-0.399879092262
-29.492875180375
-44.296835542929
-173.908632220644
-150.502976190476
-170.767648584055
-116.587842712843
-26.050234487734
-138.462481962482
-86.522083276966
-155.143841455853
-33.39295754701
-163.534021154627
-84.204638108203
-30.516656520563
-163.572338197826
-188.360910302805
90.156225339331
-93.669011544012
-185.436667878562
-34.993506493506
-166.521013708514
-155.816908975356
-30.809946563853
-41.047951614358
-31.297410488817
-121.355359538465
-38.62195405506
-0.326200763212
140.104705326141
-163.390171948277
-45.83579658189
-35.741050995446
-26.858016549423
-195.795544733045
-178.039862914863
-186.959776334776
58.451216264205
-203.676649305556
102.937950937951
-30.68454424265
-25.600669783775
141.732032236427
-27.218725339331
-130.006624912631
-175.864989177489
-145.204805800753
-181.929846737464
-33.515582019977
7.178648933532
-194.530663780664
141.117973118461
-27.792748917749
-154.343411444242
6.254066192054
-192.655656030168
145.61516955267
-39.491231370626
-34.971410533911
-93.429452871347
-234.431630056142
-103.610181051587
110.577100173047
110.619137806638
-36.179390867379
145.704365079365
-43.438249684343
-32.144751082251
-164.295253737148
15.801559117965
50.188512496618
-85.501074500586
-42.501172438672
-187.813762626263
106.290877877548
-42.968060910444
-152.153852278364
-80.514159451659
47.346201975108
-56.062672624684
104.363906926407
70.365973490485
-39.127344877345
13.274538775027
8.502344877345
-190.215909090909
-31.64125419936
-107.187688125676
53.246121933622
-44.016774891775
-153.296335988231
-75.668838919327
-153.38186200735
-174.625479121573
-34.219037472944
109.200847763348
-188.84134734623
-156.103625541126
-173.786255411255
109.242797675415
48.369145557134
-32.52703584393
-43.247863681457
-140.201278268173
-21.466249408144
-142.548410302805
-197.756583694084
-141.428092306999
-52.009206884695
46.95392189191
-143.845426220914
-18.067880605722
-33.321426105362
-117.009011008523
-166.099719291126
-88.701651701163
-31.616550550144
19.987827141392
-100.573925640332
-33.897018454636
-29.41123497813
-30.238262930646
-68.300492367875
-69.343176463294
-182.52867965368
86.458253362306
-170.503274936869
-151.144869453463
-201.897103710092
-167.370482869995
-52.773005585994
-37.551935369318
12.32493813695
-172.3777880648
-150.296995484984
-194.276236838249
-35.36515687004
-29.8170995671
-176.271096145608
-99.126262626263
-87.200229132846
-160.236770607864
-86.717560651154
-10.882395382395
-202.038801096907
-190.459345829951
-37.675214054609
-189.842282337888
-166.246314991432
28.483405483405
-32.271616838023
-85.410242914637
-154.121946304564
-142.714844806886
-174.818911069399
-179.447441068047
113.856390706732
-197.835407647908
-92.114558672664
9.853685079027
-176.138590142496
-196.397719522231
-37.242083925189
-86.202749453238
-96.382583508072
-202.441107503608
-160.713396521014
-167.015790578779
4.327187894571
-95.830815831304
-188.249827375316
-32.601551226551
102.191558441558
141.349559349071
3.119921311328
6.112293766346
-201.934052438447
-181.985216985705
103.382784316378
20.815566378066
-152.01424963925
-108.759990389385
-26.778409090909
-123.385101010101
-159.637987012987
-37.041514475108
-101.035533910534
-81.912698412698
7.462190966585
-30.861819929203
-186.815754503743
-30.002061631944
-93.117334054834
-160.784451659452
-196.857220362103
-94.044302539908
-32.627365310471
-89.335075081169
-140.615432364944
-157.006305380817
-90.772108642226
-25.762716450216
-175.395846015963
-158.561868686869
-95.168019480519
-40.148268398268
-44.823585323097
21.136203694309
19.094068122633
-199.822248010236
-187.577631082026
-152.875643995761
-191.471488038871
-143.431900618912
-145.046536796537
-143.615538053526
-154.030483405483
-185.030844155844
-31.766774891775
-33.205066146961
-161.924755366162
-27.932367057855
-38.263590142496
-103.768377835272
45.145304890422
-27.649420403815
-41.205808080808
-186.760912698413
-170.636453823954
-115.192259509154
16.283266538149
-109.28956416847
-166.082709770698
-30.49053030303
1.881125005637
-93.190648815161
10.109856235345
-170.331161080673
-15.767594330583
-48.389097447691
-130.515582019977
-146.363844922439
-194.946961946474
-177.251262626263
139.060335497836
81.960678210678
-41.413427663916
3.314466159925
-34.456106827201
-33.867687054699
-159.611180865575
-68.705906018894
-153.326048571654
-83.743133060516
-87.33448533888
-102.716991341991
-46.071670950577
-171.925082296176
-157.470300099206
-80.372675555781
-29.957624515242
-90.626422568317
23.133665759154
-130.580828513934
-91.272727272727
-149.983472771803
-37.308642366748
-25.631385351844
-35.753169248286
-136.439566564078
-136.128607503608
-31.647987618935
-16.240411931818
-39.638819134425
-152.389708327697
-178.205447330447
-155.927239047845
-165.460866336355
139.58285421176
-201.437700808306
-32.386260766144
-24.830545268534
-150.874979566874
-33.306374994363
45.200726926069
-140.988283363772
-134.11257454568
-167.98059698548
-163.276404530799
-182.994781802399
-180.959928526335
-36.170572916667
-23.122897501804
-132.839826839827
-46.901216405123
-146.35370797822
-25.283428946271
-150.130308385191
-140.568875135281
-196.104805730294
-158.998126493732
-99.739370546988
-27.884229783888
11.547549293155
-101.190996882891
-148.861574731692
-149.558289366883
-38.873564749053
-38.486103360615
-195.600108225108
-154.619057835611
-33.676164547258
-181.752344877345
-75.184413188808
-167.208152958153
-78.170163549558
-36.070957200352
-31.806735744724
2.927821744228
-50.155586275703
-143.664772727273
-81.846652913059
-118.377316693723
6.829643392632
-37.821330633342
-201.080364893353
-141.901064213564
-190.428169459664
36.251553622159
-32.459415584416
137.780553159948
-60.431014244003
-79.115808616297
81.552141109758
-29.879939884334
-139.64698533888
-156.839674648268
-175.346869222358
-30.08172263934
-34.207993016098
-29.911744749391
-83.46845477656
111.036783854167
-201.158091095103
-34.668761414367
-160.396232483879
-18.616050995446
-197.530753968254
-203.338837594697
-39.257026881539
-174.195969882982
-39.691836754825
-153.777705557247
-150.256653448548
4.396284271284
-31.245851370851
-149.914419727408
-28.431830864448
-191.968073593074
-100.761155077561
-111.280303030303
-175.594676536571
-34.639692826705
-143.860722177128
-187.041408786526
-128.69036556976
-83.895119583108
-168.283792162698
-155.89211520901
-37.279220779221
-188.399899525388
-29.414218919102
18.166468324427
-39.315829190341
-152.390782828283
-154.419310290404
-33.635198948187
-25.092620189056
-57.14620183419
-75.27904040404
14.779792554451
-21.542388167388
-195.053841991342
-78.875639063627
-108.071358816964
-36.354687359082
-128.672356235345
-29.395013894526
-173.426948051948
-2.243686868687
-24.644550273945
7.839803940634
-87.63195219494
-192.134297072285
-151.00937950938
11.118065772119
-153.978017127187
-160.887383883478
-199.280503838609
-179.854957921852
-156.664780477769
-88.141226015738
114.91685725841
-85.954122700216
-104.582895078012
-41.740968558351
15.926213868597
201.977986477498
-95.459886955492
-34.812778313267
-138.946706884695
-45.801198367605
-180.832902828508
-87.334402901786
-97.025051716946
136.485397360886
-198.482586044598
-124.670815295815
-173.832361702967
-148.031037213654
-198.667728484623
-102.1681998557
-177.527847532242
7.58630952381
-198.426574618957
1.079262209145
-176.610598169192
-79.171987734488
13.065906695301
-183.353416982323
-80.239177489178
-35.327401385507
109.584513522502
-193.002886002886
-185.771263838158
-202.08858464669
-149.101252480159
-39.8490055409
93.05084536774
-173.879411441423
113.208985079591
-139.136245265152
-28.572703880321
103.624561744679
14.093692223575
-35.141135828148
-109.412157287157
-150.412435600424
-39.730310921717
-35.335227272727
-112.787350344968
-36.159549597538
10.837925149937
-155.571621629239
-193.750999813988
-155.275314529221
-147.626893939394
-197.422528860029
-21.551878297484
-41.094689219201
-89.668991110886
-77.430725714173
-162.035984848485
-177.077040635146
-91.754308571203
-106.484008612915
-171.606962481962
-207.589007401019
-25.157640157152
-98.953561141549
-34.699113766008
27.748925499414
-90.236569799558
-183.828442770337
16.774724082341
-122.405094471501
-27.215208023313
-91.304715683622
-193.371412929518
-5.497667805285
7.138999509605
-26.318923752029
-71.443189568678
-185.762958829365
-2.033980288375
116.017849392361
-161.404241212347
-35.621392496392
-70.758297258297
-150.781643161526
-28.947178255772
-44.642759204771
-52.634206884695
-48.04339291351
-44.305735930736
102.264156985593
-79.672425989809
-33.058621933622
-156.239801051813
-164.010559698548
-59.013195571789
-43.701491759109
-25.348505281611
-162.783521599928
-85.200327070933
-83.511827256944
-29.207709770698
-157.575749825262
-27.555395613501
-192.988386233992
-197.964077155483
-54.647825210813
-102.802419423025
-28.942197505186
-178.533737909226
-109.647727272727
20.16829004329
-164.327118140106
-190.158799913194
-90.49025974026
-124.241153865666
-46.728465599071
-208.572400201795
-87.560034285376
-65.134101196113
113.001443001443
-44.902223969607
-33.157627474522
-74.013979076479
-194.791666666667
105.14898989899
-44.149538775027
-80.830364893353
-176.968684473079
-205.417949726055
46.95776402417
64.940584345125
-36.133116883117
-75.881125005637
12.20489845441
-87.594758973665
-30.905663780664
-41.052218614719
81.946606480542
-163.760662568768
-89.005259063853
-195.638881138393
-39.020493016098
-148.225018037518
-163.908840779446
-97.627615440115
-182.391143578644
-151.989628427128
-160.020472582973
-176.088141459235
-99.44315363456
-78.158361657873
17.265143764655
-81.709137271149
-139.637002699991
-73.184253246753
-147.642037704049
-31.640883232436
-192.87700456011
-96.536546407152
-32.455815831304
-199.565774936869
-173.13196487757
-186.782189219201
99.655653564101
-27.318483030641
5.941620445527
14.941398499504
-159.184093304699
-90.408279220779
-38.745949308938
23.876553622159
-189.944985569986
-96.34125715864
-102.673889424378
-29.208312900207
-156.656934157422
7.787059349071
-152.481503793516
-37.750701067596
-199.723956219562
-179.435064935065
-113.702278082161
-136.109495484984
-32.524739583333
95.820096190702
-89.048528674017
-93.830467763573
-17.054813621708
-31.172446422935
-162.591089466089
-174.426579551091
-89.176968485074
-182.507833637716
-143.163981472087
-191.529511775117
-155.638146602746
-39.337121212121
-152.336038961039
-108.609217171717
-172.64602145901
-145.708395337302
-168.248835311824
-175.465367965368
-138.657487965593
-135.809516059028
-28.040146160263
-34.086912653319
22.588917213429
87.246765929383
-29.867493996889
-153.961469465864
102.476994414006
-97.825917517812
47.130772005772
107.082632265738
-31.930826118326
-33.801476680871
-85.458951963835
-41.020031861585
-93.694694574089
-175.41332972583
-158.775633708739
-62.883575571564
-158.542104921988
-84.37003968254
-152.577409136003
6.694895382395
-26.77311620671
-19.614981426993
-77.665965599071
-54.380591630592
-46.086046711535
-163.485361426768
-85.080738326344
-35.360036610525
-33.957542078148
-37.255674067686
14.979514734398
-43.213203463203
-157.251360564349
0.893416235457
-183.787067099567
-42.43071549761
-183.203365265377
-31.834075267181
-31.862154962008
-50.150355395473
-191.072052134064
-96.029769655258
-81.111832611833
-188.413780663781
-89.471021599928
-47.561495253878
-30.142975514069
-38.452300981354
-24.114435369318
115.438484312996
138.146724992672
-172.895312640918
-193.842594471501
-151.289855164367
-200.864836985931
-35.295176232188
-86.691390749008
14.128419377931
-2.129761975221
11.107112207454
5.623113811102
-187.623639435651
-121.733933926317
-138.777847532242
-154.311069681187
103.751164688176
-161.046786926181
-98.597222222222
-38.442821067821
-156.434704184704
-37.436868686869
-147.945263883252
-96.134317505411
-34.158116812658
-120.588842526831
-29.889981356534
-179.116710492199
-178.94297325938
-31.942468067956
10.501803751804
-162.476461038961
-178.27398989899
-44.667040099657
-72.157480215097
-41.395805149711
-157.393558210453
-68.685606060606
-196.67794011544
-40.06718975469
-43.702852323458
-163.370122119634
-155.379218383613
-20.249368686869
-91.763105384199
-84.628980936598
-25.770194269706
7.049082482188
-159.941017316017
-176.633415629509
14.998023623512
-93.318465063582
-119.076208513709
-91.77504396645
-171.739157056052
-28.620851370851
-106.872016059028
-186.420634920635
-29.837141645247
-98.447773634785
1.660894660895
-33.784283966901
10.709145021645
-37.611742424242
-37.320969882982
-162.97757182596
-33.866542799648
-143.425677675189
-154.835788831394
-82.48365561305
-24.876553622159
6.618248613366
-105.038780663781
-170.245941558442
-187.615993923611
-181.716700346095
-198.666965413059
-198.363734301723
-191.115788183171
-33.708255828373
45.230519480519
-181.288718659812
-32.447510822511
-88.518779451885
-165.157189219201
-98.801878297484
43.886523578418
-113.88446969697
-34.713543780438
-148.124626567009
-95.704816017316
-106.826486826975
-89.675172483766
-41.265311457206
-192.951110575622
-171.236299236788
-11.259369292817
-195.92725208277
-142.738095238095
-137.852896289908
-162.321997880592
-36.134838197826
-144.217991155979
-38.944887631899
-33.352535539547
39.044212352318
-166.473374227769
-28.326458643353
-52.763278008883
106.449755295703
111.375352999865
-31.133490316108
-175.306359493371
-40.213141459235
-184.194346506358
-139.111742424242
-150.809856376263
-83.549590491973
-92.803599612193
4.770413045071
-41.704643392632
-52.023338152733
-142.064040939529
-63.743867243867
-173.99313799265
-197.51034338925
28.729908600514
-37.536554157648
-176.493764373647
-106.789223851236
-49.392488642
113.673167923656
-154.650170088158
-130.32511851213
-138.137716450216
-180.048541356647
-38.108606291712
5.208145207657
-207.334047083559
-88.782099031611
-210.457874644886
-55.670725108225
109.269037332026
-84.221771284271
-141.747753060741
-153.912046666441
-34.175054112554
-68.287510287022
-195.789772727273
103.017857142857
-151.998819810832
-164.911706349206
-38.588474025974
-204.265131082026
23.637435670883
-36.248765557359
106.489275427264
-188.704081833965
-163.801685239674
-30.629329004329
-154.482080853175
-185.543838919327
-182.782738095238
-151.695859262266
-8.569472628066
-31.003599753111
-76.834062584551
-146.129238816739
73.333145207657
-31.969078339196
-83.038249754802
-189.791133291622
-71.651613089601
-36.831459827065
-142.086559653454
-32.934593563988
-36.980088975694
-31.611020923521
-139.32015819467
-78.185786435786
150.490800865801
-30.67966143015
-163.752234256629
99.017017270924
102.957529395518
-60.368686868687
-192.769230389836
-38.042109854122
-85.278421773539
-178.987796491703
-167.87977994228
-35.394570707071
-186.098304473304
-176.82293357684
-162.690676998782
-181.306699810606
-148.1702946034
-107.518468022863
-135.556354561237
-151.634387259876
-161.384407693001
41.224394474883
16.86916599026
-40.476821789322
25.430174372069
-43.239530489042
-113.266143578644
-92.35273141572
44.834214776109
96.016684704185
-72.32484794936
-71.864267676768
-18.213744588745
-42.621490434479
-13.17488148787
83.85349695335
16.660415539322
-178.567648443137
-39.089015151515
-170.964888843795
-188.799963924964
-176.172972047484
-163.439782873377
-33.151592656475
-54.142934647817
-40.754329004329
11.979444979933
-193.194895382395
-39.693985755997
-159.487914862915
-142.229895917884
-31.063672438672
-29.688190851033
-148.257415815521
-160.272567330673
-165.656808035714
-181.345410719922
-89.901986522592
-27.824224386724
-153.268599076705
105.636195943813
-33.326388888889
-97.408091095103
-61.015860333243
-38.79347041847
-147.883387445887
-74.031462786346
-29.022644835633
-132.758858816964
-185.838917213429
-176.393398268398
-177.43054780506
-25.424763116658
-13.725386538375
-131.922521109533
-204.501803751804
-171.497016059028
-53.96845477656
-162.083443954049
-121.984245355339
-30.351108039096
-38.502607689619
-145.641872829861
-36.698121702516
-176.442037563131
-153.106519294508
-168.441460503472
-185.033036841631
100.639097447691
-92.344849161255
-188.79033428594
-28.853736161842
-101.836762927827
-36.510531514926
-124.319526881539
-151.543720548115
-89.058361587414
-182.937131499143
-185.496314991432
-109.621114183126
72.739455802444
14.486363706823
25.576548830943
-90.548520923521
-154.359508167614
-17.453094702606
-191.693284688402
-24.699126448638
18.518648398043
-139.483585858586
-23.888257575758
-182.114726365215
-78.656462786346
141.844258714376
-41.108127170139
-198.801829680736
-183.508838383838
-194.4933056852
-93.624729437229
-168.394279711174
-97.537698412698
-99.076729206124
-78.342163966676
-202.156277126736
-35.882312945301
-41.737804242199
-0.312149466202
-202.973672974161
-78.145660708649
-37.61752218051
-94.354707792208
-211.246332958491
-83.171807359307
-33.625159942054
-37.160276030393
-42.78869047619
-39.722953939507
-151.737283549784
-178.937688125676
-151.590520156926
23.252154285602
-190.828032698638
-106.574031328914
-79.666498974116
-101.954192454681
-202.136113506719
-34.833784271284
-92.811307128202
-143.013015196609
-100.108376947488
-35.236750174738
-154.281377530889
-90.238484172078
7.684281430375
-158.559704184704
76.953401199495
-195.037157287157
-37.300407112419
-28.301509796627
-198.034201529807
9.148871527778
18.49799543989
-27.663961038961
-28.825835080718
-153.964847272953
-24.29538479099
-87.866983521036
-194.374737187726
-145.095758787653
-185.272276334776
-43.853805916306
-92.09814453125
-30.141066073683
-35.917748917749
-47.240550736156
-101.764983822601
-173.238664547258
-27.316911441423
7.167380416892
-36.830800330312
-40.034188847177
-39.19389310234
-43.813930318813
-186.007395382395
-141.705246522141
-99.101613230519
-164.042388167388
-65.503156565657
-80.503849882756
-167.957333519345
-32.284369222358
12.996871617965
-4.262716450216
-27.87002699991
111.218882815318
3.446255946744
139.83944565634
-156.564193131088
-85.761265698277
-22.895111832612
-174.072703880321
-195.256055251172
-179.271222267316
-87.229965672348
-119.602105034722
-93.069547314664
8.84813184862
-79.510912698413
-111.899350649351
-196.034070475965
-51.870732999639
-155.452839640828
-82.632117069129
-34.930375180375
-34.820769074675
-77.665764790765
-82.906676277282
-144.067468067956
118.827499323593
-84.462399525388
-83.263778268173
6.312597938086
-99.789120981016
-165.612201112689
-43.473142065183
-61.998356190251
-83.233495670996
-152.883367012762
-37.673721731827
-32.127365310471
-42.210157518263
-37.646366708378
-31.460477402372
-134.592622655123
-72.915932483315
-30.31230694219
-31.484016363411
-28.903171643894
-170.508026695527
-191.25955988456
-60.387744633838
11.023727086715
-145.73097041847
-139.956447144435
-154.412819249977
-31.515700391189
-28.206001138618
48.88846613456
-167.04979130028
-36.972480102363
-190.162247474748
139.308428875812
-26.95203288465
-44.975268167163
-124.084748151154
-90.9248941705
-28.215847086941
-34.140429828418
-177.786165223665
-102.056346810741
21.530565842578
-149.104790229302
-161.310897056503
-35.018377835272
-160.844877344877
-108.507055065161
-157.898891960904
137.387786204681
18.753878066378
-184.882637761544
-153.984016363411
-111.987492108586
-40.970619278725
-147.490878370761
-93.583784271284
-175.854506983902
-34.20392189191
-53.318272005772
80.364746798341
-202.30312049062
112.018661080673
136.549933275275
-153.891672021555
-39.670081112464
-30.65663541103
147.70853414164
9.673598428481
-188.988919609037
-205.909992784993
-33.305838800956
-32.297737418831
-179.524531024531
-39.165937415449
-43.493604431593
-163.07216275478
-98.186245124233
-181.539862914863
-151.962502395608
-56.926108180014
132.582952149847
-41.480537447578
-36.266967949585
-65.43243681232
-22.806555369544
-158.041043104031
63.363185425685
-38.102002164502
-171.617313621708
140.286317415224
-164.812061744679
-92.971390100785
-176.166576479076
-18.407377344877
-24.480769610164
-35.152839781746
-101.477084601596
-190.12949669688
134.286824720418
-29.585879018984
-35.771657704275
-198.666133291622
-42.773178210678
8.562056812545
-155.636002886003
-29.620140086693
-44.111659987148
-100.753419377931
-196.44410412721
-143.152785528274
-80.138708513709
-89.656946840052
-202.346279127773
143.275370896465
-34.46932846884
-212.622827747339
-164.886822324811
-41.911678165584
-93.941287878788
-189.199953637942
3.460317460317
-186.323781199269
113.912239724251
-104.096528905123
14.795163549558
-149.41934411075
-37.649051902958
-115.302427173521
-33.389991573097
-141.967975654987
-194.47332490643
-82.993977864583
113.420745541351
-81.220536841631
-193.042728484623
-79.056547619048
-194.92002404063
-28.289584601596
-6.790924732819
-90.03345959596
-95.502066564078
-110.097833102228
-184.337203649215
-64.603986291486
-37.877692945076
13.810425685426
19.328643578644
-34.032086348981
-139.47382516572
-34.943202251308
100.141787574405
-200.014427548363
-83.4568001443
-198.078914141414
-186.296807359307
-28.607142857143
-153.445173695662
-186.229166666667
114.038708443249
-126.36743199292
-111.266483895878
-184.250438255321
-20.843524531025
-24.713306333424
-33.513605643488
-199.381145438763
30.904233461851
-79.053373086332
-58.598111415494
-28.47774409835
-28.376082251082
113.79129816581
-155.819645252751
-128.289058977047
-163.538087346681
-88.628529998647
-145.864545990034
-138.578205323322
-177.252414631809
-41.724386724387
-174.52886002886
-117.814185380592
-3.510469510958
-34.981900477994
-35.531808035714
-46.526494718389
-83.752517502029
-182.730150979663
-150.478022411616
132.512834821429
-40.228452916441
-165.20365132914
-42.224719291126
-178.353555786661
-133.219093840188
-73.929591675685
-183.416125541126
-37.549763116658
-82.460337893443
-143.095420936485
-19.447268443362
-37.083936462843
-69.20652958153
-84.09422559862
-43.468086275703
20.979527417027
-189.582591399486
-93.908091095103
-34.48575036075
-35.69342419733
-83.805096867109
7.947961760462
5.871740564123
-23.609848484848
-144.177870360976
-34.203305727476
-84.139159451659
-206.746423146081
-167.161866291261
-38.136884328779
-34.444173881674
-159.384297072285
-158.161185656791
-38.657665874707
-28.102826535444
-181.874992249504
-182.374298932404
-38.105449726055
23.090870690724
-30.012976796424
18.598853349342
-134.721881904987
-100.967560651154
-32.129411441423
-188.932938833085
-173.466200086806
-30.967089280078
-158.395895337302
-166.192661125767
-192.054035049152
-155.693354442866
-103.143931643443
-137.827950261544
-188.476731601732
-85.248799377706
-91.974546666441
-34.228063982459
-103.761195943813
-30.779380721275
109.496101500496
-164.94906444467
-74.889048830943
-39.36943655303
-113.958972396961
-63.820797258297
-31.328671762266
17.479166666667
-201.57893457454
-39.096258342352
-205.569867198773
108.335698643804
-190.597492784993
-160.664953102453
14.300512801001
-180.70174963925
-39.327631082026
-183.304583925189
-57.907106782107
-162.883395196383
97.394418515512
-182.96436815138
109.594274215368
-31.13953288465
-33.989808802309
-66.06231962482
139.494609177715
-35.658992971005
-24.581807894796
-128.011724386724
41.099025974026
-34.392393522276
-32.688561817956
-157.748817344765
-42.341880721275
-137.076195831079
-129.500381183487
4.201561513573
116.859959105565
-195.181088930601
-104.287615975604
-153.204968208874
13.940548411007
-35.564005005411
107.446320416779
-29.000803937816
-175.949134199134
-111.0884944591
-30.249817158753
136.351028068069
-28.867702555691
-27.223845598846
-184.634199134199
-145.039682539683
-31.229076479076
-196.671023854618
-172.903671903184
-84.654679467668
-192.393738585633
-164.652409276921
9.455426897321
-31.639097447691
-42.253285153432
-138.404388471771
-34.054042799648
-97.941738816739
-95.143398268398
-175.868416305916
-200.210325210814
-86.659090909091
-184.138778268173
-144.994207561102
-38.287886538375
-37.179125236742
21.837953333559
112.124451123963
-43.385884514791
-36.761801891685
-90.650793650794
-181.249105874594
-133.672077922078
-171.490280173386
-88.225767721861
-38.544199669688
-189.255423938041
111.330627705628
-167.986943232549
-177.287350344968
18.971578226461
-159.764700577201
-34.186479752886
-36.540404040404
-193.530225525343
-51.431539868552
-161.808629684118
65.620923591383
-141.08161976912
-90.606712352318
-69.985181051587
-170.375352999865
-38.035874227769
20.007846320346
-80.329553205041
-134.276314343209
-186.344794907783
118.047266047754
-193.214543594426
-90.78841991342
-151.074974071068
-163.906946840052
39.58954852656
-39.021394892
-104.106163476281
-147.62481962482
-82.812118816513
-155.133367012762
-139.734467301362
-84.428682049288
-166.414321789322
-189.1893115023
-30.566378066378
-95.159090909091
-94.790576665088
-40.436147186147
18.763407301249
48.142496392496
16.055084184479
-202.025432900433
-190.487103174603
-161.663899034993
-27.489357864358
-93.010802077697
-35.115702927715
-39.793843851461
-38.401154401154
-39.651437646555
-3.028311152823
-150.704081833965
-159.652056277056
-138.62091337482
-95.628878066378
-126.830086580087
-160.661165223665
-134.642496392496
-134.290937415449
-40.280815972222
-38.819805194805
-28.805617559524
-146.148871527778
-34.840458152958
-95.837100778995
-96.503156565657
-33.214654215142
-157.747737559749
-29.981982915088
55.551046176046
-191.958771588654
7.648348369296
-201.458541892136
-46.087219150207
-74.23834536774
5.591921587527
-59.059155308667
-185.442828818317
-36.489628427128
-195.329197386815
106.427489177489
-28.524901991455
-151.058433807946
-157.862206044823
-34.607766419778
-81.907217402823
-34.780303030303
106.662420099432
-31.218857097763
-192.082431457431
-32.45393457454
-113.754620000225
-33.705274705763
108.68281024531
-136.747113997114
9.659812409812
24.145590954185
-196.640803261409
-117.272727272727
-27.878697691198
-0.996691242785
-85.416243912338
-171.585595773584
9.818354442866
140.533286971275
-90.865690245085
-174.37109375
-146.709304963699
-41.079176953689
-38.498203998692
-37.551574618957
-153.026978772096
-3.005230880231
-183.760392005998
-29.447951543899
-85.742715238321
-94.451306451795
-152.932779595621
-11.425582555465
-35.667285297168
41.099196132643
-67.901486967893
-39.664043476055
-37.509732509244
-98.362644300144
-155.011376318994
-172.667465672348
-38.400613275613
22.402437460543
-162.324466765873
29.175314458762
-50.676406926407
-146.892058137175
-21.482233044733
-34.43262987013
-75.059183492289
-165.933531746032
-161.657655658144
-159.838822093705
-32.007186823593
-31.35541132587
-170.424443232549
-146.13159144458
44.145209770698
-113.480519480519
-41.458972396961
-196.306789998196
-159.957622049175
-91.991702741703
-38.503246753247
-107.674304428211
-5.453976145382
-89.968725339331
-100.772296767902
-168.894861702967
-156.053383302895
-148.646547083559
-73.045163549558
-172.475559163059
-151.861363706823
-33.693522135417
-139.41045147344
-96.408799913194
-18.906946840052
-42.78555434366
-206.018315831304
-31.707882395382
-95.744740936147
-124.541097357504
4.403220965233
-32.391123145518
-80.143496206484
-192.672237864132
18.535791790675
3.668802985209
29.343995902101
-199.702089956484
-161.426607734713
-11.539574385033
41.954993926429
-153.912136854031
-39.35761422822
-132.082964832477
-36.273711585723
-88.648150027056
-159.902236652237
-199.970336033324
-153.644758832747
-50.525232092127
-35.342803030303
-88.694707256719
-114.613213609307
-30.021194083694
-174.153048340548
-36.108967042073
-37.621109250992
-94.147366522367
-157.734487734488
84.223317155934
-35.124200994318
-39.200835080718
-30.382137502255
-73.35847523787
-36.881493506494
-83.253246753247
107.303197995581
-32.888958643353
-173.909791976686
-36.261072640467
-199.840839336445
62.237193362193
-179.444341574224
-202.65185546875
-136.325945701434
-118.063672438672
-158.36229130028
-161.328373015873
74.837600333694
-173.189644069039
-172.140241702742
-41.152770027282
-103.256042568543
6.755140692641
-37.273639365192
8.216061282468
-37.890782828283
-179.900141904536
-34.794753477859
9.813512496618
-36.419843665449
-26.416305916306
-33.886064889971
-39.743949680961
-135.798680865575
-183.586858399847
-49.043130101236
-31.876803751804
-184.818833564439
-29.490790649238
-142.105519480519
-30.186786249775
-161.906024531025
-87.487365986878
-147.681990806502
-168.199675324675
-149.440386002886
2.619781802399
-35.85292447353
-201.036587977994
-97.492334054834
-27.185544056638
-27.106238515174
-113.141406390918
-100.470258528364
7.753316507711
-184.055993810877
-36.078164457071
-180.466011961129
-158.935064935065
-158.706467577561
-136.016692454681
-46.660423289818
-93.278507028995
-40.657279406791
-34.04537210836
-42.24992249504
133.202553577065
-93.339994532377
-165.876540939529
-197.730990851596
-28.236853044959
-147.582993016098
-141.291834359217
-1.683240750135
-143.983778916396
-167.994699365305
-48.077571544124
-81.252102498196
-29.457070707071
96.408990504938
-152.861402107008
-35.363095238095
-201.623987503382
-36.891844646239
-145.133560070572
-30.811265557359
109.731403389362
-129.115099798205
-136.361910116793
167.529048154536
-200.985119047619
-171.115723360841
-34.55340902045
-96.402479031385
-150.707058024441
-3.477543290043
-165.792736235119
-39.920336174242
-37.260531514926
-162.648456523945
-89.304370434253
-78.846931226326
-39.818882885777
-149.429182308577
-121.822572826479
-80.557802494814
-158.694013939619
-186.989878556773
-191.069805194805
-149.381653448548
-155.075958384064
14.734224922213
-29.376463434569
-169.824224386724
-150.012188007305
-193.852202972808
-144.398420589827
-151.690115440115
-161.403429524035
-76.150072150072
-33.45461520901
-33.315898944805
-29.657910719922
-183.024739583333
-17.542457921852
-101.050144300144
-201.871863867469
-36.103514920409
-159.957792207792
-39.027790460408
-39.329545454545
-156.833214962121
-39.494055369544
-153.687049062049
-32.327762135868
-86.001955943362
-150.54407354798
-51.726198226687
107.691661311778
-164.895773795432
-29.103416982323
-176.693625005637
-39.379509379509
-101.20853414164
-85.538412162924
-9.913780663781
-193.272026205132
-187.07204720193
-32.449432945527
-80.347652727047
17.68253968254
-193.19784338925
20.370843620355
-34.174672929067
-176.819993320482
-163.283189033189
-164.805645743146
-38.351079855474
26.49799543989
-38.479597171492
-36.548811919417
-162.08074607684
-90.994580994093
-193.479880416892
-156.455627705628
-97.520091399486
-31.449497415562
-160.61934636544
-190.179681863276
-93.912317229212
-190.330066146961
-92.401515151515
-167.912497604392
-179.924172669778
-36.915301170184
-164.515241702742
-92.884477447466
16.818640506629
-160.47764122813
-76.720681282693
139.309191242785
-184.727252294147
-161.15577440138
-41.221410533911
137.484196738591
-191.830815831304
-28.954084300032
-181.546096075149
50.121142366748
-39.410075222087
-190.476654096771
10.098204069151
0.470441369611
-105.233405483405
136.022266118213
-38.683461991567
20.888257575758
-32.203254644661
-143.604326608721
-104.121372063267
-28.208784271284
-183.198211890106
-41.892955080943
-203.764270072376
-32.776515151515
-34.969676536571
-40.451909581304
-32.391774891775
-88.680591841969
-195.384850880456
-89.438074593592
-242.33659276921
-187.175226737238
-32.38472757711
-42.477164572624
-105.102563723169
-162.966519970914
-196.575036075036
-148.001192871798
-209.695075757576
-190.453713333108
-91.398907461896
-32.990780432675
-193.19019787721
-28.725399221005
-75.999639249639
-85.561667878562
-70.447593259605
-189.113177675189
-35.537958758906
-187.460399897412
-36.153687404176
-165.363636363636
-94.436758066153
-40.53182846884
-27.972680910669
-153.877046130952
-192.069735440341
-28.762987012987
-39.067648443137
109.724546666441
-91.161353349342
26.972492784993
-185.09432846884
-79.479264604753
-89.076922263934
22.971791717397
-34.360472047484
-87.671995484984
-157.584054834055
-86.974595283189
-112.282184287067
-99.381042568543
-31.927329235435
102.818916001533
-34.715736466225
27.689481660917
-176.275974025974
-170.427378556773
-36.674595424107
-39.667736235119
-87.992063492064
-35.091187404176
-117.714375901876
93.089543594426
-194.265602453102
44.191867404514
-64.526257271374
-32.088183030078
-93.344356652462
-28.717011775117
-88.394472768984
-44.302468744363
-83.886925195031
-158.445268815386
-137.154138342127
-83.047180792298
37.138064517947
107.297276264317
-29.718073593074
-202.970168340774
-197.80466143015
-49.611134010304
-177.45879202178
-202.804030117018
-184.088133708739
-174.233516104122
-158.836026278409
-142.630120259515
-99.365780432675
-83.025961343344
-21.598963970058
-150.009121629239
-43.774974211986
-70.117596867109
19.338724155619
-34.357490924874
-27.775072150072
-38.056908369408
-74.875992063492
-105.098046593164
-141.496552438447
-161.633668225221
-42.224316969922
-158.691501722019
61.453545640557
-73.212670088158
-162.781836219336
-97.603507169913
-34.330635456124
-140.765615135732
-191.781668526786
-98.152610085227
-34.849739724251
-42.751102684208
-209.834235209235
-38.634261138167
-33.772559580177
135.443354442866
-115.408910533911
-39.478625541126
-41.922085672574
0.990019827178
-175.907044778139
-131.274448587437
-16.64926046176
-93.80303030303
-27.870552624459
-36.750062003968
-142.822531255637
-36.687528183622
-32.588564213564
-194.473464415359
-27.35914988332
-98.919655539773
8.758124633613
10.487033420139
-71.55277242289
-154.353277473395
-172.165945165945
-27.150785900298
21.761484473643
-153.548041801948
-190.458181141775
-172.840097402597
-194.906176722583
-181.90594209393
-162.45853414164
-29.534902597403
-185.679210492199
6.940177444084
-199.335948773449
-87.113976680871
-212.017926897321
-176.754419191919
-150.925693176181
-116.983343479437
-143.843143347538
-189.770001211896
-151.0643115023
-156.810245310245
-153.911866291261
-163.10580272592
-175.786796536796
-95.688672438672
44.569534632035
142.915924732819
-85.782024345013
21.835039147051
-183.422819855925
-166.423430735931
2.76126323221
-74.777875715864
-48.768668831169
-37.204656075262
79.648077806525
67.866965553977
-155.090911556976
-30.897374272863
116.060943911774
-174.315746753247
-93.916646233541
-97.549131803526
-97.335678210678
18.217171717172
-34.28841991342
-37.617625050731
1.081622235187
-43.054465553977
-196.254529812635
-47.299582741477
6.056658239764
-29.900966275478
-37.600649350649
-38.753156565657
-132.00191437252
-138.859036796537
-107.358946608947
-73.772206580312
0.98756186305
-37.299074731692
-146.145042078148
-134.355962667974
-113.04032160331
11.466207837302
-93.154499092487
-26.619305499188
-143.675886233992
-166.645624774531
-98.05981480542
7.556076247971
147.660606131065
-145.944333823728
-167.85084240846
-181.604347041847
-163.700597633703
-32.285894660895
-196.55553512243
-141.228292974387
-116.409083158595
-102.962133894751
-176.777043594426
115.894467836851
-178.540494227994
-184.633400128517
109.463453592848
-113.727164572624
-162.43731962482
-28.460595773584
-47.722500535489
-150.50678450239
-29.50773569963
-140.334616392722
-166.014860519255
-33.520825582837
-39.439200881584
-42.536886724387
-39.105519480519
108.566906509289
15.470410719922
-92.368326118326
-78.390264601935
-163.292014734398
-30.66830272592
-98.794642857143
-106.497913002796
158.354066262514
-41.230710072263
-199.949974071068
-195.628685008568
14.363546176046
-142.135121443227
-163.795704675099
-29.299304428211
9.148178210678
-28.382665945166
-30.939123376623
-205.613713868597
-183.577831890332
-47.522567330673
-79.521624588519
-38.030503838609
-71.589306147412
-39.13561395202
-105.42306998557
-180.028581715593
-192.950577200577
-34.549255106872
-176.391955266955
-109.644681327787
24.967380275974
-173.083694083694
-89.050713609307
10.72418591608
-36.809786621798
-66.48097041847
-19.465888657783
8.747474747475
-82.403922032828
-148.418949540043
-176.674164919282
18.838654401154
-147.167736235119
-193.565906695301
-174.300123867018
-30.686417748918
-167.171897546898
-77.291326349432
-28.565182728513
-85.714125772231
-87.361664919282
-154.239726365215
-30.490702927715
-10.368756623151
-101.242784992785
-30.576290950803
58.300533234127
140.689644069039
-190.231782106782
-83.235577736066
-32.48347523787
-149.309433621934
72.413141600153
27.233495670996
-191.076569264069
-95.861562049062
-34.889172134289
-193.468594285489
-34.077478890467
26.098116347628
-37.131202510597
27.544354327313
-76.209505772006
-34.885711890106
-31.04588505028
-145.048984544102
-109.596029350424
-144.803362869769
-32.449966320572
-29.417748917749
-118.569645252751
-176.319346506358
-98.56718975469
-35.734655427038
-163.029303216315
-11.244408369408
137.899087837076
-158.082349020337
-158.034173346185
-39.918831168831
-44.497753060741
-165.675082296176
-179.313401875902
4.452942511048
-117.936154936643
-64.88065363456
-37.889672393579
-89.446907693001
-5.049159987148
-182.979367474973
25.884039192145
-47.120511053617
-38.247474747475
-161.18950456011
107.512092887581
-187.456591585498
-1.302128427128
-115.275871155754
20.805187054699
-32.671536796537
9.910090723079
-184.039030793425
103.237211329252
-30.518668831169
-158.649461270067
-29.374541311553
-186.508575571564
-142.256140506629
-88.188672438672
-160.689561631944
-198.933712121212
-36.470348715954
24.611381673882
0.358052483541
-0.895410579004
-21.915105294012
-150.756653448548
-46.912768167163
-159.393869639475
6.137265512266
-35.565774936869
-39.006575943588
-142.91369047619
-161.586329956935
-33.018027301475
-159.884912884425
-35.88761851213
-36.750824370942
-144.684142626037
13.390679958063
-123.926850113862
-177.419740795229
14.847209539592
-22.955627705628
-197.268377835272
-104.103916537022
-134.266594516595
-175.785804473304
-157.681818181818
-156.997364126759
-189.83839158888
-182.189033189033
-122.417555859939
52.650785900298
-35.670176232188
-99.261121257215
-37.149059653454
-27.640692640693
-190.265061327561
-146.112845108451
-145.245482869995
-86.450306637807
-166.500914558532
-175.711912653319
-34.97409572849
-70.824945887446
-32.874729437229
-180.203463203463
163.819555065161
-105.947969510958
9.759309754915
-59.646096145608
112.72809216608
-138.332591399486
-73.505612063718
-104.299505236517
-200.145189337572
-163.969885095373
132.593524531025
-138.443813131313
-26.0990055409
-175.271542151425
13.008856350897
-43.321346134334
-106.719779406791
-108.31328350469
-30.483405483405
-99.631042568543
-191.344627215233
-168.039690290179
108.66361297123
-88.318722943723
-78.66045147344
-185.987012987013
-39.561028814935
-26.049853304248
-67.942210187816
-95.053300865801
-41.160000535489
-202.775693246641
47.471237909226
-197.553939929428
-89.894923706935
-84.659361471861
-44.448850953734
-157.1789941829
-106.6376058295
-91.133858816964
-169.445346320346
-0.116424428436
-168.380050505051
-181.583936462843
100.203733766234
-32.471799467893
98.465270027282
-34.903380907287
-159.374000186012
102.880980564574
94.680104617605
-38.379772191784
-171.433253432765
129.008567821068
-82.929555741567
-32.307451961016
-184.364989177489
-191.882908324315
-28.368658685065
-50.702553577065
-56.654651284046
-36.818632756133
-97.968516780528
-42.483163104257
-203.414710723304
-152.464798656205
-80.736000490395
-198.898600965007
-136.319424011319
-0.313419842961
111.168442234848
132.429272496167
-38.860181051587
-30.66358760597
-112.070694388077
-180.719246031746
-26.623917748918
-111.806990806503
96.554460621843
92.510732323232
-34.936876437365
-183.056928802534
-191.602182539683
-185.277625586219
-31.359737864132
-83.617687054699
7.528700086806
-95.533258787653
158.04988148787
-30.925345108451
-29.492215683622
-120.592192150298
-84.92525492086
-30.309966996979
43.948240073728
-97.782405528499
-173.828733766234
1.064832194715
-50.089027834145
-99.694985569986
1.964906810854
-36.389901385507
-27.641787574405
-170.391073824179
10.302326769368
-49.196977447466
-0.61144367785
-49.347304659316
-34.870838688221
-37.582271515377
-38.744387936282
109.078811271194
30.577483822601
16.255390822285
-135.054743867244
-36.973587718705
-37.909181096681
-35.876152005547
-135.978805916306
-43.753509565521
-140.750721500721
-169.082890145878
-85.555006679518
-190.031405714511
-97.392065887671
-27.616460362554
106.25612253957
-25.050705858811
-197.072510822511
-25.792867288961
-165.732233044733
-158.987206044823
-121.255952380952
-99.577370735818
-40.483614042208
-34.18921603028
-176.461940836941
-49.009268888663
-42.572892005997
-193.058011053617
-172.391672021555
-109.233485454433
-176.89926046176
-28.11545279807
-197.227883607278
1.816378066378
107.597433247091
-35.955607272502
-91.457632265738
-36.434150376533
-190.955988455988
-147.507415815521
-42.194153448548
-100.915473794868
11.69876323221
-191.161345598846
-161.583894892
-174.350350604257
-157.19984794936
-148.308268933757
-27.614099984217
-112.410984848485
-77.289231601732
-156.97383784835
-33.037399666306
-36.978063982459
-76.253267186373
-76.955517084912
-163.143238326344
-35.984307359307
-41.443202251308
49.035165409677
-164.143065701659
-154.326118326118
110.762458570076
83.735299422799
-191.562958688447
-83.054924242424
-79.688783059389
-153.190393753382
-188.997183751578
-131.839929710047
3.536268093885
-156.790022856917
-33.729318858225
-151.573966506584
-188.348021227904
-104.22582972583
-194.758650258162
-37.930222988817
-93.368506493506
-30.695686637581
-151.840478586084
-181.298673115079
-193.643766769255
-117.504862379374
-205.61075036075
-150.175567054473
-173.615231556638
121.255862193362
-146.911804287293
-91.889332076344
-130.752053881448
-33.532016594517
-158.101981731376
-181.134838197826
-92.336038961039
-113.362832425821
-42.006140506629
-90.991161616162
-87.747286621798
-162.520923520924
-197.120768933757
-178.511822324811
108.333894892
-38.564151560245
106.544011544012
-60.124446191829
-139.48338505028
-168.440017502029
-35.171529046041
3.112644300144
-176.503685008568
-29.077478890467
9.131313131313
-200.316628196023
12.14879684118
-2.266171762266
-193.806908369408
-116.090097402597
2.725018037518
-30.387265512266
-154.412136854031
-40.773559394165
-41.789314038826
-150.862814458762
-157.974144345238
20.227084601596
-0.57023569963
-79.902355023449
12.856212797619
-175.233425916531
64.206640202246
-32.177118210565
-113.108495670996
-144.000701067596
-176.044003793516
-52.094869594381
-40.540862728851
-79.171108757779
-149.680916305916
-27.388860705267
-92.488373551362
-196.040883161977
113.638958643353
-30.869671181683
-29.700917517812
-39.527687590188
-92.252875786323
-186.872938368056
-190.814373506268
-79.293037447578
-33.625020433126
-73.346938976822
156.34822203621
-149.783119278725
-37.564471444354
-185.789752294147
-87.365718428707
-36.921474792569
-34.015074010191
-202.554535308442
6.353182353671
-96.709026650433
-155.795805079252
-84.231269164863
-188.593251502187
109.904122841135
-193.292470604482
18.079463017451
-52.161948728355
-176.237914862915
-42.491169366658
-203.205537518038
-100.090909090909
150.984379579839
-178.721951659452
-190.208243145743
13.326306451795
-151.7134944591
-86.277937719832
43.821802004419
-152.208423520924
-88.061708744814
129.249618816513
-96.951007705402
-139.724394474883
-158.700584951073
-83.671266233766
-50.984487734488
105.41963264058
-31.780040218029
-40.344676536571
-98.897735023223
-182.187762812274
-175.90845959596
-38.541424287518
-157.044560420049
-41.297709235209
-16.372364126759
-178.348685656791
-99.535263347763
-24.122051993146
6.268565960949
-88.243346551452
-153.322863822376
-31.492243867244
-75.36361593051
-114.696699134199
-159.944624819625
-59.299665178571
11.739801051813
-139.517065887671
-198.66055434366
-30.186868686869
-95.414411976912
-120.575236883342
-35.789231601732
-184.161943443926
-32.522015988569
-202.827228760823
-143.941538008433
-99.439844877345
-192.803481240981
-155.814123376623
-68.527625586219
-36.389089697195
16.855318672213
-170.75946969697
-40.367527112644
-163.513257575758
-91.819632570121
-97.367882930871
15.361041356647
-37.538670043065
-133.886634199134
-34.725378787879
-188.212732092127
-90.115903736021
-30.366702741703
-149.339215959821
31.554493737599
137.059807054924
-194.508760878878
-170.118416305916
109.979728225334
-116.781287343299
-195.3556998557
-23.148546711535
-6.740813548431
-199.136523578418
-35.826401571519
49.125894125406
-151.668851601957
-58.417019666531
-201.574466765873
-156.634858630952
-32.782078598485
-30.679625496032
-111.927218614719
-31.156295093795
-35.403602148719
9.633395196383
-139.788071845689
-128.833796953914
-145.152708023314
-151.170843479437
-153.103908786526
-132.432970187365
-35.872093563988
-33.729006724612
-177.638244893128
-147.45462789164
-175.83161976912
-28.899721616274
-169.177107994003
-28.080968022863
15.844815340909
1.531302844291
-38.483606291712
-36.196258412811
-30.119797303391
-98.077270331665
-207.222673160173
-209.670835728941
-28.527777777778
-164.340520156926
-152.84117965368
102.477522856917
-36.54032160331
121.312860750361
-192.478347227859
-127.06468493529
-154.569885165832
-79.567001629013
-63.457972582973
-84.728354978355
-149.044580853175
-30.324865916419
-173.692628010011
-159.270111832612
-32.656204906205
-99.384268888663
-178.663399480294
-192.130431688537
-146.529761904762
-33.151875901876
13.472229972718
-34.496204370716
-109.414764976777
19.663128917523
-76.33189033189
-196.202844572962
-40.391955266955
-196.328020016008
-182.373827561328
-172.494400618912
-28.7926407631
-159.403486595869
-155.57971807923
-79.360729927624
-168.454001862937
-30.861299236788
-184.249737187725
-153.690836940837
-82.566578874684
-179.944243636138
-180.365001860119
-30.173992294598
-42.119867057855
-192.157086348981
-213.423049552444
-156.640151515152
115.223322440363
-178.460969206575
-1.856851861246
-38.677911931818
-161.40863997114
-203.043192105204
-156.388708513708
-31.019570707071
-113.109299608811
-83.117133246528
-199.957058024441
39.379699971253
-35.624208744814
-35.877267372385
-161.614288109894
-174.336953519571
-154.745150303256
132.065037935155
-34.875901875902
25.690226060832
-26.679132987238
5.8943001443
-86.458243145743
0.60491635101
106.812863216428
-195.51156444467
15.932269119769
2.469959781972
-41.429125236742
-178.904594212211
-78.305575988681
27.463685050843
-170.008810200216
-84.376971444354
-164.643115022998
-203.607330982819
-141.59710385101
-157.837641904536
-20.516053391053
108.999389119995
-32.713656867221
-159.474407157513
-158.106699669688
-82.693202251308
-33.09145021645
-31.763340012852
-189.116153865666
-36.518751268263
-175.268238326344
-38.755710001804
19.332722453328
-29.74781506471
4.428107807991
2.482060420049
-190.695318136724
-175.176697922303
-37.526723710317
32.726301096907
-32.161678165584
-87.329344646239
15.0652880648
-152.037530720148
50.236311919417
-173.971619092713
-154.578380766369
-149.944601920432
-36.137355699856
-138.960665528048
50.756011918854
-80.507312945301
-29.086149581755
-31.327664197781
-172.950605384199
120.128849882756
-75.091380461986
-37.118506493506
-147.780947378359
-156.430084184479
-170.955197200803
20.479096912202
16.7346061057
10.709083017677
-83.166646233541
-199.971029350424
-67.909021154627
-162.106761673656
-85.306630056142
-185.663620721726
-153.648801773314
-32.968606968119
-67.019570707071
-164.495761183261
-82.40298633658
-162.008379695391
-35.777770027282
-76.413427663916
-22.006764069264
-28.445719753337
-38.16036128585
-168.042756668245
95.713564213564
-196.038048946496
10.798783735795
-36.498118743236
-119.259351325758
-201.419274356286
-192.095340965458
-139.576200763212
-159.930014430014
-39.87997300009
-200.982503607504
-40.721583158595
42.320784575667
-192.949564703959
-181.349677720283
18.031568122633
-158.982405669417
-178.457361702967
-169.587023274035
-33.16629816581
-90.456807894796
-165.245601241207
-156.06727994228
-144.995470187365
-33.341622841135
-101.417035167523
-160.084132339015
-176.364197922303
-99.782467532468
-157.069642786684
-5.074793695887
-32.221011383365
-37.063012941919
-29.999286249775
-154.990607807991
-81.685224877119
-137.207431457431
17.078102453102
-193.607864357864
-171.663850418245
-162.53668591608
-22.137252829636
94.247577617695
-75.168761414367
-85.389347577336
-160.107616694287
-30.892246262852
-23.313602684208
-167.179666362284
115.595508658009
-189.367687054699
-150.753710373828
112.462141645247
104.899059653454
-134.98947623557
-112.789862914863
-85.570797258297
-172.13952020202
-158.432088744589
-169.766836895743
-181.81744763483
-191.330918701524
-6.888154705538
-23.883758412811
43.130383071789
-31.067558255547
-166.701278268173
-193.349116161616
-129.214736652237
-46.880333750451
-115.455529767541
-38.123716940611
-149.715556091044
-136.805207487825
3.314200881584
-159.707792207792
-126.06708688447
-34.596490504938
15.390151515152
-167.371224803842
-200.691926942415
87.366514616026
-203.07433500744
-31.475185730069
-30.520871733518
-23.664960852949
-37.665955382508
-36.01346613456
-147.042006983902
-154.554383116883
-96.496660593096
-38.795286852904
50.452762135868
14.172000417118
-94.730560699067
-175.91358760597
-31.583812454906
-140.075368641775
10.87634259729
-137.119318181818
-91.315754503743
-83.253687474635
-153.088030838519
100.571711816829
-24.294642857143
-37.464215959821
-163.945789507801
-137.779401154401
-189.365512335971
-177.724567099567
28.019658428594
0.147809709821
98.875721500721
-168.985930735931
-162.056727994228
-13.000422754329
-175.912247474747
-101.561987058081
-33.916847041847
207.433810059298
-170.371642626037
-40.663850418245
185.558168529604
-95.089293464782
-33.708603896104
49.522464460453
-158.977515106421
-77.162260157377
-162.512105570211
105.712474211986
-173.252141602972
-152.816661311778
-53.294364543876
-190.508289507801
-174.258830633342
-17.648379018984
-159.936786249774
-138.027228901741
-179.42507454568
-34.547881859894
153.890950520833
-200.213486708604
-37.581898082386
-97.003988687094
-37.766130896014
-182.673528674017
-94.486041356647
-79.789161847267
-196.498286435786
-89.583591213474
-37.072232509244
-119.990419682314
58.33240327381
-186.138167388167
-61.123938182044
103.400592842487
-161.99078008038
-27.637834821429
-39.312069495175
-35.928911745806
-35.107245727363
-85.978896103896
-159.069632570121
-41.176968485074
-140.532397778003
-75.519632711039
-158.31649643759
-136.568542568543
-180.440115440115
-34.354238887198
-181.731593981106
-87.043462667974
146.350850158956
-146.0558056852
-49.090007215007
-195.863623681006
-26.260203880321
-96.482343665449
-31.587494645112
-35.325917517812
-165.535180910669
-36.584304963699
-26.580259204771
-176.953275077787
-34.130120259515
-18.982343665449
24.964125772231
-38.49322818024
-76.723727227633
112.235201484713
-103.564855446203
11.577388702877
13.714167343074
-168.289674789186
-91.809704184704
-92.174814199472
-152.395575453193
-93.787968975469
-154.705455080943
-162.673340548341
-144.080800330312
49.842692409587
-43.357864357864
75.82405176204
-28.959866522367
-154.430132801227
-32.551184980384
-101.241981054969
-119.062610620716
13.975177979573
-139.843060910444
-100.588896780303
8.265762395157
-27.794282106782
108.542741167253
-26.970951845464
7.32484794936
-171.309781689664
-81.853638223755
-34.249827375316
-152.343253968254
-37.418560606061
-37.701376206259
-157.358593609082
-38.210928340323
-191.138458736359
-33.751422568317
-30.151236838249
-126.24027242289
50.933150562545
-171.059232813627
-155.803210678211
-82.571317950712
-113.11716143015
-19.974747474747
-36.400896521014
-160.287337662338
110.838654401154
-181.465277777778
-36.567833750451
-177.82674963925
-167.958152958153
63.0085058171
40.500368500857
-158.801677489178
-153.862033420139
-46.345147907648
-43.441107503608
-199.317919005907
110.804362683757
-161.526432714421
-204.69199669688
-76.209874272863
-46.148789090684
-85.842782597177
-91.711031210543
-67.930194805195
-37.208972396961
-159.406217588835
-120.059163059163
-30.855359538465
-161.999721686733
-148.841367779356
-29.887896825397
-33.444264069264
-19.777257085363
-98.683632150185
-187.616058745942
-193.877886002886
-34.210776148764
-149.097742914637
-35.210157518263
-77.700958384064
-41.518119955132
-34.300146766211
-166.782627474522
-106.847652727047
-170.520361962256
-37.015942770337
-90.638778268173
-1.895833333333
-32.454164271059
-141.767225829726
-36.401347458965
-99.325549016955
-101.555568238185
-31.352334731241
-30.28545147344
-38.625631313131
-152.286067285579
-31.517504142992
22.316017316017
-147.136925195031
-33.838752339241
-164.779859842848
20.347953939507
97.541556045951
-153.19027538217
-76.701832076344
-22.509371758883
-39.376283059389
9.688749943633
-107.33199320211
-82.362762671356
-158.334964460453
-142.536435786436
-97.124881628788
-32.081717707206
-88.156295093795
27.636111040652
6.225170229076
-35.081988269977
-151.873654936643
-201.386376318993
-191.414592352092
-136.753496882891
-78.748647186147
-145.596168154762
-29.398286365327
-137.237386420004
-29.148837707431
117.400172554225
-33.916576479076
-149.392746522141
-142.541957662563
-203.095987779582
-85.872051993146
218.624528628923
-30.769127519616
-109.710518268624
-186.42498435809
-172.99503968254
-126.37031024531
-109.946797072285
-162.453983895878
-38.823946073458
-184.72410841112
25.083243145743
-155.393037518038
-185.389458198052
-32.301414676903
-103.382243190837
-158.59366650602
-36.406578339196
-101.621232554338
-44.912448283054
-189.109119233631
-167.44226725965
-89.609930921943
-83.686585441468
-25.471693779311
-173.518135456124
-163.896103896104
-175.595238095238
-106.242777242289
-188.034632034632
-83.387979262491
-86.208854025749
-127.210046897547
-29.457681587076
-33.832251082251
-192.299706044823
-152.702221010326
-91.896387141504
-164.246052179158
-197.669712611607
-199.178960362554
-176.364801051813
-29.695887445887
40.644101802061
-28.400412467307
-32.226450822398
-203.736464110976
-39.488664547258
-35.263347763348
133.07222757711
-135.695173695662
-153.491341991342
-43.147386955492
-32.772394705988
-34.313950751939
-152.744879740485
-167.298049552444
154.77046236641
-142.977904040404
-87.453352582747
-163.920462295951
-90.17994467555
-48.07989845441
70.056158685065
-148.6636002886
-181.968604502052
31.199193737036
-147.982586044598
-157.626422568317
-152.535804473304
15.375891659339
-30.364976494859
-31.263708513709
-140.495338428932
-86.924492553887
-46.714633782017
-83.789785409903
-38.354965672348
-142.813151746257
-34.280184659091
-141.306277056277
-61.797721917839
-39.761523578418
-190.313880997475
-32.292937043425
-26.191476004464
-33.001713564214
38.937139249639
-137.750930059524
-45.02138220937
-129.450314388303
-40.916125541126
-34.461371527778
-88.269640461535
-183.85588023088
-150.184253246753
-71.734405297394
-100.271575267181
137.045482729076
-173.581967836851
-176.784181096681
-194.669019294508
-150.541007169913
-163.93281024531
-188.719696969697
112.053370620265
-157.066460503472
-139.659361471861
-154.121655308667
-194.843983219471
-92.466367779356
-37.168663476281
-189.830455080943
-28.470879624932
-31.177118210565
-34.726210909316
-117.064922382305
-30.342630405619
106.853334545229
-165.951561513573
-156.114190171807
-30.276592656475
-194.592725525343
-175.571449004554
-181.109668109668
-105.872376809389
-63.67566499256
-90.311159868777
-160.578373015873
-22.141213333108
-92.900683030078
-32.201200763212
-101.421626984127
-34.620580808081
-149.571588513483
-29.721619092713
-180.865231556638
63.819885165832
11.369127590075
-175.237005236517
-38.006333564439
4.294310290404
-158.156016780528
-31.096500721501
-196.59155308667
-93.710247705853
-29.04882213598
20.248015873016
-79.326417072511
-95.699044011544
-173.785915094021
-196.810072685561
-183.273005585994
-89.190919377931
144.164123447082
32.075306637807
-83.551509796627
-26.231060606061
105.921343738727
-133.242777242289
-153.189546130952
-34.513368196474
-41.808732554338
-85.589363219246
-102.737283549784
-35.619658499053
-116.829074083469
-41.400530838519
-119.059683751578
-123.994408369408
-28.537345412834
-180.423438486427
-142.595967346456
138.255120259515
5.911435786436
-78.805826118326
-197.884748010236
-135.963566679631
-184.830988455988
-32.668678977273
-113.254501629013
-193.9375
-169.356143043155
7.663698226687
-192.116702741703
20.622023809524
143.034021154627
-150.292738701186
-36.629259249865
-174.754226134109
-44.439664502165
-178.742334054834
-167.82721325983
-135.198211890106
-160.037788600289
14.719869594381
-162.681555369544
-111.747204184704
-172.420874833717
108.490352393917
-30.534098659587
10.661816969922
-33.748765557359
-5.535894660895
-41.903339336445
-35.796737604843
-112.617063492064
44.856539727633
9.082781991229
-40.912600474612
-34.611234414457
-81.421524113907
-183.008825701208
-77.374626567009
-153.401396780303
43.1204004329
-164.136515827922
-36.657818066265
-33.805916305916
-201.859861167478
-152.796438858451
53.570714821203
-24.886162828057
-79.271354025749
10.754627750722
-84.133817950712
-155.400002395608
-42.064020506403
-114.154491341991
-83.199855699856
46.669019294508
-88.506029885913
-174.548201391707
-164.797160359172
-89.860028860029
-144.954164271059
-143.347209539592
-152.763097633703
-39.086322206439
-101.778048340548
-69.620683678301
-155.435363681457
-54.159804659316
135.4806998557
-202.773456523945
-210.902875715864
-200.208694083694
16.377414631809
-146.000708818092
-90.305743681232
-168.958403087798
19.119699365305
-27.488546176046
-33.002512569895
-47.004050691062
-35.375250129645
108.331869898764
-118.113107920725
-151.117336520901
-109.179743867244
-101.904339150433
-153.697260692866
109.63617304462
-205.206542264159
-193.409534096546
-201.268565960949
-108.475018037518
-162.071802004419
-34.84595959596
-195.915563982458
-28.300886233992
-74.692903504915
-135.666027603039
-184.449144415697
-7.383547387942
-39.888958643353
15.188852813853
-191.178854673972
-129.559183492289
-174.006431502525
-147.930756363862
-194.311147186147
136.169101731602
-157.250803937816
-184.61353842555
-152.912095283189
6.320969882982
46.95880470441
-164.118784806773
-23.894112018624
92.772276334776
-142.458250896239
26.329836450442
-190.099316969922
-159.683601500496
-47.207160894661
-32.490197736291
-177.696596263979
47.573593073593
-190.489898989899
-33.990017361111
-157.749701253608
-198.662718845824
-159.893668831169
-196.950466579861
-41.604326608721
-185.143668831169
-169.976571659677
-173.013257575758
-37.437402061914
-184.872953869048
-187.220598845599
-79.336608270202
-134.501955943362
-30.217434529446
-39.849765441806
-72.943813131313
-134.418851601957
-151.931076247971
-40.467630405619
-36.827561327561
-151.730351787969
-162.009822696834
-37.027228901741
-101.526051530934
-84.183461991567
-161.947441068047
-94.321490575397
26.538569638911
-101.092442279942
-156.971753317212
-201.218893031881
-102.761113506719
-20.567828818317
111.767156075262
-87.326040821158
13.876144255051
-34.112832425821
-48.444915815521
-164.333874458874
-160.758227503833
-30.166875225469
-103.919552669553
-168.79156872858
50.955455080943
-29.860381859894
141.602463319016
-139.930104617605
-145.474103478986
-204.715089652101
-172.451659451659
159.078102453102
163.381284947691
-168.247183751578
-38.938481846929
-199.247572685561
-161.268300330312
-38.405032467532
-203.917388167388
-86.347500535489
-159.527388843795
16.717712842713
-133.579004329004
-26.91620797822
-243.874438441333
-186.908431412338
-37.343163780664
-110.102362914863
-127.323502886003
-198.170536982549
-198.378787878788
104.434134875541
-29.768308080808
-162.748626753021
-40.845791903409
-163.312670158617
9.247487430105
-168.821178441784
14.730539913645
-166.157549969562
-162.678383302895
-44.904151024756
-150.550868266933
-93.605138297033
-88.379517130005
-27.217359842848
-161.896284271284
-65.779331399937
11.361832611833
-129.271583017677
-195.28697444591
10.294552669553
-178.3529117909
-182.829996392496
-37.109217171717
-58.040764790765
-190.935863940747
-84.660737184907
-119.927829494724
-193.909438976822
-194.244408369408
-159.646165900072
-35.741182049288
106.737656982774
-201.936590373602
-80.729545384086
-38.57042875744
-136.445366753472
-33.12022005772
-34.669320506967
-183.973124098124
-70.563381442776
-82.607802353896
-170.671987734488
-184.125914558532
-29.937237187725
-157.94342419733
-149.054493737599
-192.302919682314
-188.122933435922
-136.630230880231
116.377455498061
-116.552857678346
-34.588002654897
-39.63932714421
74.056789998196
-154.468003838609
-30.215355282738
-196.865682494589
-1.342545150162
-158.418269610164
-143.844689219201
-37.897005772006
-125.243243681232
-151.643859422912
-137.928280432675
-43.00583400974
-38.63457256719
-152.045524299919
-188.54336754825
-31.351829539818
2.033709725604
-88.101739352228
110.238185425685
-142.820506262401
49.245470187365
-174.818292438898
-175.346951659452
-35.456189264295
-103.301489363501
-174.864731297348
-59.338151675798
-27.270743145743
-173.432359307359
-167.683150562545
-164.409070475965
-185.298137273967
-34.39772480666
-33.645304890422
-89.840265095148
-30.683629684118
-83.715568773674
-186.768578643579
-37.654290533685
-138.254140878653
-98.242153679654
-79.591818717307
-150.563590001578
-88.004231066243
-153.002254689755
-187.919892986788
106.730068542569
-156.084034400929
-146.309044687951
-139.583985079591
-47.351399034993
-174.281197155709
-35.85778192077
-135.949314574315
-165.556104431593
-94.851891543786
9.749811874324
-161.375824370942
-154.358753551136
-175.086108715503
-150.883998325893
-188.335969206575
-35.112185611697
-150.668017014453
-126.242694805195
-33.995859121347
-97.770923520924
-191.340888657783
-157.728994041982
-40.23148336039
-125.473554602949
-1.592975654987
-142.204076549536
-30.522727272727
-95.618133060516
101.873469277034
-188.272539147051
-90.954836450442
-200.360680606286
-33.348477097989
-182.50506318768
-163.766414141414
-38.28851010101
-97.18949187748
-94.94686682675
-206.597320160308
-144.372474747475
-165.68481480542
-28.920995670996
112.120137620626
-34.047070171582
-75.423360981466
157.288891284497
-30.656122469111
-21.872835497836
-201.244248427354
0.296356421356
-57.180764114358
-158.365911486517
-22.250373432991
-31.172619047619
-52.61822818024
-152.218725691626
-123.153651470058
-159.354797979798
-170.265610203598
105.108127170139
-36.929014616026
-152.980887981376
-72.322572826479
-196.854347041847
-104.946268629374
-187.309683751578
-129.842261904762
-28.618949680961
41.797709235209
-34.321899942505
-170.954184704185
-29.677579365079
-167.303550995446
-26.907377344877
-37.58352145901
-31.156323277417
-134.645042078148
-197.736644486156
-168.374360936373
-87.513528138528
-38.335477402372
-26.230138297033
-176.976440605835
-140.587474211986
-104.166293233676
-177.574392079275
-138.03024137863
-164.633941254058
-146.61344823796
-14.246863867469
41.755238630727
9.98956642316
-37.504759509154
-198.557109177715
-201.708593679541
-33.337834962347
23.225759971365
-5.600461224973
-181.396562584551
-177.936417748918
-34.045627170139
112.497626939033
-181.490231556638
44.618333868822
-157.327027952516
48.458505958018
137.626984126984
-98.333325582837
-157.728161920545
-175.35571253833
-152.168658544147
106.803403736021
-42.815316248422
-89.938151746257
-31.561417748918
-138.109487734488
-153.461322206439
-88.268869639475
27.914241818295
-39.75965007215
-163.964909276921
-140.284181096681
-89.206779711174
-34.187327375316
-161.287886538375
-142.817911255411
-166.615066682449
-178.664321789322
-32.240081831146
-27.406663594652
-86.790153910759
-212.336752711264
-88.375971630366
-165.439053622159
-42.328811271194
-30.701097892992
-155.464383652372
-94.417117604618
-185.289960852949
-145.57474507914
-141.083485524892
-161.022013522502
-107.54407354798
44.108606291712
-35.751435250947
-33.516594516595
-21.119215311598
128.736000490395
-90.999626567009
-31.553661616162
-27.770410579004
-199.145951704545
-88.153388657783
96.89142189191
-74.431748427354
-168.130300634695
-199.75755532445
-97.876525438537
-34.843857097763
0.058421125316
-181.557076061959
-164.175505050505
-23.239906740395
-35.006916260823
-41.537079782197
-29.734057229663
-77.699974071068
-109.540131011567
-158.305723248106
-35.168671226777
-22.319903132891
-39.183323187229
-81.772095959596
-150.569998252615
-162.69724025974
-36.991063678075
-3.337752525253
-191.848505281611
-9.939172345666
-139.691094820978
-35.349837662338
-87.358856421356
-31.517607013212
-179.565996882891
-24.826298701299
-185.923062235074
-80.637453637942
-91.920995670996
-39.082451890557
-26.440934878923
24.830928918087
-34.727182539683
-27.146114112667
-93.15586458897
-10.418838919327
-145.79042447353
-168.863275613276
-25.309773939168
-85.692488501082
-177.592803030303
-25.907931153048
-27.319632570121
-185.686126753021
-34.900154587166
-101.909243100649
153.541937229437
47.81727994228
-89.141762209145
5.363368266933
-30.828996578508
-86.142316017316
-85.11096138562
-107.700273169756
-26.404864774982
-33.920253737148
108.701388888889
-180.248487244093
-232.113968930375
-177.393849206349
-188.81546843998
-195.952659265648
-82.746510867605
11.310446118552
-96.413059163059
-38.37299543989
-199.317550505051
-122.351210909316
-35.668581039187
-32.868148209213
-191.656926406926
-194.979519666531
98.767213147096
-98.384080762987
-81.726849972944
-147.722152467758
-34.897699089105
-39.069436693948
-46.776785714286
-81.707993016098
-203.630161125767
-87.483225108225
-180.467073779086
-35.198232323232
-159.054022366522
-39.830009075126
-182.645222453328
-202.876525438537
-139.006764069264
-153.65691865643
-130.497204184704
-32.124937996032
-92.365821298927
-178.028511961129
-160.385662568768
-162.397644835633
-149.912670229076
-88.477272727273
-181.064762440251
-186.381764069264
-33.51242545432
-27.858307545319
-171.847590723079
-45.568522135417
-191.763728946834
-81.729499233405
2.602723665224
-74.231338919327
-8.857315481827
-31.969947099342
10.000713750225
-37.694632570121
-50.975005354888
45.830447330447
98.31900125699
-187.830697460092
-163.86326786278
-174.750533375045
-90.689213564214
-182.456730389836
-27.468434343434
-177.107135106647
-193.503509565521
-159.127525252525
28.705895802331
29.105339105339
-39.638175138663
-176.099484662473
-144.772920330538
-96.389450447556
-95.739455802444
-25.181810431322
-119.613476421582
-78.951020388032
-37.94229262491
-142.938742193137
-191.440774936869
-24.977625727137
152.38944269706
8.170183982684
109.431379926497
-184.596861471861
-39.775244774756
-54.636884328779
-23.360098614493
-100.651682844066
-140.937770562771
-37.628689940702
-30.010121443227
-162.606143043155
-34.529483591495
-70.213474025974
-81.378138598598
-37.025530838519
-94.36256186305
-112.461678024666
-199.989808802309
-147.374188311688
-177.000250129645
18.811046781994
49.398621398133
-28.31259018759
-157.087023274035
-122.94019787721
-202.645812900207
-188.666769536887
-42.101989481872
12.794913419913
-33.21463871415
-85.675602988591
-197.257866753472
-154.15395021645
-189.185959060471
-40.632055065161
-76.679736116748
-45.594037472944
-90.587239583333
-86.953303261409
-37.189935064935
-74.37958688447
-179.079988642
22.495049899103
-31.963363405258
4.852736347854
6.12769787721
54.448214356173
2.72183328824
-175.460510518128
-180.217331659226
-24.184807054924
-161.682449494949
-147.05494467555
12.466457966946
-156.707959900343
-198.01738577178
27.66341991342
-32.34241409632
-181.019653144165
-31.687700808306
102.691486221027
-38.099546666441
-38.656052714646
-152.347853535354
151.994699365305
-155.120060115666
-190.700755109691
-205.682351556863
-19.216999092487
-121.014270072376
18.729236421131
-22.069797444309
-167.891226015738
-26.11604324495
-146.433879813763
14.867944934839
-147.009552134064
-175.478367660985
-144.290466044372
-117.570006003111
-147.991723174829
-47.835598239651
-185.192468067956
-33.749639249639
-100.658286971275
-198.808781875676
15.020021645022
53.150170088158
-84.386672599319
44.761536261048
-164.40387271149
-37.252053881448
-171.833784271284
42.816205441694
-136.870490620491
-36.010080576975
-89.503074128562
-186.162059349071
4.46826171875
73.094794907783
-37.547987548476
-35.773276148764
-166.313241933847
-143.729367474973
-174.439844877345
-32.683261183261
50.564205813718
-131.038481917388
-53.844676536571
29.418400664006
-170.821719567325
-154.401937905844
-200.819075943588
-29.396742959731
-161.317903504915
-185.161525974026
-182.454988642
-172.871031746032
-180.424180420274
-32.685848439755
-140.448392265287
-38.166596912202
3.790375856782
-176.916403854392
-29.337654587166
-205.517065887671
-146.285353535354
-29.790826794733
-96.518849206349
138.325680070797
-79.142406204906
-138.432838428932
-160.782094099477
-153.803468558351
-145.165757040269
-199.611672669778
-176.836940836941
-37.030921660804
-192.859044547033
-31.525182770788
-35.182338874233
-151.081959734059
-183.721562373174
-88.869851556863
-99.635461760462
-180.769660894661
-32.725811758771
-161.630710001804
-42.57884438695
-37.493436739042
-30.37768519458
-82.534722222222
-191.635273634785
-145.343251502187
-111.768609293267
-41.652687590188
-36.865058931953
-29.691488687094
-133.82109600469
-178.528602148719
-154.098763161751
-102.705169017181
-4.245150303256
-184.494949494949
-189.334297213203
-152.471791717397
-177.74722461783
-48.064033189033
106.058781875676
-42.863517992424
-39.561409998422
-201.76138406949
-92.533611787518
-149.824097912721
-104.892586580087
-174.331980519481
-34.62922084968
-195.608663363546
-198.111770607864
-132.872662873151
-30.9954004329
51.392947330447
-37.115911486517
-172.261523578418
-197.700726926069
-27.201118326118
-124.09701366342
-105.422549293155
-182.05954424265
-33.694993320482
-142.049803982909
-172.751185121302
-31.201491759109
-176.634810014204
-29.985938486427
-28.363198108315
-100.601252480159
-41.716151470058
-38.011987198999
-102.453102453102
-186.690996882891
-174.749368686869
-196.004509379509
-47.376623376623
-36.908972537879
49.79321253833
-150.918740981241
-90.815015035962
-182.015331890332
-167.755509193498
-37.434523809524
-33.512798887311
-33.753107244318
-36.584513522502
-112.021444213339
-31.361732207679
-29.393861888979
-165.74694137243
-162.089486522592
-193.843156030168
-80.989886307269
-28.357753737148
-86.276432714421
22.818099381088
-33.429736116748
-36.806096681097
-196.728834099928
-101.070879695391
-30.263618326118
-43.15089158888
-197.900412467307
-33.85752404063
-39.042756668245
104.153318903319
-99.505328818317
-105.743297934704
-148.937139249639
12.868068238185
-202.218864848259
-96.889630822736
-35.353326794733
-28.807990620491
-28.704004329004
-31.694665685877
-112.143869639475
-201.355499047394
-34.950327070933
-124.292027417027
-28.774724082341
-79.449592887581
-88.666909045815
134.743166176272
-118.919923636476
-163.023891960904
-40.28668591608
-180.180756363862
55.731411139858
-91.332812640918
-192.154408904897
104.578576290246
-36.943820881809
-29.597673160173
-37.209944027327
-39.975461224973
-40.956168831169
53.22132034632
-13.085428081034
7.257653262536
-182.932269119769
-79.498757806863
-193.558433807946
-112.031856652462
110.797721917839
-89.889512451524
17.379939884334
-174.178661616162
-148.111562049062
-166.654852092352
-81.398175744611
-184.99800812252
-96.664862914863
-195.051677489178
-157.077478890467
-47.526404530799
45.055916305916
-137.63455988456
140.583621863163
-83.277514965503
114.835678210678
-148.814546130952
-157.305813435696
-168.885399756494
25.193911069399
-122.186688311688
-161.308905179022
-82.617326304338
-130.962850463339
-185.969073407062
-86.027236652237
-97.588945397051
-81.126360564349
-28.512154891549
-99.474025974026
-39.271354025749
-201.054092120987
-80.078713333108
-33.509642321654
-90.10369529559
-124.682207115801
-89.673422985435
-96.998827561328
-52.145493016098
-30.164592352092
-160.842635337752
-50.279844341856
-191.564873060967
-18.866702741703
-33.153416841405
104.571248196248
-31.032003911887
-35.016261949856
-159.281746031746
-37.847562539457
-188.553821558216
15.509449263844
10.238193176181
138.47869529559
-163.363005050505
-163.115079365079
-203.419539986923
-162.832619583108
-184.413309292704
-154.691398499504
48.557519249414
-88.861389424378
-201.288891284497
-102.655310780799
-29.423889424378
-119.706792393804
-38.594544778139
112.487762671356
-108.56059831011
-37.667741167253
-33.970078153184
-148.811224691108
-138.325695571789
-152.3076171875
-36.181740676858
-155.389332076344
-156.863005050505
-28.915473794868
-177.038682725694
-28.600399221005
-38.538981472087
-167.860549552444
-35.428731370626
-87.156197155709
-22.9043416165
-167.680457617469
-183.581988269977
-29.628898499504
-38.906106968119
-163.27676528116
-32.062056812545
-132.463716405123
21.13933982684
17.536876507824
-199.794093981106
-110.238644114132
-154.653589466089
-145.032836033324
-9.864906740395
-35.43740981241
-148.663401946361
-42.839718685178
7.749000186012
25.535894660895
-19.368223248106
-189.88186200735
-133.539584601596
-86.981212797619
-177.714654215142
73.242542613636
-195.414314038826
-192.705266955267
-185.425296491703
-48.006063001668
-31.201381138393
-38.298340548341
-4.707993016098
-79.594885095373
-146.86162405303
-84.209345829951
-165.629267000361
-194.57702020202
132.201569264069
17.080800330312
-29.07406444467
-137.413863100875
-37.119220243732
-24.91332972583
-35.658577967172
-32.732475423882
-96.502635873241
-34.554264745671
-38.050144300144
-30.209477588384
-33.635662568768
-146.655130405619
-35.111283735795
-33.647193897682
-35.882694128788
-99.93311145777
107.263886422822
1.402166897772
-195.013319579726
-181.760634385146
-105.952478890467
100.371572871573
-206.310946377841
-172.120408183396
-41.702180144075
-194.728264790765
-32.789411976912
-197.208070521059
-94.558539496528
-126.593225784632
-42.440927128427
137.999208744814
-191.922328051723
-181.668900923295
-169.605158730159
-33.97782160331
-182.96366215165
-0.78354978355
-166.35310484871
-193.29310966811
-55.789424659542
103.224234532828
-175.206099076705
-0.05066499256
-156.72332490643
47.601393750564
-145.399502840909
-178.335768398268
-108.053460807855
-170.893119955132
-151.514221455628
-175.694555065161
-159.762646695752
-31.474386724387
-21.433449308938
-112.761376318994
109.931186868687
-105.925698108315
-31.525322279717
-72.094343969832
-36.940025252525
-104.547912509582
-132.869776870265
-187.594877344877
-70.041063537157
-158.763638759244
-33.882297444309
-96.287628658234
-193.561778499279
-166.563241933847
-78.214909276921
-155.03068421379
-87.999639249639
-32.558441558442
-29.371863867469
-119.361123793741
133.797637014678
-81.671536796537
-99.322338197826
-89.354597171492
-35.822412884425
-31.269202206214
-86.480367288961
-203.990891053391
-207.654573779086
-35.954434833829
-43.779864774982
-86.92115561305
-180.013605643488
-197.227079669462
-118.345238095238
-33.551857864358
-198.452574010191
113.625729251218
104.576007705402
-150.792491037608
-184.192640692641
-99.469374619521
-157.333173391279
-87.183421125316
-198.513257575758
-80.645374644886
6.501082251082
-171.565844691333
-92.239107734713
-171.724025974026
-30.938499813988
-29.203344832251
4.871725063131
-176.805944489538
-175.758018945031
20.903218499166
-28.946518759019
-190.608315295815
-34.614718614719
-185.154421587527
-115.492506679518
-147.878689940702
-71.132665945166
-136.634011008523
-92.288030979437
93.498358656318
-102.682988154424
116.030212842713
68.416326349432
-201.334075267181
-159.794795048701
-27.351731601732
-56.714806406701
47.464888843795
-35.07502832454
-187.913608039096
-163.666548295455
-164.39735877187
-88.018558210453
-32.169392727498
-76.537219291126
-184.907176536571
106.851821789322
-35.987644300144
-84.807838428932
-182.306068497475
-135.660726968344
-192.152118281024
-95.015241702742
108.270132265738
-140.387536075036
-97.989378297484
-95.051948051948
-50.267566146961
-155.704648324766
-199.485507981602
28.39021351912
-30.165043290043
-39.50650125699
109.974897200239
-41.281934157422
-150.972472351867
-36.452388702877
-173.844454590548
-180.497848180465
-153.577270331665
-36.770312640918
-38.36993681232
-187.757596190702
-12.665022856917
-38.636621516504
-32.1642936057
-156.896374458874
-203.132124819625
-152.879547779694
-38.172508426903
-175.666576479076
-195.344078339196
-147.764901385507
118.484580388145
-157.192981009876
-137.154831659226
-132.478733695775
-111.104797979798
-187.728432483315
-34.278339336445
-92.953282828283
140.632635295477
-19.529681933735
-141.458846275253
-147.158480029086
-38.56611772017
-103.06231962482
-40.419364543876
139.037067099567
20.035652281746
-194.80266955267
-66.420176232188
-160.465847086941
28.457248616184
-163.282738095238
-100.614870806277
-10.813321904875
-170.650966275478
-191.020202020202
12.884461946474
-182.815226060832
-62.110209235209
-75.492903363997
-73.14247595937
-189.911005281611
-107.791215728716
-170.031848901966
133.947608760597
-33.577638832522
-94.002352627841
-49.773067589962
-39.29119529559
-34.888105384199
-92.806880185786
-34.311688311688
-163.842524717036
-34.392225829726
-52.471299913194
112.449384328779
-30.685966810967
-108.095065470554
-112.153749408144
10.698683261183
-36.828545640557
-155.45271351912
-105.123299118416
-251.141336636454
-113.114538239538
-33.449966320572
-79.481581298476
-161.860397360886
103.025141904536
-78.006916260822
-180.391032957928
-145.596603591721
-31.825134013122
-77.81672084968
12.018210142722
-127.853625541126
-82.94705988456
-152.634900201795
143.868957431457
-35.700293955177
-32.385982452877
-25.450654705538
-35.013175138663
-154.95123669733
-159.379751758658
-43.489636177624
-147.763440417005
-92.606403389362
-99.657024345013
13.385982452877
110.146562584551
-106.106441789547
-77.4436352222
-131.841630591631
-82.853292974387
-37.286806753359
-201.885752756358
127.854777546672
-81.980519480519
-190.174332611833
-167.683421125316
-34.556449680961
-162.02129202178
-0.349559349071
-74.829017011634
-155.433621933622
-192.088862959957
9.665015106421
-169.538051412563
-111.81797325938
-92.142336450442
-91.895951704545
-175.294815481827
-40.248819810832
13.288128917523
-40.800783363772
-27.955988455988
-34.683060374955
2.661345598846
-143.06509500699
7.978264790765
-193.54634867086
-132.765782828283
-159.950945701434
-39.239746798341
-97.608676046176
-159.743756623151
-27.729076479076
-178.775051716946
17.727633477633
-212.672170575735
-195.344524345013
-135.965826653815
-91.529122841135
-80.519307894796
-194.908542033054
-31.517316017316
-195.905393217893
-32.284714471726
-98.987373737374
-23.718864848259
113.068001443001
-34.303329049423
-121.17288961039
141.372204184704
-95.393656148539
-40.569333823728
-79.105601917614
-61.761121257215
-180.215458152958
-33.022907647908
-175.142877575983
-29.747364126759
-70.867334054834
17.898088023088
-198.931346810741
-161.136023319129
-39.211026278409
-88.13674481985
-188.576667202155
-50.137889074901
-127.674603174603
-33.423513173025
-28.504728154875
-187.093787343299
-147.847304659316
-192.245302494814
-78.47104978355
-35.536317415224
-35.153347086941
-180.453483636589
-166.625721500722
-24.842723059276
40.634920634921
-90.429986246392
-170.601461038961
-87.697660548002
-33.25946969697
-63.793720548115
-188.685974561463
-168.893856956845
-73.323683261183
-31.103826349432
-185.91332972583
-44.363574359668
-36.900600592983
-35.719959781972
-137.488455988456
-82.681658592059
-187.257317877435
-128.721410533911
-176.43350356241
-197.960309709821
-35.363067054473
-154.236840362329
17.818251572646
-189.471779034767
-153.341089466089
-56.189832194715
-32.119408369408
-16.945506262401
-114.345258528364
-174.466929338023
-145.358794417388
-91.849036190589
-28.338453592848
-37.69532588722
27.023559394165
-207.962314269931
-153.964285714286
-193.57979558419
-96.469426406926
-156.243784806773
-141.117436925054
-82.649358399847
21.084433551475
-33.258588254194
-99.849476911977
-151.872822815206
21.538162033279
155.888167388167
-32.947683447195
-86.240509869904
-32.792576293065
-30.770209770698
-207.157545037428
-35.03554166103
-37.003427128427
-95.964486522592
-74.979076479076
-193.217269655258
-29.238393984488
-157.775064399576
-185.112463924964
-190.473242469336
-166.470779220779
-53.244921311328
-36.2454004329
-136.506764069264
-145.674255106872
-96.865973490485
-36.519127519616
-75.636974516369
95.054030117018
49.199072195166
-159.385121443227
-178.030573593074
6.269330793989
-160.630764255276
-202.609044547033
-32.938574500586
-206.397296767902
-177.720598845599
-29.29329004329
-88.876803751804
24.00765819467
-168.433974933487
-95.980138297033
-177.300595238095
-28.091653490823
-8.548902107008
-135.665875411481
-25.796438858451
107.537711095328
-32.866174298791
49.535964415359
-31.417916610299
25.935956594404
-74.300422613411
-169.001262626263
-168.156939089556
-139.864927173521
-98.795712425595
-163.738664547258
109.824494949495
106.730339105339
-185.478264790765
-189.188574500586
-146.489788369183
-31.035456405574
-86.996023995536
-84.438123562635
-196.59154040404
-25.41503307348
-191.068612323007
-11.743874994363
-68.835588023088
-22.769853952471
-26.695354070842
209.338814343209
-36.06449187748
-39.284258601641
-42.87032292794
-158.636373852927
-101.81458206507
-174.666646233541
-174.29042447353
-153.559523809524
-94.422987548476
-160.338924963925
25.339917027417
-206.952733952246
-36.165146160263
-149.39898989899
-182.521093679541
11.460618672777
-30.249799191694
-164.955517084912
-90.918192105204
-142.776605339105
-164.58926528116
-164.790105294012
23.842341875789
-51.666854792343
-36.029032653544
-28.823162568768
-124.407828282828
-37.876623376623
-158.400961343344
105.403581715593
-34.137987012987
58.503053695436
-136.946047387942
-36.521652772141
21.082934182788
81.605637851732
-112.318264255276
142.248397056503
-174.271735209235
-169.927780173386
-150.584969392587
-113.272907647908
43.349386724387
-210.52398989899
-126.672430921943
-164.089708468615
-177.600206163194
-98.381341314935
112.746121933622
-172.970627029221
-121.55485448796
-151.22104978355
-27.366148933532
-191.026507401019
-76.319596636003
-35.58380470441
-189.795815295815
-31.147719522231
-148.604277287383
-36.910603664998
-207.564040939529
-40.924422799423
-156.837600333694
-188.903228715729
-163.233127170139
-32.561397315792
111.382485569986
-94.719995716089
-169.525974025974
-193.729950171356
-39.439832194715
-89.85300197849
-76.666133291622
15.225571845689
-23.142213147096
-149.06059831011
-28.650693246641
-34.402867965368
-165.837592583198
-125.190017502029
-102.10760154559
-38.1268115023
-151.036878973891
-39.645923520924
17.142578829591
-195.461948587437
-155.225358354753
-119.84326171875
-32.330988455988
-147.81031506471
0.594065656566
-36.871281875676
-33.159443908956
-38.836219336219
-27.834255642361
-35.465027648133
133.831591585498
-41.407640157152
-185.500388933983
-34.789752294147
-88.130661385056
-26.244047619048
100.582619583108
-106.89449320211
-148.968552714646
-182.848935786436
-151.440323998918
-195.463633968029
-33.836420144526
-157.236484544102
-153.911175440228
-160.791847041847
-27.397977402372
-159.486111111111
-84.474685470779
-198.419843665449
-172.765664457071
-90.298611111111
-185.058704370716
-169.887085137085
-129.238656796762
-32.090076969472
-136.518398268398
-50.298881673882
42.275793650794
-95.750643995761
-186.789141414141
-72.587780708874
-141.416383421266
-88.431470114087
-62.262536075036
54.012896825397
-194.681625124008
-36.672168109668
-159.510461760462
-38.04059216608
-174.291929478941
25.87861772017
-170.547619047619
-159.111652236652
-181.133817950712
-16.706431643443
-96.462752525253
-27.320165945166
-54.097644976551
-135.53834240846
-76.094684287067
-72.159083158595
-178.920835728941
-101.781106968119
-169.372745310245
-67.508235254329
-156.104810662428
-198.602605294012
-65.366640737734
-28.536255411255
-166.309974747475
-164.421376854482
19.330419146825
-47.295351675234
-165.506756318768
-159.266504329004
-28.024378832973
-187.774108270202
-161.530455221861
-180.321727317821
-157.606210331552
-169.143127705628
-54.578024948142
-48.808814991432
-27.977202972808
-136.578383232436
-157.77685546875
28.299074731692
-40.647727272727
107.64354799389
-94.093524531025
-15.457611832612
-183.938143995761
-26.674523203576
-190.116903550009
-163.715478586084
-147.92498435809
-97.334415584416
-145.082702020202
-80.180084184479
-103.487391704433
-41.441378066378
-28.423492739899
-21.228612858496
-30.42460564067
-153.456418960814
-91.522366522367
-196.500381183487
-1.200138945256
22.606449540043
-164.102460852949
-38.823773448773
-161.840818903319
-149.300873551362
-93.011912512401
-156.366473397479
-33.194805194805
-179.840437719832
-58.915223665224
-160.122204184704
-35.101731601732
-36.757776565882
-38.966422032828
-173.011892079275
-90.442648443137
-157.340388398494
-106.113455988456
-184.710046897547
-34.444506448413
-137.452187894571
-99.732302799197
-191.926218800731
-181.352002164502
-97.956058210453
4.182109177715
-28.635809828193
-106.584789017406
109.736734673746
11.148088023088
-100.16542447353
111.83754396645
97.304380650816
-146.55275974026
-154.649358399847
-187.003896033437
-26.011183261183
-148.473394660895
-36.500270562771
-40.376455684073
-151.466893403905
5.20489845441
-192.477653910759
47.621023995536
-73.087281154176
101.072698948187
19.955619955132
-170.407287157287
-38.507485569986
-157.243333868822
-40.73261422822
-22.88150125699
-152.06384259729
-155.119416119904
-36.342991155979
-170.653035657918
-76.509490130096
-145.80284992785
10.84344209393
-42.626061817956
-91.088855209461
-26.860742610254
-90.058982683983
8.932892682404
-26.266532512626
-175.992083925189
-195.670086044598
-163.471791717397
71.457313086219
-200.925955988456
-108.388270258387
14.113636363636
-29.366084111201
-86.527888398494
-100.156302844291
-91.065393753382
-113.367694805195
-167.136093073593
-184.462772958378
-163.058794558306
9.01642189191
-156.816127936733
-29.07893457454
-155.762827070933
105.061250056367
-38.657918470418
-178.12481962482
-29.79950277045
-84.482581112464
-167.485562235074
-182.434085554203
-161.013708513708
-134.247747776312
137.95193001443
-167.280483405483
-184.251644162045
106.951891614245
-29.265844832251
-96.247557184569
-88.899981962482
-36.008457200352
-31.742684588632
-155.631320881809
-176.218246217758
-156.39439033189
-201.433323187229
-23.318362193362
-137.244220243732
-201.160173160173
-147.614628427128
-36.063672438672
-140.835567589962
26.310796652349
-199.284840593434
-5.532176536571
-41.186077431683
-93.679014616026
-42.308632150185
-39.867424242424
-101.651275238433
-25.08439515129
-189.892225829726
-81.547631730249
5.108876854482
7.25018037518
43.439677184794
56.29023141572
-184.530462972358
-175.333132525027
-33.071797072285
-160.265692640693
-95.984114301497
27.718795093795
-38.793117418606
-34.411886724387
-28.495841154288
-83.325479262491
-34.849013291396
-36.069013939619
-89.014983822601
-164.675247170364
-53.340929524035
-156.696961946474
-146.639079480632
-177.678661616162
-103.60969629329
-37.763097633703
7.858778916396
-36.230527231016
-86.322080317686
-190.642434388528
-159.903478845373
-157.305217704388
-128.377435064935
-179.665133477633
-162.57423213722
-146.434794372294
-166.354547850153
21.112832425821
-25.836850649351
-31.676136363636
-77.225628917523
-179.097034096546
-169.308088558577
-156.83665759154
-196.194514198909
-43.86743199292
18.160373968479
-36.562840317235
-38.215718499166
-169.141164011769
-190.764401830808
-35.628780128292
-28.503434878923
-76.599276103671
-188.45852145901
14.118568497475
-78.454816017316
-50.942537822421
-32.441919191919
136.348585252638
12.352543290043
-183.948392265287
13.959886955492
-36.744117373512
154.778627866274
-91.952831890332
-46.128878066378
-191.156898223304
-15.888360445978
-105.648719336219
-94.047827606421
-162.487283549784
-31.724206349206
-121.834657963564
-40.779068587662
-35.057782061688
-187.047368917974
-153.180846551452
-160.67306998557
-30.531086534993
-78.846668414051
-166.789772727273
-159.529942279942
-94.121281875676
-195.949883883478
142.639277822872
-11.521132079726
-164.023268398268
-177.078823953824
-140.098685656791
44.590089652101
-165.500930059524
-100.492326304338
-202.242944934839
-35.127893753382
-97.508178887085
49.046093609082
-41.977092352092
1.18768037518
-114.056124864719
-159.791728670635
-186.454725829726
-156.466720779221
-92.525334962347
-156.561951123963
-165.929292929293
-158.918740981241
-2.107516290133
-98.409701789096
-160.900621026109
-30.652326839827
14.570276565882
144.031014314462
-59.275051716946
-29.055375180375
-144.82952502142
-168.675873551362
-196.495670995671
-206.049144486156
46.451561513573
-81.079344646239
-192.125741933847
-101.076687635281
-88.744748686643
-92.280483405483
-39.502533003021
-144.615017361111
-33.877996623602
105.15883302895
-33.390089511183
-104.207423706935
-142.503976004464
-151.208243145743
-31.58715186181
-97.34632034632
91.681359493371
-40.390081760687
14.855782292794
-102.415571732955
-199.10797497858
-45.830607272502
-2.070957200352
109.797719451772
-155.35378548318
-156.300505050505
-27.090971094877
-204.653409090909
-165.526896335002
-176.920003607504
-181.63311441705
-96.701569264069
-23.626595193001
-149.823502886003
-133.809065121077
-48.461159798318
-193.582202113208
-178.420614487509
-192.442478284519
-192.496572871573
-164.276986522592
-79.42640446034
-176.43184636544
16.216610158505
-141.885371572872
5.320194128788
108.234639926046
-35.275342712843
-207.401146650658
-133.075224200712
-198.925966205019
-180.814955498061
-135.427571614583
-168.667588975694
47.330890517902
-36.795918166035
-128.87020737509
-163.92507454568
70.419720362103
-33.597935972448
-195.132277011183
-159.612907112419
-203.882403132891
-167.318078947962
-84.04185725841
-129.598492598981
-36.948219640602
-160.652146464646
-29.437950937951
-24.646354025749
-86.769640461535
-120.125262812275
-169.879398758793
-185.25975294237
-33.622384559885
47.577909395292
-194.559897242514
-38.701548830943
13.855171412789
-178.836933086445
-33.833062770563
18.696699134199
-159.934676001082
-191.28391053391
-30.857591329027
-42.22495603355
48.852602827945
-39.642045454545
-160.995921125316
2.793588789683
-136.309253246753
-41.011613766008
-30.344155844156
-26.975821975334
5.841532653544
-88.503274936869
-136.062860750361
70.306699810606
-148.468524531025
-167.332130244972
0.142919146825
-179.649961529356
6.357052669553
-161.343967718479
-118.789411976912
-157.204622959506
-174.015414327426
-33.509170950577
45.667130287247
-28.055986060381
-167.546335988231
-181.947608760597
151.754331470396
-186.872371877255
-98.270833333333
-36.752422382305
-29.522899897412
-67.767669017181
-99.046979983992
-139.77598177647
-117.580898268398
-153.377442815431
-94.523170460182
-176.917408600514
-110.038141600153
-141.635191197691
-185.001553622159
-70.873015873016
-69.601468789457
-158.998987503382
-166.219975282964
139.313391659339
-50.929756549874
54.708977329095
-171.092712842713
-95.757859002976
-157.803009869904
-72.983392800776
-32.699695757801
-178.913309292704
16.350912162924
-148.475128658234
30.193199785241
-104.929120304609
-144.946781571293
55.616432178932
-178.861824861337
10.188572034519
-134.309982497971
84.99252218051
-100.721222408234
-33.545544733045
-144.993965181953
-92.009838197826
-196.198781199269
-169.209214776109
-37.166305916306
-172.930375180375
107.289953102453
-196.383678441784
-32.0365055409
-79.967872784767
-192.608585858586
-84.571719567325
-192.470147907648
-110.823051948052
-146.489164806548
-153.052378556773
-32.723013477408
-204.275515337527
137.480426826862
-38.199015827922
-40.102826535444
109.127427314439
-170.577331983338
-39.044560420049
-100.671093609082
-96.059281430375
-38.369769119769
-91.008588254194
-138.297951614358
-194.473464415359
-61.491169366658
-36.456251268263
-160.607761487644
-90.169830982819
-187.701999768894
30.759028975582
-185.985209235209
-174.214257530664
-138.070214914209
-181.352715914728
-91.534902597403
67.904413837031
-202.614726365215
-84.506222943723
-111.119395686778
-181.248709190115
-87.726551226551
-153.90289614899
-89.747667805285
-37.638445701434
108.20402476213
-40.276092397186
-185.480887981376
48.880949914885
-37.127515035962
-81.176599984217
7.92611593051
-166.619310431322
-127.965290460408
-29.241138716969
6.254411441423
-29.57233044733
-37.791697316356
-97.855261600379
-174.713412022006
-36.276625772231
-37.901543335137
18.616432178932
-41.502733811328
106.644217707206
-159.082611832612
-184.368367336873
134.782385095373
143.789411976912
-191.187950937951
-166.520382395382
-186.228056231962
-204.774551457657
-29.565646349094
-153.013417517812
-27.311036565431
-147.2334879205
-71.684683751578
-30.791736421131
-34.637814388303
-94.264630822736
-40.757513753608
-39.827373201885
-60.101891543786
154.559714401267
-151.959603710092
75.218143347538
-117.101293346411
-174.991780246663
-38.79998435809
-179.312291441198
78.00983044733
-26.842241471636
-158.005163591834
157.345598845599
29.303849741838
-144.495588558577
-30.116432178932
102.862994833942
-28.108676046176
-31.491723174829
-37.993055555556
-44.143228109781
-143.269828587211
9.584265858924
-152.767646117988
-41.090708282603
-33.925492367875
-170.902667157062
-148.754267000361
-152.346668414051
-146.730256668245
-180.217019525613
-187.347340593434
-40.779470908865
-82.640844832251
99.382485569986
-86.025272958378
-38.118055555556
-91.506132756133
-35.530385467397
-87.298190822849
-140.249767837414
-98.554202741703
-88.776146650658
-31.475010287022
-33.622557184569
-80.838273217668
-83.30313317325
-68.695165945166
-162.423771053166
-73.045622238005
100.619478123873
6.531593840188
-99.411435786436
140.648817274306
-99.547168109668
55.667014734398
-143.533377158865
-76.930568238185
-85.061237373737
-28.366694991207
-202.840458152958
-143.895652958153
112.977836752007
-35.54979130028
-90.739357864358
5.353292974387
-157.093253968254
-209.830619955132
-183.433601500496
-168.39621451682
-88.40376984127
-151.564947747565
-175.047590863997
-205.942841500947
-37.563303937816
-43.563110880005
5.178481240981
-68.412538470644
-25.660082972583
-161.832534327652
-124.336149581755
9.944877415336
-25.958243145743
-128.137634013122
-119.513180070797
-217.362041170635
-140.633129565747
-36.324327256944
-172.036255411255
-165.532730344742
-93.378038194444
-189.606864543876
-0.742243867244
-106.470869408369
-154.338445842352
17.249647000135
-194.100198412698
-26.858225108225
-169.081251268263
26.036889190454
-32.030573593074
-87.629246567235
-45.529421587527
-169.00007750496
-98.856158544147
-88.826028138528
-141.394743331755
-88.617063492064
-133.419552669553
110.139968673904
-167.114448051948
-41.696245730181
-158.171188728806
-183.320964950848
-29.02581408392
26.782276940724
-28.360910302805
-94.225628917523
-199.261765605271
-44.082320836715
-167.516803075397
-88.843983219472
42.076937764926
-95.41323953824
-107.361832611833
17.68318896273
-165.086752711264
-153.820699320211
11.255333750451
-58.065295815296
-162.374647000135
-33.881403318903
-156.906856652462
-64.159178630614
-190.884822696834
-41.44724025974
21.740891053391
-120.952180144075
-86.599366291261
-35.751262626263
-43.50927135473
-87.36506139802
-100.12968975469
-166.174615857233
-18.585497835498
-88.328172207567
-162.304182308577
-28.396196549761
24.485307173295
-153.128128382035
-38.624105874594
113.524829770924
-158.158189033189
-31.238205858811
-74.481060606061
-169.666728670635
-179.099907416802
-184.203532957928
-146.162136501736
-147.823884421785
-201.186397315792
-29.354695109578
-177.190648815161
-181.61812531002
-202.64620183419
-159.805277242289
22.045717357729
-93.896542151425
-189.437520433126
-84.512085137085
-36.311660128066
-184.804174558081
-55.340076969472
-159.715741398359
-192.141164011769
-53.304555741567
-30.811590373602
-194.74522005772
-175.983864171852
-162.818452380952
-36.3704004329
-51.564857559975
-203.869776870265
-21.029581529582
-90.074605570211
-199.439651819535
-148.444186564304
-26.661538656656
-98.409188847177
-93.148817274306
-186.650633708739
-180.588551530934
-39.17585805037
46.941988946383
-180.381485755998
-184.765532698638
58.87996031746
-35.481934298341
-92.863979146938
-150.421106291712
-69.672320301227
-78.21797318892
-182.850912162924
-173.296276450329
-90.969689219201
-29.235139480745
99.781184473079
-153.102370665359
-27.664149164637
9.945186378292
-35.654573779085
-197.582279265873
-176.167999047394
-135.065857373963
-87.293027231016
-169.408389841495
-192.811680561192
-154.931547619048
-187.511085323097
-168.931560301677
23.327283014295
-130.994305499188
20.678300865801
-177.869235744724
-40.544642857143
-208.945647532806
19.823735048589
-156.868506493506
-32.101950377097
-174.59395503585
-138.727981545364
-37.082539612081
-196.580086580087
-181.165396289908
-85.537407416802
-162.7971061057
-38.969246031746
-39.575667388167
-164.347201789096
-172.764888702877
-100.421626984127
-151.852842036436
-15.429543058938
-180.51729558419
-34.655192409587
113.095771470283
-38.932802494814
-172.012917258523
-36.895452149847
-31.164870665359
95.10452495096
-181.99207124256
-114.612656982774
-46.459657963564
-80.87987012987
-128.178202927715
-30.461247519841
11.049270607864
-138.534985034497
134.804264745671
6.646632339015
-201.185343248332
41.349126378179
-29.25496031746
-22.75773569963
-163.980769610164
-132.433261183261
-179.074301891685
-116.464363219246
-72.458771588654
113.640589770473
-36.590716033099
-120.867584184479
-35.555735930736
-84.024232278139
-27.801427359533
50.502066564078
-151.26466710915
-161.685155122655
-160.969529277146
97.235552018511
18.06212128258
7.662337662338
-78.195745470892
-181.022346089241
-173.992965367965
138.691857187951
12.87174303019
-192.505313317325
-121.946150258162
-99.179645929158
13.088285900298
92.210678210678
-23.593975468975
70.287337662338
-31.369235744724
-77.239525556908
-49.63455988456
-134.647436276831
-29.56555862757
-30.523698903093
-121.106671486066
-177.029679467668
4.081640202246
-50.850108225108
-36.201659451659
80.881042568543
-172.944833378427
-82.936778499278
-154.007395382395
-178.646374458874
-0.434786621798
-164.90176528116
47.22106246618
-37.390754644661
-52.319503982346
-36.793831168831
-156.615522552534
-34.060335497835
98.587564399576
110.835948773449
-137.941169507576
-90.462481962482
-85.251726246843
-194.865079365079
107.382227689845
5.17792743281
-71.592094212211
19.602244543651
-37.137674879374
-28.51711520901
-195.381243376849
-112.362902180285
-191.770951704545
-114.785526160038
-28.154282783189
-36.680645743146
-152.607163290269
-36.080349392361
-87.693542568543
79.546807359307
-86.361812178707
-126.474935600424
-77.96988756144
-191.761301632395
-159.950389074901
-38.988283363772
-83.200216450216
96.917931758996
117.374160128066
-114.771186333198
10.922997765039
-27.621191688086
-30.759912884425
45.335059580177
-36.163149350649
-108.806727994228
-104.359758297258
-28.214826839827
11.162317229212
47.551780359398
-190.20948533888
-162.474484662473
-50.435167805285
-84.422500676407
-35.115342177354
-199.644923706935
-150.743777056277
-48.09918591608
-181.04321253833
-196.209866522367
-160.568009193498
-88.523121491139
-29.438143995761
-28.340556091044
-93.188033375045
-166.382833637716
5.018841455853
-38.698322510823
120.419650607639
97.78354978355
-87.359217171717
109.347833102228
-190.692542754554
-31.248814878698
-20.233835988231
-40.117514430014
-80.061487503382
-193.765229020112
92.841810966811
-153.503689940702
-94.275695712707
-201.198294327201
-78.962224082341
-204.679465553977
-153.053501674107
-162.13933982684
-102.160353535354
-26.188680189168
-38.67872362013
-187.412718845824
-195.183900246889
-31.293908673791
-95.17720064766
-31.225461224973
-34.562118816513
-46.617694805195
116.336940836941
13.460518268624
-175.250450937951
-98.83199320211
-89.358696479302
-100.200577200577
-186.248286435786
-91.260371572872
-25.585647560989
-151.578726015738
-98.270119583108
-30.759261138167
-158.69896157445
-176.987811992695
-97.360126798115
-199.483114487509
113.333776520788
-148.084165454771
7.887626262626
-175.352710982594
-118.654934529446
-137.734495484984
-190.199306823819
-198.166396103896
-135.55093555533
-150.800316924829
20.493764373647
-2.997462064845
-84.90681578621
-151.755952380952
-186.235028860029
-191.414041009988
-54.862373737374
-110.013139204545
132.098124098124
-152.594967532468
-173.588141459235
-24.863553926542
-90.36803512243
-158.124028369634
-172.121420680014
-192.352751848846
-40.062778313267
-209.831447144435
-155.472402597403
-37.0563647778
-174.749196062184
-31.763878672326
-148.108171207048
118.322322696834
-46.972603405709
-35.83876502187
-30.658890100785
-194.746732813627
-45.561085182179
-25.63952020202
-197.798062235074
-165.294642857143
-26.017759204771
-30.524961529356
23.889422263934
-181.493797489403
71.117236116748
-28.893828773223
-122.490898803887
-21.607962295951
-86.799422799423
-75.598845598846
-41.193009193497
-190.378787878788
5.614095052083
-138.360500231106
-113.653401340413
-99.643849206349
-45.245864053481
-135.885940882035
-161.832258832747
-157.413780663781
-156.865953057359
-36.366341991342
-37.421446608947
-212.488976680871
108.598456664863
-195.583985079591
-31.069985569986
-147.859758297258
-55.229625355114
-56.398829956935
-96.866682308577
-87.221758601641
-80.812688125676
-156.728805916306
-154.959686147186
-146.236554298566
-149.37509018759
-36.255784688402
-199.50668163217
-36.212772958378
-181.685343248332
14.303731370626
-152.867514430014
-63.601563909181
-144.16132516572
-107.942661125767
-104.699425195031
-147.137507891414
-133.534729972718
-49.191029998647
-186.918039913645
-33.284160663555
-172.167388167388
-162.085698643804
-35.373106060606
-144.635093259605
111.006792252886
-93.569707256719
-29.729888167388
82.622196434208
-115.585144835633
-32.255050505051
-109.318442164389
-82.457619583108
-126.852300910895
-118.51824607684
-157.487992367875
-97.384461946474
-187.032024345013
41.911858540765
-37.437770562771
-101.01146157445
-31.386002886003
-191.088363405258
-98.258207070707
-101.611644486156
-171.774531024531
2.540035539547
-92.552739307134
-178.666777287383
-196.028581715593
-188.154859842848
-94.7132112137
-187.226378601867
-157.385010822511
-180.080717893218
-20.83169727408
-86.758116883117
-193.538530534136
-151.056307705966
-92.861500045094
135.960518268624
-37.749799191694
116.17937290032
-76.514347577336
-182.874389119995
-36.107122424017
-86.114648860254
-152.162780849793
-152.57683982684
-164.190746753247
-143.118478309885
-25.210848369296
16.538870851371
-81.831820577426
151.437961154514
-115.686938441333
19.309232813627
-183.171704489087
-89.413710909316
-193.649559208153
-35.062569754464
-192.59136002886
-87.034111342217
20.629148629149
101.577671948277
-95.065295815296
49.065499089669
-29.372953869048
-183.281212656701
-35.359577922078
-84.426406926407
-31.80085805037
38.006666131178
-23.070867012762
-154.249446191829
-195.525633708739
0.612283549784
-28.503316507711
-36.517017270924
-31.536263161751
-154.817017130005
-89.216470649576
-165.790702786796
-171.276432714421
-183.732843924738
-188.959624143218
-163.942890822285
10.787177720283
-161.159840593434
-105.433449308938
-26.465347532242
-94.42506186305
-155.207779525162
-43.596328096816
-172.336961270067
-104.582619583108
-34.523095773584
-35.945727503833
22.081096610638
-102.688159496753
-205.901342526831
110.963724155619
-187.034279034767
-29.14802601912
-37.526584905979
-198.994320647885
-164.490051181457
-28.706730389836
109.365870620265
-77.890664457071
-85.084583276966
-88.763721196338
-167.646735209235
-135.312381628788
-117.83172263934
-113.342344341856
-18.622634689529
-131.685155122655
49.457070707071
-164.482233044733
-153.355601917614
-161.157578153184
-156.523350835363
-30.738623681006
-199.791035353535
106.709214776109
144.191037749143
-193.345258528364
-160.921057674964
-166.6877832454
-97.326471325983
-102.884088513483
-175.030573593074
112.194526881539
-138.898691152597
-108.867334054834
-94.754148629149
-145.344766724161
112.915383607278
-46.303210678211
-37.3664941829
-149.450126262626
-98.293442234848
-104.097214471726
-145.502074314574
4.184897242514
-148.475010287022
8.362020737509
13.441821253833
-108.141684704185
-202.55972461783
-90.099775658369
-33.320256132756
-174.63187468998
-147.762237328644
-172.938303937816
-153.669671040765
146.041916796311
-203.731400923295
-173.096472537879
-44.668630360525
150.463113275613
-37.919372294372
-31.854715542704
-151.403589466089
88.63196487757
-48.845049969562
-33.219578598485
-130.393787202381
-33.709263392857
2.722923289818
-200.41620797822
-141.007235440341
-194.508137316243
-174.370789366883
5.75993860198
-42.482593795094
32.407037027642
-136.226108039096
-51.752172252661
-136.043720548115
118.809351184839
-193.211822465729
-36.709235209235
-28.65854978355
6.05648033065
-83.906307776425
-128.227723665224
69.458905108563
-42.103006910624
-28.736894615801
-168.515955452967
-33.374188311688
-210.073703694309
22.489430084889
-34.452741702742
-144.357846390805
-168.772789276696
-136.370593490711
-190.235181051587
-167.807359307359
-75.994977678571
142.178911745806
-39.732946794959
-154.87308562748
115.918650793651
136.90108464669
-110.918560606061
-161.22573953824
-169.975468975469
-88.536997345103
-174.135031255637
-167.78851010101
-149.96854496415
-36.461211585723
-0.98060966811
-44.805813435696
-36.027028093434
22.465380647998
-30.708181141775
-31.000894125406
-203.313492063492
-197.460657777552
-190.155753968254
-179.768565960949
-188.277064027552
-196.437041311553
-166.960137085137
-151.772448959461
-105.45776402417
-30.467955221861
-38.005849510732
-66.353146419553
-33.839215959821
-74.080545268534
-14.899981962482
-169.099567099567
-140.464097588609
9.079385512491
113.571158008658
-137.30906265501
-176.334062584551
107.035984848485
-190.606240981241
-94.574793695887
-38.518398268398
-159.019217707206
-176.53164809366
-38.962281154176
-155.015053577065
-30.099799262153
-35.496871617965
-162.688943001443
-78.922348484848
-56.011064889971
-200.528942465954
-188.15880766369
-152.611664919282
-184.0815168989
-33.932281802399
-128.474948283054
12.349054157648
-114.944506448413
-168.176406926407
-30.294031977137
-105.574556953463
-81.693439698322
-39.078525207431
-184.004579133974
84.826819393714
-32.50747781949
-163.158890100785
-118.897444027327
-192.429916491928
-42.145034327652
-38.231619698661
-37.041777287383
-202.767053205041
-35.047709235209
-116.299963924964
-27.186971557089
-188.005764255276
-121.205795398178
-142.196518759019
-154.684974747475
-158.516483895878
-115.33917509357
-26.190594561688
-25.910443722944
-199.234384864268
-156.559163059163
-37.330988455988
-38.327380952381
-157.831168831169
-26.497023809524
50.293480635033
-25.887703767587
-36.735119047619
-192.875713750226
-174.957812640918
11.074945887446
46.235036610525
-34.457508962392
17.241182049288
13.469995716089
-181.87481962482
20.065107689619
-5.05781024531
-36.172688802083
-137.637786204681
-184.823232323232
-184.151432714421
-156.906905973801
-37.872807314214
-179.774288645382
-159.525342712843
-89.806900618912
-30.90126502187
-142.989419868326
-15.274891774892
-50.529754154266
-194.012716450216
-167.11353842555
18.013798701299
-83.906483219472
-33.813041125541
17.461049177602
-131.026244588745
-174.864607994002
-129.314033189033
108.832160894661
23.847974372633
-95.19696969697
-25.978504703847
-134.541383421266
-137.923873923386
-135.053022552534
-36.491792929293
-132.618063306052
-89.019751082251
-37.565656565657
-198.658191499256
-90.92316017316
-173.307331123737
-168.07196969697
-24.805076433983
-180.865780432675
-152.433621933622
-119.128898499504
-38.985049293155
-34.60379816581
-196.729326608721
-156.34786128585
-28.054936925054
-27.520104082116
-155.3058056852
26.281132685674
-194.933621933622
-31.380800189394
-73.470758787653
-168.28373015873
-34.33831408392
-156.695707070707
-36.066275196158
21.499446191829
-91.979367474973
-30.077651515152
-168.157086348981
-147.558379554473
-81.915924732819
-36.327388702877
3.11716143015
-25.920003607504
-77.329733580222
-141.918929106917
-145.927821744228
-43.675788295905
12.123487244093
-9.622765743371
-181.202749453238
-42.491519900455
-181.665973349567
-107.440734070617
-154.499278499278
-130.455009075126
-193.058814991432
-98.098226968344
-55.544983174378
-190.598214285714
-165.58152958153
141.955269421334
-196.464626031521
-94.653318903319
-192.884199134199
14.630782222335
-34.726713634673
-172.888154705538
12.095328282828
-166.931547619048
-138.765048644931
-90.558912929518
-31.437750129645
-164.12118393759
-99.729777546672
89.998356190251
-182.879058441558
-156.36056998557
-26.413079596185
-123.850731787744
-152.973062094156
-141.779761904762
-152.145951704545
-198.103896103896
-31.379501629013
-201.504321253833
-157.888979076479
-107.084173205267
-158.133289507801
101.733225108225
-175.399989712978
-95.072801818407
-28.706972768984
-29.849858095464
-155.627275122881
-78.429993996889
2.006194760101
-34.769660894661
18.257374949269
-101.107683982684
45.388056767451
-150.186515687004
-24.004169062275
-170.989808802309
-201.038858168741
-184.272897431345
51.183451775005
41.454385512491
-156.008580503698
-64.785263347763
-29.276404530799
-192.963412022006
-9.561667878562
-93.866542799648
-38.265679958063
-36.502246939259
-182.777958152958
-74.61831836783
-52.660366217983
-24.65854978355
-177.329094516595
-190.774240028635
117.704066332973
-33.286242728626
-87.622737559749
-172.642578829591
-32.299262857368
15.987634083581
-31.22410841112
0.444954920297
-171.148927895022
-93.638335080718
12.707970116906
-92.678038053526
-55.848603219697
-79.735652422664
-29.839806406701
-158.343253968254
-161.037685730069
-199.267960013077
-46.98184411075
-119.310806868912
-28.563221500722
-31.804916491928
-81.868715052309
106.398641831259
-182.861041356647
-197.250569309163
9.749639249639
-27.755872409925
3.692648443137
-82.720037286932
99.170897732909
-75.813749943633
9.358392800776
137.419093981106
-38.412399666306
-102.246670809659
-88.953213073819
136.06658662518
31.692452566964
-149.702208327697
-164.201479076479
-85.698964040517
8.884621888528
-72.275232092127
-167.494776870265
-133.988927359533
-193.850801542208
-147.582070707071
105.389891168944
-51.057060560967
-195.693604572511
16.366452612058
-22.173804168921
-154.156758714376
-114.231934298341
-157.907668340774
-33.965556091044
-150.71818421379
-152.797438672439
-23.878517316017
-33.961149581755
-200.033209466315
-83.586149581755
-35.006222943723
-160.77598177647
-166.653306220689
-88.627435064935
-11.792831354843
14.511992483428
-196.890380859375
-148.872307054924
-21.203723549671
-145.232766419778
-33.085157518263
-34.555978309885
13.545601804879
-36.02245424389
-29.74531024531
-184.329725829726
-28.707160894661
-33.562417562906
-198.144220173273
-169.221258342352
-179.509297072285
-123.598124098124
-143.608938858451
-24.876192871798
111.596753317212
-154.655656030168
-143.786693666576
-73.247642440025
-43.584317646329
-90.562700808306
25.722665409677
-199.852703232098
-32.878303825081
-37.514450447556
-146.676948051948
-32.483585858586
27.069903132891
-74.66857328869
-191.039924918831
-91.725927663916
-21.819915815521
-183.516311271194
-88.647379204996
-31.503615254104
-111.549853304248
-160.358585858586
-114.941037749143
106.9136002886
5.037760416667
-145.754509379509
-163.629607317596
-36.104867734262
-189.780393217893
-28.758928571429
-199.716720779221
134.110758111246
-154.576409322015
-40.337690521284
-143.511634199134
-85.528048340548
-30.245941558442
-73.749709004104
-30.20164676903
-205.823482452877
-94.524178024666
-185.408799913194
-34.976558977047
-37.127886002886
-158.154839409722
-104.655094471501
-191.029568846952
-153.587739842623
-110.60509672619
-83.552391239403
-61.957882395382
-32.152417027417
-158.645485265602
-169.539690290179
9.469155844156
-29.292859538465
-181.925595238095
22.461837966721
-49.835567589962
-148.880210447105
-38.702102639114
-135.610812364719
-188.263249825262
-23.97870797822
51.354377691536
-155.978445165945
-173.892418887536
-105.148907461896
-76.120199624594
-38.340556091044
-36.666293233676
-87.434884559885
-30.191099753111
112.99387746043
-42.668823418335
-158.980359538465
-75.993416305916
-40.054543058938
-160.587461529356
-155.809253246753
-170.344967532468
-195.57979558419
107.916043104031
-69.677391239403
-91.088002654897
9.750981846929
-32.919302539908
-82.2787825239
-175.467068846952
-176.649531024531
101.748286435786
-33.826561513573
-93.734397546898
13.708235395247
-29.628795629284
109.36085323097
-91.796696738591
-195.576651701163
-80.010253201659
138.618658685065
-30.779483591495
100.303911745806
-173.116813362419
-97.829017011634
-159.303661616162
-156.025453333559
-45.726461038961
-150.690398685516
-84.766341920883
-147.42594823796
-204.938963434569
-35.711768212256
-86.04051466112
-74.136191011679
-194.808912929518
-28.369055369544
-171.908201715819
-107.305542872926
-39.217712842713
-197.533637505073
15.688311688312
-188.504251499369
-78.079262209145
101.708593679541
-44.733516104122
-84.365079365079
-129.355241167253
-203.63247781949
-32.316398499504
6.32911494972
-154.162809033414
-82.141867545432
-190.188749943633
-80.558178746167
-33.453179958063
-134.701561513573
18.873564749053
-182.529511775117
-177.03852278364
102.672026134673
-175.076097892992
-171.633289507801
-35.304473304473
-80.217885467397
-31.53163541103
-179.320977633478
-45.755431688537
-33.36534992785
-190.810273493867
-58.849386724387
-131.30007454568
-102.703282828283
-75.098484848485
-88.379529812635
-88.21340427151
-42.220418470418
83.76146157445
-32.850358354753
-34.077950261544
-31.708784271284
-44.632756132756
-103.090478586084
-190.640602453102
-33.171987734488
-84.227723665224
-127.860922985435
-106.495830937725
-28.063319438808
141.547887144323
-34.044282106782
-161.977813852814
-61.631673881674
-213.781122469111
-78.473304473304
-193.600406971501
-188.288953288465
25.242983335024
-38.565746753247
13.261293881899
-194.18253968254
-26.98374580064
-86.120392682404
-176.244969928075
-169.539051226551
-116.19445219494
-188.458501025884
1.19055862757
-151.081627519616
-161.350801542208
48.707812640918
-36.138499954906
-96.921446608947
-37.746745496257
-189.029019970914
-164.85865561305
9.216457966946
-200.815586811192
-169.491612554113
-171.917138037744
-122.806645557134
-91.052757274193
-189.022214330808
-212.722049597538
-156.484668109668
-35.516656520563
-160.035533910534
-107.237566795184
-155.609647676542
4.021652772141
-108.425775613276
11.294093981106
-185.597873968479
-50.01435250947
133.372915468863
-168.091622841135
-110.03068421379
-110.246384745896
-49.873294186282
-180.579365079365
-199.074585137085
8.038520317573
-200.308441558442
-204.712023274035
-168.655385467397
-96.149829770924
-31.902798210904
14.531016780528
-200.858302613185
-144.73756186305
-144.463556463068
111.979535167523
-0.793993576953
-105.640069078057
-154.881403318903
-164.146194083694
106.111381673882
-29.65835672574
-34.678571428571
47.395993275388
-137.638154705538
-20.956457360998
-154.91332972583
-33.194887631899
-16.495490620491
-61.318083880096
-178.922065239448
-109.39829658189
-193.675234487734
-71.089285714286
-143.191169507576
-32.017504142992
-29.239510055916
106.357774170274
-36.885724572736
-205.161706349206
-180.082444140061
-28.696067821068
-76.429653679654
-93.764270072376
-165.332320836715
-18.698059698548
-190.723492598981
17.950770258387
-156.365648674242
-30.860139480745
-92.036075036075
17.145402828508
-177.314553881448
7.563754875767
-149.904380721275
-190.897379204996
-35.11238148787
-167.605019573525
-39.170462295951
-154.394037332026
-189.495699179293
-189.071067821068
-31.926948051948
-194.27676528116
-76.807962436869
-141.060126939033
-33.735021109533
-194.523358585859
-156.484668109668
-174.289349972944
15.911257877322
-200.135268702651
106.585126868574
-7.009229783888
-188.790334638235
-197.47103710092
19.036628844246
-138.337412208018
110.085235023223
-176.019418515512
-172.219496161391
-89.013437950938
-33.615780432675
-162.560175555781
-39.873286435786
-36.131493506494
-97.914850232233
-81.181006493506
-161.147699089105
-36.00850053267
-23.834886955492
-41.56519787721
-40.057817995806
-82.561175369769
-42.48816499256
-158.194604386499
-93.999376437365
-38.116911300505
-182.514048830943
-153.152798210904
-33.1252832454
-41.448260506854
-201.64917027417
-181.593504097899
-184.780303030303
-161.824031328914
-104.226468789457
-42.331156148539
-79.314922382305
-38.405821256651
-127.905290347673
-135.955599522006
-180.676206118101
-22.347971906566
-85.530130405619
-41.561590373602
-99.394648212031
111.644189523584
12.428038053526
5.494220243732
-41.931166435561
-97.352522856917
-171.03536128585
-189.495387750271
-187.665153910759
-33.180362497745
-112.516123145518
-174.91151822353
-37.433330937725
-134.712399525388
-109.943083880096
-197.051324489313
-156.130784688402
-28.1222119352
104.584686147186
-64.030753968254
-172.503164316153
-36.671925730519
-95.817047779694
10.494761369273
-43.623724691108
-26.145452149847
-72.673771053166
-142.954996392496
-75.075757575758
-39.397539147051
-189.219176277282
-200.326832076344
-35.641746708153
-190.667548109443
-33.544905669417
-135.236943232549
-27.810716681322
137.338932714421
-26.565177444084
-140.241331774779
-23.450216450216
-83.956369639475
-34.439857559975
-31.504968067956
-56.286255411255
-191.213564213564
-163.276597588609
-31.369616928211
-173.714473839962
-43.573154818272
-47.711961270067
-204.537157287157
-192.347771098259
0.221390100785
-146.709415584416
-63.313680189168
-83.085976957071
-113.240898803887
-38.586600519706
-165.845057720058
13.018037518038
-33.79788961039
-90.447871572872
-36.094725153319
-76.53668591608
-86.507485569986
-196.152236652237
-113.516522296063
-39.237113391166
-83.6183056852
-182.243777056277
-33.058273865891
-41.092352092352
131.928393519458
-37.285812223801
-94.874451123963
104.880148443137
-242.416674417163
-119.561708744814
-192.51252832454
-169.669364543876
-89.265444977115
-29.515151515152
-181.462822279717
-165.687652191558
-52.568653189259
-184.362997300009
-173.136191011679
-34.819514198909
-159.288772913285
-53.251906622024
26.462850463339
-24.397338338745
1.805372714308
-155.888056767451
-145.745879554473
-183.51652476213
-35.228535353535
-177.753239002751
106.067849251443
75.476842222448
-171.57405176204
-143.201466393849
-169.105671672078
-92.437562003968
-36.159341038736
-25.493839060245
-116.645985524892
102.66628548318
-148.111569799558
-42.587128962617
-109.390324139836
-96.076020388032
-29.405393217893
-36.373626753021
112.128218569625
15.571691383703
-71.531377530889
-147.485139480745
20.752102498196
-181.468282151876
-33.934536492154
93.567570938176
-37.439935064935
-133.654408904897
-44.054772050866
-71.411984662473
-36.918650793651
-174.417047850153
-91.955148584055
-30.705996206484
-162.797709235209
-53.490821298927
-22.715478586084
-149.967803030303
-80.619756437139
-29.800623421717
-26.897366522367
17.632833637716
-187.23775492086
-34.266316203328
-97.98469629329
-143.102801170184
-17.419081298476
10.885654818272
-152.24921649531
-176.767496392496
-36.375028183622
-183.234778730384
-33.756521690115
-124.62481962482
-40.611471861472
-34.995317995806
-148.011363636364
16.915654170049
-168.192300375406
-141.277236652237
-88.642287833694
-195.99512987013
-163.937437996032
-38.329993926429
-187.36238148787
-29.447701414254
114.444065727025
-76.583874458874
-172.530220593209
-154.845967346456
-185.217109713203
2.538267721861
-190.034271284271
-34.699585137085
-24.511646881764
-173.902236652237
-40.813852813853
-185.845049969562
-26.871109250992
-90.309273679879
31.479535167523
141.453321228468
-156.73157354798
-85.552692451862
-172.547410488817
-96.733495670996
-174.78382034632
-27.786255411255
-88.933011053617
-192.44428450239
-42.437327375316
-99.853252108135
-189.857480708311
-25.834132339015
104.473306939371
-149.834495555443
-133.505514125631
-176.472971906566
-34.476440605835
-140.319715007215
-1.12787825239
-55.056818181818
-94.256575943588
-96.204094516595
-172.466692595599
-103.617032842375
95.509088513483
-78.284791976686
-92.482413419913
-177.376443001443
-31.064742007125
-31.046335988231
-84.967614904627
-38.386170578553
-13.980439509492
-29.431034677128
-50.738095238095
-27.292027417027
-32.094496161391
-95.042957476551
-60.880944630456
-41.844794907783
32.656552973936
-1.63273569963
-138.27703584393
-25.311577690972
-198.235041542659
-33.869699365305
-28.34892803594
-172.314656751668
-130.974427942934
-6.191378066378
-149.543552855565
11.628496882891
-199.129537563131
-147.171446608947
-158.433990434479
-191.156655844156
-35.785613881561
87.117674372069
-133.001533189033
-167.049422799423
-35.654228529717
10.321498325893
-153.322760952155
-158.120199624594
-30.525873621821
-32.727084601596
-41.020841083829
-177.782910719922
-145.943362193362
-181.004509379509
-31.659804659316
-131.972665409677
-5.051484431367
-35.040236347854
-168.145853766459
-17.534173346185
-148.630341500947
-38.77129202178
-37.167207792208
-170.024350649351
-160.242887863005
188.641053391053
-34.381382885777
-144.218496347403
-177.974927849928
135.529761904762
6.585868802422
-158.059260997249
-14.849845412834
-73.810904806999
-175.390089511183
21.668449985345
-192.194161199044
-25.909389655483
-133.514888702877
-34.297716985705
-38.799701112689
-198.613393984488
-136.817259509154
-32.68454424265
186.31058562748
-170.898526278409
-188.158407808554
-83.741890867379
-201.859029046041
-182.233663363546
-32.034820160308
-195.103525136972
-49.346841038736
-42.881222943723
-165.172008167614
-30.72056819591
-99.394668645157
-147.449224386724
-88.197248010236
-168.742777242289
-35.525515337527
-150.871933621934
-137.79520441581
-182.293560606061
98.792390633455
-39.824425195031
-36.223554602949
-167.136072640467
-162.805104617605
48.588734372182
-108.690123190611
19.421626984127
-39.622454314349
100.671905297394
-141.897173464556
-180.56718975469
-38.58944565634
-196.728633291622
-186.917658730159
-24.857295048701
-61.506841574224
-150.620789366883
-27.563291255186
-104.720209911616
-32.533812595824
-156.040153910759
-140.016573731173
10.837023274035
-40.601523042929
-161.639311643218
-198.307289552895
-108.82493813695
-102.567648443137
-28.62127412518
-32.627816248422
-152.419400477994
-172.406565656566
-35.309356116973
108.704094516595
-199.626525438537
67.561778499278
-193.382673695662
-156.04537210836
-170.567648443137
-141.239607994002
-137.86822818024
-194.236000490395
-159.25295575735
-163.98757454568
-31.499629033076
-170.082702020202
-163.74443655303
-144.424221991116
58.884982638889
-91.431568052174
-161.627976190476
-44.580189450307
-155.21167027417
-93.393918960814
-171.954014545567
-179.17515205064
-90.637327516234
-136.404782337888
97.317287692776
-206.682101427219
-196.129128196023
-154.499105874594
-194.800595238095
-34.591970908865
-188.241530117018
-139.340089652101
-34.042697130344
-197.490808616297
117.263499954906
-82.271464646465
-153.826847577336
-193.828726015738
6.003599753111
-166.836059394165
119.885802077697
-130.238365800866
103.262167574179
-165.65186815138
-44.346681096681
-47.292130287247
-55.159090909091
-85.48626330267
-176.962023274035
-36.049144486156
-46.315483940972
42.282988224883
-152.789419727408
-180.169830982819
-96.848873782468
-29.278831845238
-176.889638573232
-123.540105294012
-78.090089652101
-155.877177184794
-182.427100243506
-201.90195833897
-123.630869943858
-144.207792207792
-175.925046362058
-27.085510518128
-167.392877575983
-122.207972582973
-153.782204720193
77.830357142857
-168.270660708649
-92.785636780754
-196.512634013122
-161.240058931953
108.267045454545
-40.34918591608
-93.030315712933
-79.239898989899
-104.793039913645
-197.194013939619
-26.74027242289
-25.637376132982
-33.250020433126
-40.296085858586
-96.628086811192
-185.799512987013
-182.029408904897
-34.176368526222
-37.914710723304
-167.610397360886
-160.319083694084
-30.23843555533
-188.133088699495
-38.747647372159
-93.756215193227
-26.491702741703
-200.15004396645
-32.900092583198
-64.924159987148
-96.144743331755
12.266581833965
-186.232503607504
-34.569276751894
-112.945186378292
-59.3798828125
11.597845784858
-201.355990851596
-33.706982985547
-178.479769796176
-188.032480215097
-92.641947516459
215.233044733045
-38.700507446113
-180.126463434569
59.73719582826
-172.23825518015
-81.028298470193
-146.115550736156
-163.826479076479
27.710850835363
-44.15404040404
-41.012793955177
-189.101440605835
-54.098575036075
-182.588474025974
-149.133026695527
-25.486381673882
111.282307590413
-192.739419868326
-161.086559653454
-29.992875180375
-79.494588744589
-91.93003486314
-187.86536261048
-30.210588023088
13.650502654897
-92.212211399711
-182.303952612058
-29.905024717036
-31.169740795229
-179.571799538352
-82.342594471501
-38.105589234984
-81.561224691108
-101.992055741567
-160.345488224883
-164.515352323458
-178.250471371077
-161.092911184952
-39.695346320346
-86.459402901786
-27.088842526831
-29.85292447353
-162.249298932404
-25.125097938086
-168.500461154514
-194.970619278725
-33.84422559862
-211.121593304699
-36.131513939619
4.392877575983
-139.767316017316
-189.776695526696
-187.423964110976
-159.782529536436
-175.226731601732
-154.368679118191
-32.770013894526
45.973386910399
-207.705238771645
-201.388437950938
-206.703275077787
-124.044462481962
-173.270853766459
-41.908451845464
-30.131235626353
-162.033799913194
-27.621781430375
-44.178391053391
-82.406856652462
-159.086391960904
-76.943542568543
-36.796614301497
-98.131645698052
-193.995642812049
-37.15491409632
-168.422008167614
-199.357516290133
-39.044802799197
-152.417957476551
-28.959443768038
-194.380591630592
-161.877192685786
-29.601453288465
-171.264540635146
-39.676525297619
-176.427661802174
136.288169783775
-183.719065656566
-37.824765512266
-16.881313131313
19.304223174829
-94.81755050505
-160.357954545455
-198.985930735931
-210.862090491973
-180.791859724477
-113.540404040404
22.941829004329
14.578424803278
-35.323162568768
-64.798693548205
-40.193112063718
44.647637085137
112.167999047394
-31.681735744724
-21.101523042929
-26.142045454545
-159.843181747723
-160.813935250947
-77.456078643579
112.325156912315
-189.408451845464
-86.954287574405
7.358665829613
4.196060070572
-150.753677258072
-77.082439207928
-163.658127029221
-35.277978586084
-31.674134269593
-101.283258787653
-130.650342712843
-149.272116392722
-34.785020968615
-168.046266233766
-197.158701975108
-147.870408183396
-165.370663245175
-105.659652467758
-172.452749453238
143.51443001443
-138.138958643353
-194.825667388167
140.906843969832
-40.104785297168
-153.212592583198
-165.288780663781
-30.256854256854
-193.606622164728
-78.433011053617
-97.342101962707
-85.707058024441
-154.15933328824
82.532287157287
25.907529536436
-40.502605223552
-85.435446118552
-44.365690245085
-38.080364893353
-115.695616883117
113.40978422619
17.365159336107
-31.224214099702
-27.161623912112
-38.518189709596
-157.773368802422
-165.240829049423
-81.110028860029
-150.261191011679
-33.03086458897
-205.062020526132
-160.400613275613
-190.007186823593
-84.462600333694
-161.003689940702
-76.479957921852
-201.344086089692
-196.938020692415
-92.477535539547
-32.436515687004
-151.291383421266
-65.549853304248
-164.524891774892
-34.218864848259
-48.626422568317
-156.965991528003
-186.062790995896
-70.305202555691
-10.120029465977
-36.371760997249
-27.967913651019
-95.575306637807
-85.24349874301
92.372572685561
-35.05764255276
-193.484737864132
-28.823044197556
-37.381751386634
95.299172669778
-27.781106968119
-30.832702020202
-91.437492249504
20.950605384199
-41.983245541351
-167.798971861472
-142.519578457567
-71.78956416847
-38.576581946699
-29.663940605835
-167.046003421492
142.075327070933
-36.706467577561
-30.09613997114
-175.464744402733
-74.288517851506
-193.037324979708
-83.665744357639
-81.910340852724
-171.67794011544
-111.404012220418
-196.264332076344
-30.651535584641
-150.302968299062
139.472044313109
107.713453592848
-91.517676767677
-36.443181818182
-31.165396289908
-163.021845829951
-170.756423752029
-1.388680330087
-163.31997781949
-80.467261904762
142.435214660556
-38.666563796447
117.195915629509
-152.174415048927
-129.621462250857
10.850358354753
-36.591658775253
-115.79329004329
86.069835844494
-32.201138759244
61.480519480519
-84.929723434118
-187.039169597763
-115.338092842487
-19.832230649125
106.24252218051
-87.885732323232
-33.375159942054
-27.473997790404
-34.040223665224
-139.974497345103
-172.707313086219
31.335675744611
-130.949023578418
-92.885559698548
-85.496565121077
-152.037809033414
-183.945374503968
-32.336482148494
-168.761531328914
-146.915071473665
-101.431019176136
-195.12005236517
105.865628241117
-173.384719826614
138.374451123963
4.535173160173
-180.240058931953
-105.60397854099
-86.620830937725
-32.232315481827
19.847735164141
-40.156112252548
-205.523518527913
-206.344787157287
-36.584686147186
-205.374822090887
14.411453753495
-76.958985079591
-87.553579179067
-37.306086464534
-151.736943232549
-35.140404110863
-184.292277546672
-26.41123497813
-33.097332842938
-35.203032698638
-29.122003376398
-122.823863636364
-89.929731184614
-190.60091991342
-84.74503968254
-34.536804287293
14.836322206439
-141.941656379645
-158.889700577201
126.602094818159
-125.081161080673
-177.070165945166
-178.425242238231
-163.118576247971
14.895395078012
-73.888917072511
-149.910345784858
-84.267017270924
-31.708992830087
-146.733225108225
-166.429834054834
-30.888007446113
-200.560162873151
-34.023059839466
-33.379717938312
8.056735744724
-114.271714776109
108.755493692505
-104.66334240846
-92.160956664863
-38.465901340413
-152.678300865801
-37.807429061824
-25.37509018759
-197.785866477273
-83.209242959731
-75.979790229302
-103.582534327652
-172.306880185786
-152.428591861697
-33.877086997204
-33.920925916531
-71.109828051723
-153.816037749143
-36.812147000135
-30.352460852949
-72.712925149937
-30.746462250857
10.690566378066
-28.348513032107
-36.420073361968
-39.518068167726
-33.761355885868
13.624937996032
-167.508580503698
-171.671446608947
-87.447498139881
-119.988393984488
-30.357413419913
-160.489996927985
-30.554535308442
-95.737165178571
-79.454194920748
-165.174255106872
-207.784008471997
-116.676525297619
-40.599765441806
14.890612669665
98.219364402958
131.607666015625
-122.966630591631
-37.533168600063
-40.083526391144
-164.725538729933
-158.385752756358
-34.129326538262
-108.437943187455
-28.289793160399
-168.105166480655
-88.240177303166
-29.518377835272
-170.69802376443
-196.304032583085
161.181359493371
42.260884514791
-30.363205858811
-29.039579669462
95.810425685426
-181.216388212482
-38.239099984217
-153.797951614358
-95.759289321789
-35.583320650703
-32.312597938086
-42.496593304699
-87.719856911751
6.306284806773
-188.788038729933
-161.917568542569
-29.716262090774
-33.017967763573
-49.996663059163
-33.124500445301
-194.898920144526
-28.548007981602
110.897706839601
-199.178744053256
-23.2132112137
-2.975899480294
-193.469787157287
0.601829539818
-148.226530793425
-156.072789135777
-174.150059467442
-47.198162568768
-161.46453584393
-36.908279220779
113.600268167163
-90.176497113997
-123.418650793651
-172.016426824044
72.428362869769
-173.12872587482
9.765893448999
-186.417686913781
-13.656272194602
-77.490432364944
-37.015040894435
-94.729597171492
-169.519668645157
-120.15863997114
-46.965167157062
-176.159742655348
-177.985237418831
-154.182367057855
-151.235938486427
-191.29816017316
-186.125512941919
-199.005161125767
-34.629571383478
-47.32511851213
-139.826486826975
-32.253870315882
21.290123261071
-41.902228901741
-145.321637130231
-117.925705858811
-32.669544919057
4.458874458874
2.079434833829
17.548889424378
-100.174062049062
-148.117486246392
-120.967462713068
-30.758349045703
-27.480449726055
-34.30275974026
-37.202852323458
-150.424610925099
20.459956709957
90.03104496415
-25.849760157377
-99.187471816378
104.126455684073
-193.158279220779
-62.427571614583
34.575556767451
-114.23375848327
-34.808995366613
-185.858155353761
-197.303759554248
-30.966478400072
22.902978586084
-142.055297675415
-30.826937764926
-82.573786131403
-72.313824630231
-98.504772191784
2.618789738907
-29.833972396961
-37.66349741838
-36.999160128066
-29.74339587279
-177.357315481827
-154.866792929293
-43.734766047754
-154.544372294372
-199.48383598823
-92.554633246528
-169.124749870355
-35.808802308802
-192.56242249504
-154.04329004329
-193.546003421492
15.036417819377
-138.022997835498
-192.727473535579
-186.743764373647
-51.866264486382
28.054903809298
-147.040043290043
150.224038656656
-163.840249594156
-149.132575757576
113.99523274035
-150.360119047619
133.248286435786
-160.50286556976
-27.356872294372
-35.258109132621
-145.766143578644
-93.696158008658
-33.365071614583
-179.825719175573
-122.565386002886
-188.481248731737
-69.000352999865
-34.842171717172
-157.983232858721
-89.350669783775
-34.625701067596
-69.151896335002
7.403852278364
24.29291132587
-105.185245310245
-179.789071659677
-51.08944565634
-31.937958688447
-169.359410229527
-36.064844877345
-82.713834776335
-180.612193362193
17.903741657648
-76.553391053391
-31.995658313041
-163.955266955267
-31.374611066017
-33.576479076479
-163.874639249639
-36.059433621934
-204.422168109668
-98.187569754464
-38.656836219336
-27.975801542208
-26.597062280168
-123.66810966811
-118.848567285579
-165.25695219494
-102.590999278499
104.709124588519
110.275432900433
-153.821428571429
114.277860214872
-116.943251572646
-96.356088789683
144.928398803887
-132.545725108225
-102.202922077922
-31.168941789547
-193.546454359443
49.114530489042
-170.024059653454
-36.236922799423
-184.798242610254
-197.994240676858
-168.225809292704
-34.756222943723
-84.347554788961
-196.667650979663
-83.047361167478
-192.770493016098
118.029561096456
-43.263909322015
19.269147952742
-159.531295093795
-93.428924428436
-92.100198412698
111.774270678323
110.088744588745
-187.502061631944
-183.097680910669
5.919289857278
-190.387536075036
-207.872564935065
-142.17603842555
-87.223817415224
-162.578906390918
-37.722410347899
-43.308732554338
-198.825937950938
-38.156315526921
-29.194867198773
-2.956459827065
-158.591741212347
-171.188754875767
-8.373938182044
-31.072879323368
-97.275432900433
-35.347312409812
-146.54309698548
-77.258317691423
52.22249525106
-147.029401154401
13.456960086355
-182.213023088023
-39.145652958153
-31.973683190724
-147.258297258297
-175.368313435696
-79.357874574427
-153.186237373737
-175.780934343434
134.711301773314
-26.429022366522
-196.984585672574
-164.188922568317
-177.947670764565
24.539051226551
-39.320957200352
-184.777076710182
-36.838363405258
-171.504226134109
-80.116081645134
-36.037690662202
-120.541854792343
-196.780753968254
-44.917297979798
97.828643578644
-97.10797497858
-178.154749222132
-182.592913651019
-97.373023623512
-166.950667388167
-38.111762857368
27.175054112554
-165.00974025974
30.010309568903
-94.276334776335
5.207078457567
0.932150748557
-158.656106968119
-118.369068052174
-185.874278499278
-183.630078688672
45.278942465954
-195.58867483428
-196.902777777778
-36.766844646239
-157.132325627931
22.008928571429
-88.048258111246
-37.036796536797
-34.751144255051
-31.438041125541
-18.136904761905
-167.910180910669
-39.489739047845
85.345766538149
-143.535020968615
-37.40664809366
-89.533812595824
-31.765040894435
-173.894021831034
11.916563796447
-93.388084951073
-86.367965367965
-164.08170995671
-33.674049366432
-31.777126031521
98.746495366613
-202.355962667974
-188.359848484848
-75.708346015963
-167.620408183396
-169.782480215097
-163.737976866883
-203.983974792569
26.96158008658
-157.549796232413
-185.724366291261
-40.058093490711
-88.806387676993
-35.558060374955
-109.405303030303
-203.637598079004
-142.256042568543
-152.301497113997
-157.708523925077
116.743506493506
-29.37644546751
-114.846779034767
-26.440295815296
-89.672278730384
-43.010940882035
-147.471771284271
-161.066656379645
-103.507678627796
-4.86316499256
-177.68444137243
-26.18444137243
-119.746663059163
-39.337121212121
-87.372113997114
-190.391316203328
-160.035505726912
7.323863636364
-29.797709235209
-155.359389796402
-68.720119724026
-30.265684890197
-189.117411559794
-141.751180189168
-70.515429828418
14.87528852983
-103.594959781971
-96.425296491703
-33.123376623377
43.512355699856
-86.205086580087
8.888139204545
-101.557609437004
-147.991813362419
-62.465089652101
-186.866259554248
-200.543027231016
-43.488808988321
-188.049312178707
-112.37795575735
136.559884559885
-90.375548876037
-36.586850649351
-16.906483219472
-34.57234312996
-151.990878370761
-153.515069078057
-160.383387445887
-32.237180679563
-69.116632987238
-77.358032050415
-186.755862193362
-34.022665268759
-166.946961946474
-116.628968253968
-147.878787878788
-39.593344155844
-39.252504819399
-110.78822685561
18.474386724387
-198.151857934817
-148.786255411255
72.733114487509
-37.943973073368
-105.096390100785
-186.951491759109
-181.361750174738
-35.370212307224
-34.846500721501
-33.022095959596
-39.30277242289
-94.688061558667
-197.924242424242
-95.472943722944
-189.801955802444
-183.281836219336
-34.909812409812
-120.210490085002
9.375159942054
-96.711219336219
-91.37587369228
-156.635454009966
-121.11804780506
-103.159639785128
-130.630161125767
123.350378787879
-50.827027952516
-83.904310966811
7.471681096681
-200.218073593074
-156.858425916531
12.662087532693
103.729828629487
-35.047951614358
-48.837461529356
-32.875741933847
-98.702922077922
-157.212932900433
-38.167756668245
107.017017270924
-34.247003376398
-103.07474507914
-179.408902783414
-26.540416723034
-188.762626262626
-32.197407952291
-180.323051948052
-153.033959502954
-190.221972092578
-42.506341314935
-29.936154936643
-138.130980564574
-189.31537825239
-172.564746939259
16.665466044372
20.063860564349
-106.373376623377
-149.75955988456
-13.919905669417
-180.560884373873
-192.505578947962
-166.126172438672
-31.018578643579
-70.248376623377
-178.264978890467
91.125360750361
-167.757026881539
-187.735126798115
-182.063422309028
-151.716720779221
-45.602605294012
-191.29825036075
-171.066004633387
-199.125799005682
-44.130481009876
-203.932691874098
-39.35310484871
-32.017967763573
-51.484557488952
-187.971480288375
20.040927198886
-131.777937719832
-187.098677906295
-188.719155844156
-172.847312409812
0.9356884977
52.277319089331
-30.9827946034
-5.858287112193
0.936085182179
-112.006104572511
-135.366001674107
-99.790752108135
60.816378066378
-73.385824976889
104.255669135552
-153.254431874549
-75.921176046176
-78.119588744589
-105.976097822533
-158.496552438447
-32.110028860029
28.862546362058
-31.660082972583
-37.866043244949
-178.665576665088
-87.925242238231
-35.230849581191
-31.746905438312
142.839466089466
5.57396157445
-142.485500231106
-162.307691874098
105.810433435922
15.742326304338
-41.462842712843
-102.073412698413
-191.904852092352
-38.908828096816
-48.648088023088
-197.528429524035
-144.698495135507
-98.33630952381
-170.245843620355
-97.068792698187
-165.625082437094
-165.940774936869
115.2454004329
-49.005578947962
0.155212842713
-25.564033189033
116.359585672574
93.57109600469
-39.835387214782
-94.619215311598
-51.158091095103
15.442890822285
-134.228097098214
141.198745265152
-160.530143088249
-140.50277538217
-191.792109854122
-170.558621933622
-203.190045685651
-29.514700577201
-144.425525483631
101.204277357842
-30.571580762987
-179.087474211986
-151.678313548431
-39.551579551091
-96.062860750361
-30.115702927715
-160.696871758883
-91.359737864132
-150.869055369544
-192.452040635146
-35.509810014205
-159.719779406791
-26.80944137243
-186.122273939168
99.524190707296
-146.036969161481
-93.747737559749
-26.90203584393
-100.581717707206
-36.724316969922
-144.375458688447
-119.549262857368
-155.80494467555
-33.762827070933
-71.1681998557
-33.821449004554
-160.158722408234
-166.032024345013
-38.058970001353
3.610680606286
-37.549541170635
-98.796807359307
-34.213383838384
-149.419941603535
49.034098659587
-204.955517084912
-188.127164502164
-158.408758342352
-158.691099753111
-88.554022366522
-188.253398944805
-170.678834240846
-37.325840012852
-26.547902293019
-79.211788645382
-36.683621933622
-162.316926942415
-151.48097041847
-178.416313666802
-81.767045454545
-101.532390027507
92.239808802309
-39.235459364854
-201.462301587302
-30.945797258297
-42.017468208874
-188.939865310471
-146.420093795094
-76.106942048837
-30.891865079365
-182.401584905979
-168.13664194963
-2.680125050731
117.158209466315
-28.166125541126
-142.231400923295
-107.95652958153
-153.010129193723
3.229780012739
-79.246199438582
-32.062610620716
56.309232813627
-14.05773274035
-178.505328818317
-194.522095959596
112.74990981241
-92.98528674017
-100.558719871708
-159.598562353445
-145.555006679518
-73.309150376533
-208.794019294508
-101.181277056277
-47.499930245536
-42.763688080583
-3.257846320346
-192.453803520698
21.632215007215
-166.791305916306
-159.338986967893
-116.300587487599
-154.73757454568
-90.489996927985
11.972152467758
-161.345258528364
107.454161804992
110.795725108225
-40.222866217983
-177.476613230519
-160.271652772141
-149.181818181818
-30.825396825397
-32.945707070707
-29.960348110006
-98.303383302895
-190.213834776335
-128.927148860254
-89.705266955267
-144.729045829388
-40.4347119352
-35.552649119544
-93.296820041937
-24.32685250947
-202.301767676768
-35.206967836851
-91.735116581552
-35.761974516369
-41.321129825036
-37.136175510687
-111.107212611607
-180.393771701389
-27.360021109533
-42.776966089466
-100.56806344697
-195.261002886003
19.065648815161
-186.271194083694
-88.860111297123
-87.248835311824
-31.497737559749
-26.095951845464
140.103986291486
-189.240357678346
-31.953545640557
105.006063001668
-31.524891774892
-33.359861167478
-117.526244588745
-100.113726551227
-23.610036610525
-13.678300865801
-165.173618861607
-34.829197386815
-82.028831845238
-183.214564027552
-161.281926406926
-132.656197155709
27.930125050731
-171.362373737374
-177.172356235345
-29.484410229527
92.196358816964
-40.328483636589
-41.805284992785
-203.364247243642
-157.895722712617
-27.469488410895
-29.265151515152
-30.643555744386
16.107583578531
9.395735395247
-87.684155308667
44.628336940837
-41.345877158865
101.556630056142
-34.124198528251
6.014069264069
-25.238283363772
-39.75208206507
-194.012896825397
-144.055174372069
-188.182359307359
-194.523982148494
-92.43671649531
-184.182920866026
-151.928571428571
-40.095681282693
-0.325855513844
-36.180264559659
-107.003780128292
-37.64115132914
-172.200043825532
-27.977272727273
-176.181068497475
-145.797626798115
-28.471328096816
46.214839522457
-30.69580747486
88.343083809637
-36.757846320346
-186.664772727273
-154.652174648268
108.696979913533
-159.515171948277
-185.090806220689
-15.352904040404
12.941290344855
-41.375533375045
-163.963203463203
-72.630398572781
-86.15682846884
19.264337360773
-197.864731297348
-142.846881904987
-89.729818412924
5.476811572759
-178.987361054744
25.033189033189
-181.149919958514
-119.175865800866
-149.079656075262
-89.692488501082
-169.871011312906
-79.8511002886
-37.253218569625
-84.326811643218
9.786858540765
-186.604998788104
-208.568612323007
-164.511113506719
-36.499196062184
-195.283632220644
-96.753156565657
-28.429092120987
-21.773441022953
-102.249489524148
-183.103432483315
-178.982142857143
-180.703525207431
-15.869789552895
-27.279248962843
2.190919377931
-38.720598845599
-30.297500676407
-161.150342712843
-99.895480333469
-140.265630636724
-149.701937764926
-36.333160708649
-84.180174372069
-44.234856235345
5.270993275388
-40.906377530889
-15.182920866026
-170.295454545455
-157.423783735795
97.172000417118
-163.004140878653
-91.312700808306
-140.017045454545
-108.27867965368
63.627703161639
-152.233024299919
-36.961572336084
-157.5818001443
-22.353553320594
108.559085554203
-189.456439393939
-181.993153493642
-29.839728901741
68.764151701163
-175.156663594652
-42.489077085024
-29.3315168989
-28.829906204906
-141.884227317821
-150.065989132395
14.562569754464
-181.38742545432
-86.797258297258
-189.387154891549
-26.968947285354
-155.106150793651
-34.977112785218
-192.025239842623
-34.974775658369
-101.97688379329
-197.793130101236
-127.988463738952
19.926316738817
-140.838100592983
-83.126360564349
-27.546278916396
-31.567833750451
-109.035742469336
-169.536899407017
-19.918540172935
67.536144790539
-182.552649119544
-181.649433086445
-202.397719522231
-245.301198367605
-170.651682844066
-34.337920217803
71.465478586084
101.924935741342
-198.050054112554
-32.621232554338
-152.110016177399
-128.100641600153
104.755949914885
-156.667568542569
21.107745986652
-37.450749825262
-138.901793464782
-168.897005772006
-155.051749709709
-183.281503652597
-153.623459060471
-38.862103174603
50.523010518128
-25.897428526335
-113.383936321925
-42.644841269841
-82.911804287293
-145.029962713068
-145.651795930849
-1.93264255276
-161.346673346185
-135.242944934839
-32.303772236878
-188.91341991342
-165.813582251082
-99.20517430161
-162.763548571654
3.427599798205
136.682562581733
-168.403208282603
-30.189873060967
-90.599386724387
-29.93480212279
-29.963466275478
-153.502174718727
111.908209466315
-38.363005050505
-155.643029767541
-85.400683030078
-30.169449799333
-151.627435064935
-168.590458152958
-29.950659637671
-156.555014430014
139.777028093434
-39.369586278522
-178.555924056412
-141.550144300144
-28.537136854031
-157.331612018624
-90.00895675505
-74.304934811282
-156.839814157197
115.398629148629
-116.188955684073
-151.547598614493
-169.974636854031
-116.634567635056
-151.240360144413
-191.823953823954
-140.059330751714
-187.65863997114
12.422077922078
-78.87212174761
-176.475837476326
-142.038850418245
11.02120183419
-154.330364893353
-99.777437460543
-202.762097819715
-86.989365614854
-141.575216450216
-155.190927128427
-86.948051948052
-166.033106596095
-198.671196479302
-78.502151819535
-163.058199179293
-113.316808571203
-189.945444258433
-40.209415584416
-96.756305380817
1.571781571293
-184.261093073593
-157.305076433983
-89.569874949269
-160.60273141572
-100.414690290179
7.022629334641
-183.004238816739
-30.106047923431
-102.394467836851
55.13733526673
-98.699675324675
-147.213834776335
-164.769640461535
-172.092900968389
-99.00695219494
107.424775799288
-33.887736883342
-143.703901458784
21.42260108056
-132.141233766234
-102.897206580312
-45.67020441581
-144.356684168696
11.158487779582
-194.656856652462
-37.366875366387
-36.446699134199
-191.00954720193
-88.850211095328
-32.453664011769
-163.812139249639
-33.801845181728
-92.871925871438
-36.315648815161
-34.064012755907
-36.529581529582
-30.384472163037
-25.744498556999
-25.415285669192
-27.482220362103
-191.649711399711
9.537631124301
-76.976339849387
-0.555212772254
-158.872234834393
-192.9595882091
-40.149461270067
-46.281655844156
-55.274422869882
-98.105179163285
-170.672688802083
22.337654587166
-171.130960131448
138.278599682652
-28.418728298611
-142.231331168831
-140.75565363456
-147.776695526696
-159.588383838384
-158.587208933644
-188.61064749053
-94.421003421492
21.334714330808
21.330016825622
-117.502615440115
-27.843496347403
-121.823330261319
32.707964832477
-38.219717402823
-173.57874151673
-91.039764976777
-37.98270441581
-190.806998556999
-146.19695701434
-146.130431688537
-161.219439089556
-154.3152880648
-93.428509424603
69.595931412338
12.535142510484
-184.655225525343
-111.065053436147
-40.014700577201
-104.874840057946
-177.886515827922
-155.357441603535
-18.897376738929
-37.031746031746
-97.759276639159
-192.446188658347
-33.337904716811
-84.285353535354
-32.318001443001
-29.361652236652
6.080810546875
112.472492784993
-31.249840057946
-190.563229251218
-168.11073767812
-145.261363636364
-190.022567330673
-153.646194083694
171.892594330583
-139.414411976912
-40.056717777665
-100.243846810741
-50.569632570121
-163.191476004464
47.181186868687
7.521554834055
-91.988899175911
-201.351120721726
-186.07683982684
-166.166666666667
-108.952262581169
-178.541408786526
-74.273927895022
-69.552391239403
-82.783918284407
106.677651585611
-108.799415048927
-36.871732813627
-192.949175417681
45.596258342352
-33.721279480069
-25.196907693001
-30.039048760484
-150.922077922078
-108.580517084912
13.100559163059
-181.847423030528
-124.316821253833
-85.582702020202
-79.196338383838
-78.73547979798
-87.882112136995
-9.206065960949
-39.308080808081
-35.065045685651
-128.392328699946
18.068091630592
-36.238829421447
-93.718864848259
-87.36753486314
-84.089806406701
-124.885392005997
20.708673650568
-21.639790764791
-196.197260692866
-38.5259944591
-38.148531210543
-147.756050319039
-92.523649581755
-154.421356421356
-93.780947026064
-103.547070171582
28.694055510462
-196.199974071068
-208.293462667974
-40.66898336039
-44.722575222087
-157.990357678346
-45.393939393939
-35.162497604392
-202.562950937951
-120.157537286932
-197.479347041847
-111.837239583333
-155.219995716089
-196.654609713204
70.279017504848
-190.062597938086
-143.591171903184
155.384397476438
-112.170155799062
-29.504800375406
-208.431895686778
21.051970951141
4.206952335859
-171.9375
-35.763430200442
-82.738804056187
-122.939053622159
-92.516336636454
-199.380772005772
-126.99349874301
-162.945547128653
-186.128787878788
-109.375889193272
-96.31527538217
-96.358505887559
-31.755913980768
-40.43988327753
-228.237736953801
-205.191656379645
-188.97189212155
-147.146735209235
-154.533890100785
-137.403068773674
-191.373905066288
20.205895802331
-32.227813852814
-161.574023578418
-62.83509586659
-96.167478354978
-28.342635337753
-36.299074731692
-183.786005281611
-95.637376132982
-152.558351370851
-202.789605034722
-40.226440605835
-181.63961038961
-202.063012941919
-195.073384514791
-34.796747821406
-165.469689219201
-135.425484617379
-151.249348253743
-90.241189799784
0.786296277507
-95.396075712482
10.679280246663
-155.058830492424
-40.549270607864
27.625994529559
-49.024332682292
-143.838731906115
-86.941829004329
-200.77867965368
-80.383186637581
-29.854256854257
-31.520714962121
-168.811610806728
137.098126564191
-37.467614904627
-111.050324675325
-40.141852396735
137.260719640602
-157.659812409812
-94.89431282693
-32.462489712978
24.508990575397
-37.926599984217
11.438484312996
-197.443625005637
-37.94418163217
-89.331990736043
-46.452012451524
-85.686077431683
-156.072490389385
22.837461529356
-153.217540218028
-144.644369898764
-35.894478053414
-31.322358630952
-183.560634244228
22.68541793493
-90.74140399531
-33.490079365079
-157.294815481827
-191.712128962617
-96.516504329004
53.361922799423
-201.105351787969
-44.443452380952
-186.332168645157
-156.241424428436
-89.917047850153
-199.998294186282
-167.422528860029
-182.11821549761
-186.32415463226
0.286165223665
-96.745317995806
-26.153318903319
-162.842429597312
-39.665757040269
-192.821899942505
-185.55944137243
-182.251816434434
-37.327471139971
-190.526507401019
-33.141692454681
-81.925345108451
-13.821080503698
140.486721991117
-172.951659451659
-32.219634965729
-80.947039451434
-43.652970835588
103.779561096456
-143.499937996032
-38.572951543899
111.744235744724
-139.727252294147
-199.236652236652
-120.144127519616
-43.776623306164
-43.387023133117
73.140684890197
-170.565496623602
-158.529130591631
-149.236750174738
-175.287976725965
-38.627447747565
-189.661878973891
-183.286734532828
-171.501422568317
12.885461760462
-32.761363636364
-163.601017851506
-187.294372294372
10.058093490711
-175.965285528274
-159.978465599071
-85.733593609082
-199.447851139746
47.810433435922
80.718627401245
-34.379627750722
-176.582160894661
-30.17376330267
-180.565676998782
-137.566558441558
-145.156052714646
-83.153581715593
-162.975108225108
18.328983895878
-159.36247167546
12.830988455988
-90.677058672664
-164.628079060696
-29.236943232549
-194.055735930736
-188.428370620265
-39.109209421221
-21.859467301362
137.810366147524
-179.97869529559
-188.318001443001
-37.975821975334
-194.650690780574
-198.519127519616
-143.278942465954
-184.764770331665
-167.547459105565
-150.400162337662
-90.762445887446
-41.259490130096
-70.034263533775
-178.778318903319
-29.73834536774
98.992612368101
-165.08379202178
16.891323953824
-126.566468253968
-98.404573779086
-162.735381859894
-89.989185239674
-170.323134385146
-143.135802077697
-33.318174067686
-206.12317581507
-153.410333102228
-169.477424918831
-171.495150303256
-160.506120073503
-84.695957200352
-34.744395686778
-168.293019480519
-150.356699669688
-177.534902597403
101.622214401267
-176.315398685516
-184.136433390828
-75.088273217668
-105.144668645157
-166.00553209269
-169.342622655123
-116.268759018759
-73.00487012987
-179.937159682765
-98.029950030438
-181.138909322015
-178.033910533911
-178.543372480384
-181.351723851236
-83.359229854347
-188.242805425911
-196.52667509357
-100.726558977047
-80.995031932044
-38.078733766234
-210.766226015738
-87.413440346546
-135.176296305691
-161.321088254194
-179.122307054924
13.963752339241
-25.122196434208
-94.215527907422
-149.528040590052
113.164133663645
-197.694702324585
-32.756055251172
-157.499832307449
-188.727169857053
-177.992612368101
-24.566841686959
-74.75479262491
-196.658286971275
-54.280993881336
32.880965063582
-160.276847718254
-164.801649305556
134.363804056187
-170.901685310133
-183.657287157287
-38.581467577561
-91.942107317596
-183.601288414277
-37.539780477769
-43.487726737238
-33.803571428571
-38.430166621573
-146.790695036301
-169.043192105204
-147.65387271149
26.724845412834
-167.594446840052
136.666153724747
-159.994305499188
-26.950134013122
6.369511239628
-39.847763347763
-190.589273031656
-159.563303937816
-90.621572871573
-85.970606596095
-26.906315526921
-169.684003117109
-208.039211168606
-34.372938368056
137.952460923408
-93.729084229573
-24.868075988681
-178.620851370851
-29.884289321789
-68.660165409677
-139.025711213699
6.930645743146
-152.911263161751
-25.66550197849
-96.827262581169
-176.629952566964
-33.158091095103
-104.353334545229
-114.774621212121
-172.589195526696
-39.214736652237
87.998306868912
-65.990342177354
-133.568465063582
-151.052050922168
-149.008851066468
-132.490919237013
-86.761105756223
-40.250450937951
15.006743636138
-190.443099381088
108.793671226777
-163.586206653589
-157.27254443148
-28.429215424333
-154.775723896329
-162.45193001443
-185.424229741613
-31.792465672348
-157.307921218322
-176.787149536661
-29.102530607413
-143.428370620265
-33.407738095238
27.320526695527
-29.199585137085
12.217450030438
-113.188020692415
16.507784316378
-151.511273448773
-141.348763161751
-126.90405308667
-180.604174417163
-158.316821253833
-170.954267141279
-98.427038239538
-36.121400246889
-29.465720965233
-199.144911024306
25.29788961039
-37.527589652101
-157.499626567009
-170.019181773088
-143.504251499369
-174.736464110976
-186.662350344968
-32.461953519571
-39.031746031746
-36.421959550866
-50.907738095238
-101.584312714196
-41.001340131223
-30.236103360615
-74.596299913194
-149.328733766234
-35.483683796672
-153.427391239403
-37.081008889114
-85.383400128517
13.167305730294
-167.868256363862
95.752504819399
-147.529213028725
-164.389602639114
-134.807261369273
-37.619506307495
-74.661984662473
-211.201100359059
-139.933101241207
107.440027718592
-202.133186637581
-32.30753968254
-162.09146289908
-163.601801356196
-31.258575571564
-159.268290113749
-200.352260044643
-194.106421356421
-32.691295629284
-34.911263161751
-36.900412467307
-152.333596145608
-36.807256437139
-180.286263161751
-198.394550273945
-158.82023569963
-150.390241702742
-199.898500560854
-93.587752525253
-156.558704370716
-3.181547619048
-71.224935600424
-172.448953823954
-190.160714285714
-194.888417517812
-75.527777777778
-166.52991409632
-187.502615440115
-91.618027371934
-73.885018573007
-37.983225108225
-130.358946608947
-29.263450633568
-34.900260275749
3.246330492424
-195.168372480384
-198.938685121302
-55.35119047619
-146.936786249775
-78.100809292704
-182.141676953689
-3.367576433983
-139.612012987013
-167.934155308667
13.725005354888
-159.851731601732
-83.379787692776
-164.931387676993
-137.103354978355
-160.544761228355
-52.269763764881
-157.038046480429
-85.279601962707
-166.602522856917
-37.318091630592
137.060897056503
-192.20870183419
-107.213945397051
-83.401002209596
105.08475590165
107.824224386724
-31.8664941829
-122.012355699856
-154.905042684095
-38.396554834055
-159.122757992875
-181.10119047619
-170.93531506471
-198.749840057946
-104.642233580222
-131.857315481827
-105.091007028995
11.732343665449
-87.755882626488
-27.950958384064
34.429403550009
-84.687221686733
-38.999536379419
-108.165754574202
21.569173881674
-30.686427965481
-170.810147372159
-163.239906740395
-40.439873060967
-67.579262209145
-37.843975468975
-136.486652236652
-119.734126984127
-91.104695109578
-211.489365614854
-193.617223434118
-156.652146464646
-0.41132516572
-40.201471325983
-144.543622610029
-151.618949680961
-152.468516780528
-199.745768933757
-27.119686682675
13.716352278364
-161.319111877706
47.213997184456
-31.152334590323
-112.562873432991
-136.15307652417
-148.097464601371
-165.401986522592
-152.118694619183
3.68262987013
-181.10562235074
-170.539411976912
-161.575138945256
-30.698593073593
-128.19793357684
113.50773569963
-192.937221686733
-84.161062353445
-153.286989594607
-153.006653448548
-183.585788831394
-153.031413465007
-176.0652880648
-167.030372784767
-197.053759554248
16.233134920635
-94.924049366432
-52.946719567325
-3.750152191558
-101.969787157287
-166.989448051948
25.402244402733
92.711291556751
-28.164760044643
-33.451661917726
-115.76156444467
-154.600280849793
-12.59892803594
-35.449044011544
106.758920820933
-8.985036610525
18.419199669688
-32.796626984127
103.347742914637
108.034279034767
-154.692037563131
-145.090089652101
2.482856607368
-76.922000417118
-52.662448283054
21.737345553752
-36.834866522367
-159.950940417005
-91.349479378044
-92.098603219697
-86.623273753157
-161.090076969471
-112.02379684118
-37.589728901741
-175.264409581304
-140.127615440115
-84.646402642496
-189.443460131448
-180.210144835633
-36.492694805195
135.68662630772
13.743313435696
-176.88273569963
-29.896845829951
-32.700466579861
-123.743424056412
-179.994408369408
-86.958403087798
139.454535237982
97.631846506358
-150.039592352092
-103.536546407152
-175.143238326344
-181.838757271374
-203.447639410286
-183.643037518038
-41.209338079455
-96.443189568678
-39.375541125541
146.05781024531
-146.541396103896
-93.425386679293
-157.586678024666
107.292027417027
-63.194694574089
-103.287239724251
157.022559580177
-88.146312454906
-107.969503911887
-145.528061023178
131.115352393917
44.463474025974
-37.904741471636
-160.499536379419
103.050587487599
-153.387536075036
-150.627795815296
-51.976092538104
-28.876623376623
-94.208694083694
113.333905108563
12.196351066468
-30.871420680014
-121.961830216225
-114.640684890197
-190.139159451659
-27.246470001353
-41.433523995536
-30.203715799175
-100.968053159948
-29.068792698187
-198.685618743236
140.177218614719
144.736744890309
-183.069612136995
-142.173451169057
-161.477272727273
-123.164953102453
-25.764139018534
-201.831447144435
132.768558210453
108.581086394075
-199.938512496618
-99.85769173318
-170.984647676542
-182.3363997114
-188.299312178707
-123.609217171717
-37.711842898855
-105.279470908865
-198.931367243867
-56.104720474838
-88.123106060606
-175.087842712843
-103.904019970914
-93.242411559794
-33.660804473304
-136.777617835723
-151.087551716946
-162.88664194963
-41.668442234848
-101.938845063357
-29.666996767339
-151.962600333694
-71.319184098237
-186.446699134199
-29.218233535128
-27.52361118157
-28.596681096681
-143.521562584551
-57.806186868687
-167.872564935065
-30.046807359307
-33.573392265287
-172.449085230091
50.713474025974
-33.459227458739
-37.230158730159
-194.540806009312
-110.443083880096
3.70670995671
-113.091352278364
-28.805826118326
-177.396735209235
-89.71167027417
-84.464736652237
-144.538502350514
-35.278068773674
-111.65719450363
-191.28832972583
46.61516955267
-189.083846275252
-161.537595542478
-116.922348484848
8.526517617582
-82.724727041622
-157.707313086219
-170.843897964015
-32.143315831304
-47.225358354753
-113.554022366522
-37.983016549423
-154.822698948187
8.066037749143
36.775530838519
-185.657397778003
-30.655385467397
115.949324790878
19.303210678211
-39.396928267045
-130.514257389746
-196.928558745942
-119.553231111337
-29.173621327674
-193.117424242424
-76.557872249278
-209.127172252661
-146.843011589105
-31.601711168606
-183.90882034632
17.370743216202
-147.662886538375
-31.710845903229
-48.786956478851
-40.963113275613
-199.590646278635
-103.079893522276
-195.158286971275
-155.462752525252
7.46453584393
-170.909722222222
-182.906122469111
-28.361278803662
-43.503143883027
-90.497376809389
-194.394460086355
-35.592421846816
-102.155491155979
-55.65978422619
-33.738698367605
-97.538780663781
-28.833320650703
-173.80015205064
-80.799615857233
-30.351293346411
-39.865177303166
-87.816370315882
-170.840277777778
113.821611412676
37.371372063267
-155.589393868935
-65.508178887085
-144.323412698413
-113.921724922213
109.415391357774
-27.919101731602
-143.685191409068
-76.502275122881
11.407016594517
-234.694715007215
-164.393017084912
-31.068875135281
-144.703282828283
-142.463023088023
74.625152191558
-155.435165339218
-91.143328513934
-26.923090418696
-197.936507936508
-150.916756854257
-35.610497765039
-128.554202741703
-34.41620797822
-209.71459256347
-73.989600243506
75.856178977273
22.092733275839
-188.981949799333
4.570887445887
-92.925046362058
-177.682261369273
-91.569722757711
-24.438935250947
-192.576466393849
-36.334047083559
-35.949703508297
-28.969987965593
-97.878517316017
-125.636121257215
-92.341207837302
-35.105859797754
-91.224394474883
-153.915875411481
-38.721848789232
-184.652479031385
-70.550775613276
-162.757916074811
-63.320616883117
-171.308802308802
-199.767656334551
-167.322691197691
-184.000020433126
-154.865600057495
-149.279310966811
-127.09526627886
-76.670163549558
-196.492424242424
-69.143037518038
-33.24452674062
-78.23088023088
-163.392135642136
-29.668117418606
-87.239087301587
-28.43769305781
-170.858926175821
-38.303391053391
-35.953463203463
-44.533848529942
142.876705813718
-136.96835190634
-107.656447285354
-75.243944748828
-74.609209421221
141.553100057495
-75.23547979798
-40.185355930961
-186.918478168966
-199.401806147412
-31.805264559659
-36.154300750248
114.821220012626
-38.462419958514
-84.699585137085
122.446330633342
-87.891164011769
-109.637806637807
-3.265983636589
-211.780122655123
103.880619814214
-202.618949680961
-21.487451242334
-154.914870665359
-82.691480936598
-189.846848789232
2.587744774756
-201.460137085137
-165.461038961039
-189.790883161977
-166.052468744363
-88.742576433983
-153.519939207927
-97.298332797845
-95.157037027642
11.000360750361
-174.999799191694
-157.130952380952
-82.600481658099
-24.766581833965
-32.754932133838
-38.232565611472
-146.298603360615
-198.820063074946
0.889069264069
-192.204365079365
-37.540404040404
-52.071871758883
-35.418192105204
-146.404388471771
-150.604908600514
-147.457895078012
-79.506916260822
-196.208902642496
-163.556477864583
-44.403659220554
4.308740304834
45.654769655258
-37.456717707206
-29.286719031836
3.672188542794
-185.741903550009
60.79951545308
-173.936154936643
-114.931277056277
-97.414314038826
-169.622294372294
-40.384399942505
-162.512085137085
106.862283549784
-32.053571428571
-193.733225108225
-35.596598659587
-28.181284806773
174.518199926159
-156.825930200442
-35.557289552895
-102.647887214782
-93.213932714421
-166.560765650365
-94.730367288961
-180.686660128066
-21.169171486066
92.594668786075
-179.202991832386
-166.959345829951
-119.70001564191
-159.990079365079
-197.046997951051
90.500443187455
-82.27417027417
-190.902757344652
84.080738326344
-143.702368269751
-190.952901644796
-170.18262987013
-75.358815202809
-79.447892005997
-44.816470720035
-51.616993737599
-163.085665528048
-118.021943768038
-74.488906926407
15.819544848598
-42.995511053617
-26.140074010191
14.634018759019
134.662538470644
-181.446338383838
-84.580988455988
-117.540834545229
-87.497502931097
-189.711958804
-1.953275077787
-167.826028138528
-8.146013708514
-14.262696017091
11.798049552444
-95.800407112419
-106.815669248286
-192.431179118191
-189.911636594742
-185.912608225108
-78.706501397908
-164.527605153093
-189.559155308667
-195.855429292929
-104.163662292569
-150.863886493281
-183.964494273088
-175.468593933194
45.058170995671
-31.096042033054
-43.926697922303
-77.681880185786
8.753419377931
-105.540506910624
-121.607946794959
-151.456449610502
6.285443722944
-39.371204370716
136.852811386747
13.707251082251
-101.018599076705
-37.515873015873
8.950937950938
-169.650966275478
-73.218995902101
-171.919261673656
-155.823330261319
18.39333626443
3.065308497926
-29.486242164953
17.276154401154
-69.649618746054
-164.033189033189
96.796619233631
-31.716929338023
-40.11562049062
-95.021652772141
-174.570797258297
-30.718614718615
-44.485307173295
-109.705004142992
-172.810966810967
-63.935897056503
-117.615071614583
6.580176767677
-142.468787343299
-210.171085858586
107.171719637784
-46.846701529807
-133.853805916306
-87.573850953734
-189.281004097899
-80.430563306052
-175.269099335994
-90.141233766234
-27.477190290179
-162.23088023088
-100.898165528048
112.765852582747
-75.510392005997
11.744849090796
-59.549603174603
-29.308163245175
-155.881042568543
-114.987894429789
-87.816669062275
-27.762002699991
-158.360028860029
-206.588924963925
-205.50468975469
-95.686667878562
20.987012987013
-140.515494298453
-34.00946969697
-141.089937460543
132.932359307359
-89.275100333694
-173.606240981241
-37.078383232436
67.917769350875
-32.972111601506
-148.49730212279
-156.065746753247
20.720307849702
-132.554009683892
-84.740468299062
-30.714749334867
-39.247843248332
52.846122004081
-161.209616392722
-155.696526509515
-172.661533724522
-152.302689985795
-170.160814689867
-153.93768037518
-79.050587487599
-149.453352582747
-40.367784992785
-75.383998325893
-66.946608946609
-30.133941254058
-178.488283363772
-41.293408414502
-143.675893984488
-217.591352278364
-162.530372784767
-152.491509683892
-70.265762395157
-171.434253246753
4.57224025974
-149.818702510597
-102.304112554113
-62.808712121212
-165.340916841405
-35.592684659091
-146.668991110886
-175.881153189259
-177.175296491703
-109.39906740395
-76.044905669417
-47.709595959596
-98.484217171717
-25.823585323097
-150.281405714511
-38.98775492086
-106.297340734352
7.492545079703
132.652417027417
17.324384328779
-37.690117906182
-136.994929061824
60.049422799423
-152.880341500947
-5.778780057833
-151.480519480519
-41.803571428571
-41.684273679879
24.220328282828
27.997294372294
45.84873497813
-141.884108946609
-161.050054112554
-92.161353349342
-194.219035006877
-155.348062094156
-81.909341038736
179.141795324901
-170.577749453238
-40.599765441806
-200.077401385507
-189.744977678571
-135.800394429789
-105.299603174603
-170.505882626488
-82.304383116883
-99.537718845824
-180.021374458874
121.309516059028
99.644598890693
-136.81936200735
-149.289772727273
99.02617483428
-37.458694083694
-126.386265698277
82.516341920883
135.736812178707
-109.564025438537
-26.793457735841
-89.923729834619
-185.340375715864
-186.286976911977
-202.458451704545
-111.42479130028
-186.056354561237
-31.510101010101
-31.187069495175
65.869609177715
-165.090200272817
23.869047619048
7.507547573954
-192.051399175911
-37.90482390873
-78.914710723304
-201.498799377706
-41.873556998557
-168.119207561102
-72.757926291374
-154.009461946474
4.925123867018
29.763445701434
-158.523448773449
-39.509201600266
5.957802424355
-33.717081529582
-26.747113997114
-32.182429061824
-34.804681863276
-150.712190966586
-164.039063909181
-189.832702020202
-168.247093563988
-148.284193779311
-41.73626330267
41.827548644931
-158.208333333333
-34.025592842487
-136.535513477408
-158.542388167388
-176.484577922078
-216.378496882891
-201.562618371212
-23.701679884785
-33.753697691198
-197.870498370987
-91.43685071981
-32.967421846816
-129.979444979933
-38.265692640693
-124.977904040404
-38.421278916396
-76.483516104122
-202.127643623737
-96.215097402597
-40.880423938041
-37.162788600289
-197.031393031881
103.097853535354
-176.388618326118
-85.170572916667
-41.793588789683
114.676589767654
-119.367805425911
-27.470390286797
-197.209297213204
-89.201020388032
-207.575458829365
-27.919003793516
-102.933013519683
-171.698946073458
-28.58343127142
-78.794933853039
-192.968094026199
118.770011428459
-83.468795093795
-151.313139063627
-35.328172207567
-26.037420099432
-35.605539913645
-37.594516594517
-124.397095959596
-35.701097892992
-96.30103842555
-198.564393939394
-140.545892800776
-33.896637271149
-30.214994532377
-29.90176528116
-37.880952380952
-103.131743636138
-149.437201253608
-159.568985755998
-32.619789552895
-83.220889841495
-83.435876623377
-31.444895382395
-149.967540218028
-167.580890517902
-40.022575081169
-98.263708513709
97.958874458874
-186.579996392496
154.727715914728
59.838827025839
-165.350752220869
-183.562229437229
-34.667097171492
-35.069867198773
-205.676657056052
-47.989455802444
-31.210485152868
-123.263798701299
13.047077922078
-151.917019666531
-25.742754343096
-30.414071659677
-33.565295815296
-150.586590303143
-44.113566609172
-40.661874041757
-187.118596681097
-151.165576665088
131.368526926632
-37.950043825532
-100.307096495085
-26.991875366387
-36.066988946383
-133.195609132621
-69.732080853175
-164.103973608856
139.398198643804
-154.878066378066
54.094426406926
-81.608217357729
-79.137889074901
-42.985209235209
-185.564213564214
-166.882137502255
-175.442743562861
-188.071268629374
19.274801587302
-81.0670995671
-187.587121212121
-26.847873968479
-38.685744864944
-166.715367965368
11.177301051813
-179.300247170364
-137.140942770337
-34.420995670996
-28.386446073458
-28.459956709957
-137.494758903206
-33.009309754915
-44.646296953914
-158.326561513573
-174.986103360615
-174.373106060606
71.899711399711
-106.51070413961
-71.728285223891
-200.991329308712
-151.729805730294
18.512806637807
-190.597500535489
46.900072150072
-140.571637130231
-92.93445405506
-36.415053506606
-176.762966579861
-194.894460086355
-37.289674789187
-93.882415815521
11.213953147547
-86.668941789547
-159.033910533911
-31.472755597267
-32.263180070797
-91.95583626443
-89.883908138303
-158.311299377706
-195.0673828125
-88.453906390918
-192.248363940747
58.852916723034
-144.908992971005
-172.123745124233
-150.276224155619
-103.93157580267
-169.613535959483
-37.511062423904
22.80093555533
-97.911275844381
-129.892573897457
-158.856138111021
3.46654040404
-36.902785528274
-96.020111832612
-23.303280432675
-119.314033189033
-35.014803447421
-181.571629379735
-51.753156565657
-155.182691874098
-39.700417258523
-191.925878483496
2.283848529942
46.367321372204
-150.337224082341
-159.909431226326
-31.840007215007
38.007395382395
-139.218315972222
-78.538149350649
-199.36162405303
-143.036317415224
108.693362193362
-112.648080272592
-179.430264559659
-56.538620721726
-33.395202020202
-27.866058745942
-118.773817274306
-161.724366291261
-31.282016594517
-89.383109132621
-187.266303520698
-92.735139480745
8.186005211152
-161.187229437229
-145.944895382395
-95.948652611494
-36.064935064935
-29.371773679879
-26.705537518038
-35.893148138754
22.794993390941
-159.029318717307
-178.561209190115
-31.506114789074
-52.268911210317
-175.22373497813
-189.418372480384
-161.739468485074
-0.359487734488
-74.335317460317
-199.331369639475
26.048781269729
-75.788059163059
-175.610028860029
14.728645974251
-120.983776450329
-159.056096681097
-147.417014734398
-141.181825932314
-36.62977994228
-138.340347532242
-157.772526464421
117.558712121212
-34.795614487509
-28.752455498061
-21.128800561418
-178.622564935065
-39.731982915088
-30.232155539773
-191.008096449991
-34.574317040381
-38.235028860029
-43.286783854167
107.899051902958
-42.329434833829
-74.559191242785
-118.121905438312
-184.513319579726
-201.35102278364
-37.695949449856
-119.1642936057
-211.478563537157
-192.601120721726
1.252713378202
-41.906357097763
48.632743450126
-36.932699624594
20.435876623377
-41.652880647998
-173.126262626263
-41.298090418696
-91.94400125699
-149.227986477498
-78.45948533888
-36.171807359307
-38.806256623151
-206.651522902011
-41.38186200735
11.184954314349
-191.323683261183
-187.117885396938
-158.317029812635
-34.110958919553
-27.518279897186
-157.595516408505
-30.783988038871
18.655493622046
-37.203926824044
-82.904942279942
-23.863275613276
8.761724386724
-33.329545454545
21.47104978355
-37.907258973665
-27.300224271172
-199.074765512266
-213.777679839692
-161.643779451885
-107.263896639385
-180.159443908956
14.718795093795
-68.559773939168
-34.597201789096
-35.077027952516
-173.784889914773
-157.817377880366
60.45652958153
-163.475948097042
-153.808073057585
-36.907910719922
-133.749549062049
-189.318704976664
-161.601079855474
-192.366780246663
-190.471410533911
-93.887543825532
21.574654891549
-185.098484848485
56.00269787721
-185.050685425685
-23.059343434343
-40.641164011769
-192.723755411255
-180.870408183396
-193.594877344877
-150.80503486314
-82.88926232188
-32.922340734352
98.635294067911
-22.923451169057
18.151625772231
-115.341991341991
-28.044642857143
-26.437522899193
-41.071789321789
16.686786249775
45.845696783685
-190.853723479212
5.294552669553
-39.111373923386
-26.88665463226
-79.76251564191
-190.293941789547
-192.409451659452
-190.236402107008
-141.345508658009
-179.84804166103
-104.155663780664
-159.253857633252
-148.60760154559
-164.143115022998
-161.823121702516
-75.492231184614
-119.740592306999
-27.900961343344
-196.832611832612
-54.143009334416
-27.631480823864
-154.908189033189
-85.398817274306
-37.172807173295
-51.679182308577
-137.197949077832
-77.810786435786
-32.402437460543
-38.719336219336
-154.421276450329
-164.874118557224
-42.902659406566
-111.223124098124
-36.189574314574
-54.383387445887
0.156495902101
-52.851731601732
-188.193001443001
-31.628697691198
-78.894730649125
-164.994678932179
-194.223394660895
4.094155844156
45.571158008658
-68.213474025974
-164.262536075036
-48.412961224973
-83.6920995671
-151.211031210543
-29.155844155844
-4.30277242289
8.798881673882
-30.381673881674
-34.979625355114
-188.631320881809
-95.717261904762
-145.895472582973
-155.415043290043
-87.961317274306
-31.924159987148
-35.585227272727
-41.875458688447
-153.606171226777
-171.150412467307
-189.554643463091
-138.54814749053
-138.965548340548
-97.674360795455
-169.4393115023
-170.523185961174
-35.665932483315
-37.337502395608
-143.852453102453
14.227986477498
-165.480130546537
-190.431555369544
-115.519307894796
-163.071539192145
-187.498827561328
-35.56622587482
132.426396709844
-133.377914186508
-164.561497719945
-162.496384745896
-76.731699669688
-37.943813131313
109.520923520924
65.284534096546
-37.284794442753
-27.584124588519
-163.290937415449
-0.75182418493
6.517766955267
-35.148907461896
-78.500278313267
-170.703540708424
-201.373847994454
-183.029483591495
-27.89315588925
9.99837415731
-134.116063678075
-28.773961715368
-182.442169321564
-34.192390562996
-91.600371037383
-174.283160849567
-131.175958454523
-27.954746262852
-101.93731962482
-32.425407112419
106.781004097899
-200.648428340323
-85.116251803752
-179.759191383703
-104.308712121212
-140.904501558554
-98.257833637716
-149.569707256719
-148.8106884977
-163.167097171492
-82.669081298476
-148.148551643669
-150.54024409835
-39.329607458514
-111.886072640467
-93.891602267091
-12.737734487734
-77.192931688537
-30.588827025839
11.67688604798
-31.251172438672
114.014409581304
-29.479707792208
-185.1893115023
-112.262889074901
-240.62002699991
21.923951428346
-190.58170995671
-148.743416305916
-171.919364543876
-40.748556998557
-183.058601500496
-3.446709350762
-185.069083694084
-46.285595914502
-52.714633782017
-75.248466810967
-164.664043476055
103.058621933622
111.321168225221
-34.567362379374
136.089728901741
110.132493320482
-177.12682418493
-7.493599147164
-125.66123497813
-34.893759018759
-27.136211444805
-188.025059467442
-27.743777056277
-158.506403318903
-187.62230212279
-116.821776639159
-28.124959133748
-120.221508471997
-34.300262671356
-161.091422032828
-36.73766473327
-160.626360564349
-155.798322581282
-87.212732092127
-182.539309106692
-178.556555369544
-205.107621978716
132.225989667884
94.965035398629
-170.435868872881
-38.583222712617
-182.737943046537
-196.62299543989
-158.972582972583
11.129411441423
-177.653471094877
-31.151883652372
-35.025330030213
-104.363365800866
-82.202831890332
103.813033375045
-39.050955988456
-135.671779175685
-88.305014430014
-166.230532515445
-202.703566073683
-178.098124098124
-69.126350347786
-87.416749103761
-149.663399480294
-197.485902552309
-90.011703953598
-45.883498066604
-99.134928385417
-32.755849510732
-170.641040708424
-179.244338614944
150.497724877119
30.92242070538
-4.266323953824
-34.303419237013
-183.629529812635
18.172438672439
-182.062299191694
-24.190955312049
-172.10264122813
-197.778499278499
-183.308454241071
-41.533910533911
-201.292929292929
-97.392955080943
-156.994027185922
-38.859660359172
-63.922348484848
-150.784078226461
-36.481060606061
-149.759407693001
-52.361479611968
-34.109315109803
-196.597201789096
-167.893738585633
-204.61544011544
9.354888167388
-127.898817274306
-0.464113089601
0.785082972583
-27.90655790607
140.229818412924
-202.324577386589
-145.544630174513
-58.441891008297
-41.45001564191
-38.455898268398
-168.260260952155
-112.426123681006
-146.404200346095
-176.309523809524
-144.241702741703
-163.059912743506
19.555014430014
-200.027847532242
107.323309828193
-94.282454849838
-32.705328959235
-170.232155539773
-140.714043335137
-30.500360750361
-76.757874503968
-84.424159987148
-48.081377389971
48.603174603175
-196.8517936057
-41.023657332251
-33.90538300133
-180.306748427354
-28.315726320121
-204.763909322015
-32.684134875541
-193.148997649486
-163.225198412698
32.205328959235
-29.724476911977
-204.753197784204
-191.84422559862
-83.37890625
-84.683982683983
-196.206988269977
1.979978354978
-42.354957921852
175.966823649441
-165.75449669688
-78.841532653544
-188.123397056503
-173.478334545229
-1.185786435786
-189.553210678211
-32.756854256854
-147.56760722459
-89.153208282603
-147.619248427354
140.537706163194
-37.856060606061
-31.052787923882
-134.018217893218
-100.648276148764
-152.909341038736
-178.769813086219
-42.103473349567
-160.991883116883
-25.657549969562
-155.337371341766
103.905753968254
74.739886307269
-138.77198533888
-35.346340779446
-188.274010332116
-96.24990981241
-156.879697505186
-109.585129334641
-31.787129103535
5.435085368191
113.224296536797
-137.827659265648
26.489357864358
53.502986407039
-143.476891543786
-25.321629379735
-28.720668600063
-97.122011126894
-158.238906926407
32.702530677872
-158.647990085002
-162.989517806412
-181.401244588745
-101.149322465729
-35.751886188898
-185.316017316017
-73.012876392271
-98.37672131471
-31.38168163217
139.241532583085
28.125430504825
-190.561958874459
-104.700667388167
-0.535353535354
-31.720500907513
-30.522655052196
-33.836322206439
-186.320969882982
-80.535995065048
-167.199597819715
135.868398338857
110.746129684118
-136.399891774892
-177.285513477408
9.813652005547
-38.787608225108
84.153589466089
-86.223033910534
-37.419114414232
-36.431277056277
-143.220258528364
-35.174693362193
-208.81311052771
-36.052968299062
-45.969967532468
-74.713023088023
138.840117835723
-181.063394125406
-190.893308080808
1.635010822511
-174.080800330312
-192.416048036165
-147.330607272502
-41.696438787992
-180.86247167546
-31.71616697105
-142.151182584776
-33.674706044823
-34.883650258162
-67.383387445887
-69.466089466089
-73.951569264069
-194.551845181728
-200.946859076254
-200.100579596185
-175.067733346298
-201.432289552895
-33.488546176046
-83.530205092217
-94.286286060944
-147.474544200374
-112.040161661255
-197.544753477859
-29.573500419936
-28.179285178797
-21.780462972358
-33.618777056277
-190.031565656566
23.848206535218
105.553481240981
-97.81422131471
-164.882908324315
-31.035276030393
-85.794019294508
-93.187852999865
-148.35082972583
-34.57702020202
-83.152326839827
-147.942849251443
-37.876324630231
-40.883588254194
-94.977182539683
-160.266934833829
-137.350719105114
-122.412157287157
-27.155831473214
-97.8891414846
-52.246933621934
-49.20966571406
-195.687417562906
3.278306220689
-143.633830633342
-158.315586811192
-105.539973535579
-180.096681096681
10.524337966721
-38.503976004464
-30.36542743281
-2.536525974026
-178.981962481962
-163.087752525252
-185.91332972583
22.325224200712
-74.828122886228
-168.081862148268
-52.306207301813
-169.501615626127
-115.919990924874
-200.958152958153
10.597971906566
-160.532988224883
-26.961242235412
-155.695165945166
-59.531393031881
-98.362744704297
-168.161242728626
-151.67976430037
-143.631702065296
-175.55743681232
-82.72870797822
-147.834415584416
-53.00792875744
-195.04059216608
-190.314644069039
-30.566759249865
-151.430354747249
98.37987012987
-163.287538822939
-34.201090142496
-199.085747965143
-178.785624098124
20.437056812545
-32.368839060245
-5.76615132914
-101.356251197804
-151.892135642136
-198.488012801001
-138.396845829951
-122.440483940972
-138.809323001218
-174.488353118236
-149.352543290043
-146.659554529672
45.724775658369
-164.710016247858
-19.019841269841
-90.212953333559
-40.978896103896
-43.300893984488
-157.023461456079
-189.31240981241
105.887458570076
-33.070789507801
-25.319604386499
-156.161227227633
-177.897817460317
-182.587780708874
-82.780563376511
-40.060245310245
-88.428924428436
-179.510814760326
-147.304805871212
-71.126873506268
-42.507207256719
-151.553759554248
103.406204906205
-145.540571732955
8.253607503608
-33.753504633387
10.465270027282
-93.140770145653
-37.63445701434
-27.714757085363
-99.995853836918
-172.321809754915
-73.416916796311
0.029483591495
-151.473742728626
-122.467339409722
-160.96808134357
-161.735930735931
187.878156565657
-30.990813548431
-29.063685121302
-31.628787878788
-169.224940532558
-159.291396103896
39.461762927827
-27.799255106872
-31.081459827065
-38.325327070933
-182.870212307224
-30.185214660556
-176.143568427016
-172.685606060606
-100.522103710092
-159.242792743281
-26.780601776696
-38.913788414277
-135.92881380772
-25.104797979798
-88.950757575758
-54.965257344652
-179.084325396825
-34.803952612058
136.154411370964
131.12203156002
-153.684356116973
-132.750971630366
-152.487714054609
-103.472830636161
101.168261859668
-35.77607196406
-108.072088068182
-109.949564703959
-121.00487012987
-173.757936507936
-65.379509379509
-153.812597938086
-33.152406810854
-31.408279220779
-96.419851415945
-88.970877158865
15.153880461986
8.303468558351
28.943181818182
-76.905565842578
-165.621011312906
-96.944436693948
-156.229256854257
-132.754661571068
-173.440123190611
-38.353986291486
-196.688471630366
152.927115744499
-74.772915398404
-34.104375225469
-179.80111593051
-33.372915468863
-37.100288600289
-132.545462295951
-106.244859307359
-95.618797489403
-211.345598845599
-138.278040590052
137.171106291712
-30.065566378066
-144.455689709596
-66.495470187365
-108.26615132914
-194.162239724251
-14.512556508162
-93.330164085047
-32.33641239403
-44.133116883117
-37.733598541216
-1.941308311914
-190.697310014205
-165.878094561688
-0.825757575758
-29.167486105474
-40.851731601732
-159.837141645247
-27.346598659587
-178.108926175821
-197.870137620626
-30.783439162834
-37.211469465864
-33.951216264205
16.67812049062
-29.88924963925
93.528491528003
-33.041839291351
-165.48765205064
-33.894362148268
-186.10761422822
115.652216219111
-33.565726320121
-33.880202696609
-38.516975700081
22.055292743281
140.715999278499
107.705377575983
-173.110327606421
-45.819807660872
-181.564020506403
-86.457251082251
-162.061896870491
126.976994414006
-120.021103896104
-39.742895613501
-211.145562770563
-98.422340734352
-38.155691964286
-94.712662337662
-85.883297258297
-85.845869408369
-24.478826349432
-149.442390562996
-192.076126076614
-29.157557720058
-34.107573361968
-40.214806406701
-180.802316552805
-75.684613997114
-139.644307894796
-191.799623607729
-157.776968555533
6.523428340323
-157.652326839827
-35.158980288375
-42.28038300133
-39.739718614719
-42.807469928075
-36.720418470418
-30.92783724522
76.995601241207
-203.770915770427
-188.267065887671
-37.219599031611
-116.004591816604
-17.141774891775
-29.454372829861
-174.349325072714
-29.515844832251
-36.413319509267
-144.509276639159
-173.363816738817
-44.051378742785
-192.563873246979
-63.630689568678
-43.908106596095
-37.037525788014
-145.783722408234
-189.218253968254
-41.147899897412
-66.034438976822
101.773428340323
-184.927489177489
-29.724858095464
20.425796046402
-3.292937043425
-32.99034992785
20.319645252751
-89.42097523787
117.40624330639
-131.148961715368
-149.64134438695
-55.173258111246
-205.331459827065
-149.699301891685
156.491334240846
-29.990149119544
-73.408029091135
-36.415285669192
-182.900683030078
141.014738977385
-158.119220243732
-162.598312223801
-31.716730995784
-84.419294789412
-136.933281616387
11.201589697195
-31.297065239448
-113.333152958153
-76.782256507598
-28.175525483631
-38.319632570121
-155.076376206259
28.309090838632
-186.852342481737
-18.454565887671
-32.450404575893
-164.865447865936
5.915682353671
-165.11813799265
-32.391602267091
-160.95661976912
-172.977994227994
-182.601924659542
-31.284562280168
-77.100456292839
-87.989190171807
-163.40298633658
-29.19733044733
-147.932331123737
11.58258364899
-98.205204951299
-199.340105153093
-32.666929478941
-33.141872829861
-63.631764069264
-33.819694574089
-24.688311688312
-81.110209235209
-198.767496392496
-139.791563796447
-122.31355406746
-32.982130174513
-33.493406089353
-155.631202510597
-73.093496347403
135.083583462978
-157.631611877706
108.24303512243
-21.916105108
-166.281292627728
-153.873634503517
-92.222304659316
-28.442182004194
-143.990520086467
-31.511245265152
-154.229859983766
-186.935577876984
-106.237443491838
-174.53823953824
-29.070096190702
-43.173979611968
-85.656593840188
25.491439929428
-157.296176046176
-28.026494718389
113.299162453215
-59.16532160331
19.205176767677
-28.438041125541
-93.148198643804
-27.745140086693
-24.194812945301
-168.211281340188
101.847041847042
-136.421408208762
-38.543101917614
-188.16343259605
-27.830980705492
-148.598817415224
-33.451216264205
-93.864726365215
-195.387433204816
-93.15767609127
19.821887259876
148.071338383838
135.728697761657
138.272559580177
-156.501906622024
-117.255944630456
-36.86752218051
-143.556006493506
-106.833964646465
-183.643127705628
-42.999458874459
-97.310487689394
-24.202581760687
-133.302579365079
-158.410423289818
-108.667097171492
19.296438858451
-184.785263347763
-34.376976376488
-32.098935786436
-48.846147721636
-174.687852999865
140.947407952291
-41.529321183374
-30.286976911977
-34.889468414615
21.353277473395
-58.339819089331
-179.061958874459
-33.859951355069
-158.089896594291
-134.430475584528
12.754431874549
111.863646580199
-106.053473490485
-176.937507750496
106.681735744724
-160.072580576975
-93.98965661075
-172.336871082477
10.182970187365
-149.600731787744
-91.253427128427
-93.340978845373
-187.720848975244
-140.12300812252
-41.712239583333
25.434812339353
-38.006284947691
-40.37708206507
-33.536726782332
-106.222755597267
111.953094702606
107.92011422822
-101.466622841135
-37.923340548341
-166.918949540043
172.736471861472
-27.602084601596
23.854718008771
-165.405274846681
-84.130042754554
-176.13933982684
-184.014512451524
100.809613997114
-38.964826839827
-38.657840965458
-65.842913651019
-139.911013032107
-39.567390562996
-192.76452020202
13.345699249752
-157.576306451795
-32.253086811192
-83.646083462978
-34.349587532693
-194.160894660895
-191.382305194805
-171.384359076254
-167.305465367965
-157.768370084776
-35.482676232188
-170.086239769345
24.161866291261
-194.762876392271
109.783286971275
-48.562888933983
-126.1509944591
-92.104998788104
-41.379210633117
12.259129379735
-77.756305380817
-180.266872829861
-179.462481962482
-118.886974516369
-168.674865986878
-86.307567866162
-196.179473304473
-27.839576710182
-157.077934760552
-75.242344271397
-106.788517851506
110.590270027282
-190.376533189033
-114.682018990124
-101.182998370987
-145.929924242424
-162.58439515129
-33.803288183171
-100.161778569738
-26.886363636364
-146.48547979798
42.142163825758
-96.22543832578
108.228437415449
-201.210936090819
-89.624007936508
-50.979277287383
-33.154581529582
-155.095508658009
-144.268295398178
-38.799394615801
-89.43932418493
-113.002597473056
-26.410886910399
-48.130591630592
-38.92376330267
-102.488989363501
-0.729354792343
-153.512536075036
-201.529130591631
-127.801837431232
-32.501881256764
-108.527249334867
-177.272616652011
-40.099899666306
-161.411714099702
-75.55197623557
-44.031774215368
59.047881859894
-86.049615857233
-64.689656751668
-157.584956709957
-120.803952612058
-181.651863219246
-164.952581760687
-29.861111111111
107.920276636341
-1.598201603084
-128.501352813853
-35.328102453102
66.880390822285
-26.05294011544
31.953561141549
4.681346810741
-33.009281571293
46.974497345103
-17.982163290269
-152.633567821068
-101.50494763483
-90.795011358
-140.189143809749
-97.206920981579
-27.871134616252
-93.587121212121
-78.109209421221
-149.317620259515
-89.909013404131
-189.438672438672
-20.443279756268
-97.00009018759
22.177148860254
-126.984487734488
-158.472871502413
-192.48088023088
-163.177558931954
-180.840187590188
-189.876144255051
-29.720057720058
-53.696150258162
-142.224997604392
-154.817821067821
-166.634206884695
13.740710678211
136.965749148855
-73.692993692505
-30.47133302895
-83.284722222222
58.629488946383
-96.598832916216
-174.058712121212
-193.54644414288
-33.18759018759
-152.846042033054
-205.058712121212
-170.320374503968
-67.847374413781
-35.448245005862
-151.802050922168
-36.12501268263
-136.128267186373
-75.757055065161
-134.610752826817
107.403138528139
-182.262543825532
-164.838445842352
-36.324216636228
-194.797186076727
-39.071691383703
-42.873363940747
-31.857854141301
-165.251352813853
-205.876775568182
-166.832238399621
22.859479983992
-32.047771239177
-150.033910533911
-260.579172021555
-159.024783620243
-156.076847577336
-139.808712121212
-29.431289738907
11.649523274035
-86.522005772006
-41.744490806503
-28.278409090909
-34.06458206507
-38.428058486652
-36.132374949269
-42.101272913285
20.459794301835
-40.120408183396
-34.401453147547
3.001443001443
-111.917658730159
-149.522977402372
-38.120420866026
-158.553210678211
-82.556990806503
-143.831537332026
-32.167671412789
-202.307982869995
-35.74053030303
-142.409243100649
-146.523005585994
113.579625425573
-27.322350880456
-192.485188802083
-70.327298515287
71.060253060741
22.286907157513
-29.318202251308
105.496392496392
-78.829336895743
115.040955382508
-106.747987689394
-40.724927849928
-31.815283132666
-182.404228529717
-86.387925009019
-180.504591816604
-175.058299583446
-38.502587256494
-39.249188311688
-207.560245310245
-170.955328959235
-153.874167878562
16.80292743281
-155.808982683983
-160.905060651154
-36.458263578869
0.857204861111
-153.480261600379
-27.218236001195
-146.946338383838
53.992867429879
19.082611832612
-82.726911976912
21.360319855925
-34.542215542704
-93.635912698413
-36.042019666531
-37.118949680961
-97.323059698548
-156.630501443001
-162.161616161616
-36.840909090909
-169.804493737599
-127.445284316378
-37.136544011544
-191.299152236652
110.770903087798
-139.618867243867
-36.39725590165
-91.432990620491
-189.240079365079
-192.689393939394
-31.796093609082
-116.47106246618
-32.300615671221
5.103375411481
-32.36247167546
117.330988455988
-27.573425381043
-39.391073824179
-184.12768519458
-163.980318672213
-7.887085137085
-101.944083694084
-170.664682539683
-205.404684399802
-171.169274356286
-97.010752756358
-36.452380952381
-131.059876809389
-157.062868500857
-81.176517547123
4.41550197849
-158.702393635011
-31.818083880096
-244.220390286796
-117.498459060471
-156.005300634695
-97.133477633478
-44.746482683983
-154.91332972583
-101.77207552647
-3.660984848485
-14.290754574202
80.62968975469
12.962961084055
-163.120593490711
-86.023747519841
104.639136552467
-147.729808196361
-185.154609713203
96.166035353535
-159.206269235322
-33.168761414367
-191.320725037766
-155.196408138303
-96.882153003247
-158.295086044598
-195.757485569986
-177.568009193498
-162.94227994228
-197.746302308802
-191.949281106264
-34.721057534046
-92.255333750451
-173.475559163059
-9.68685071981
-36.161283594877
-153.939484126984
-151.484229854347
-153.186778499278
-95.98852574292
-35.867125496032
-173.954357328869
111.26902958153
-98.958415770428
-160.796183796672
-28.295642671131
-30.437790995896
109.094256248309
-142.212121212121
-32.123397056503
-180.214904344787
-179.543650793651
-24.426525297619
-140.045261487644
98.541638483045
-117.873536565431
-176.667285297168
-155.209879204996
103.665133477633
5.275239842623
-38.605171412789
-176.773330402237
-86.57033856985
-37.017225829726
-150.423611111111
-193.822580576975
-31.291316132869
-139.859029046041
-160.178231111337
-198.771194083694
-201.875791255186
-32.827553577065
-37.81049543989
-29.160912627954
-96.007472887356
-64.666275266617
-174.262634013122
-36.606531977137
-164.681174186057
13.242965367965
-75.239886307269
-91.98538961039
-44.811175369769
-176.362811992695
-145.30494467555
136.700134013122
110.981972698525
-73.433962250857
-160.4806998557
-27.164682539683
-138.389811197917
-96.116945120851
24.763097633703
-35.650100333694
-29.808163245175
-157.578455452967
105.269758832747
16.361559582995
-32.315636132531
-193.729194850289
-31.514958457341
-84.037157287157
-42.347791531385
-167.134670505276
-33.972693593299
45.550492367875
-167.796085858586
-145.203906390918
-176.671626984127
-44.305284992785
4.378308757215
-95.537961224973
-169.292207792208
-83.495420866026
-181.5857063943
98.989548456101
-19.616509683892
-183.359384864268
-147.992514430014
-29.634206884695
-114.637265512266
-42.480671672078
-187.886376318993
-25.969037472944
-30.365808616297
89.636897011409
-41.289113230519
-35.056707561102
-232.04633598823
-31.105586768917
158.721430967036
-81.253710373828
-43.751713564214
-121.52685546875
-158.68291311553
11.97619047619
-166.857220362103
8.760974702381
-30.588827025839
-76.874451123963
-187.402855282738
-95.911706349206
-146.414051226551
-100.618944748828
-108.518861888979
-30.866272236878
-133.729089161706
-95.470807404401
-196.53633784835
-28.919733044733
-31.035894660895
-44.076631268038
-145.91637567077
-89.472680910669
-84.338002654897
-183.582611832612
-160.602424918831
107.9568001443
-153.078102453102
5.640582019977
-141.858926175821
-69.500561558667
-204.955274705763
-30.815123190611
-22.0434831011
-26.098943536932
-34.698059698548
-28.981122610029
-81.900821834416
-34.022386955492
-98.507665945166
-89.164133663645
-160.467019525613
-131.766963017451
-33.008567821068
-89.979465413059
114.154661500609
-87.034992784993
-28.079725829726
-29.978793233676
-193.575293955177
-26.698781199269
-249.165576665088
-41.333423520924
-183.168650793651
-83.42747121043
-2.535345784858
-28.717810780799
-41.946498325893
-164.051697922303
-184.110410043516
-159.079004329004
45.319101661143
8.532738095238
-197.446415888799
-83.126352813853
-155.655225525343
-25.298783735795
-113.624160128066
-37.981699669688
-189.063041125541
-35.592803030303
-185.236459178842
-36.179834054834
-82.573422914976
-89.664855164367
-168.630120259515
-117.276224155619
-38.35752404063
-153.059796838361
30.863327400681
-35.449425195031
-170.007055065161
-146.323482452877
-88.384039192145
-88.727182539683
-108.444604386499
-198.36046711535
-28.232060420049
-144.049775799288
-170.854506983902
-157.009309754915
-46.029388471771
-34.556096681097
92.431117114223
-192.453914141414
-89.434072871573
-103.210670460182
-141.793560606061
112.680444934839
-133.654200346095
-173.729547850153
-199.878164316153
-39.399690966585
-208.235922985435
-197.418400664006
-31.011606015512
-87.441669062275
-161.602793419688
-39.317349696744
-30.486915048927
-145.254849696744
-175.987213795319
-155.03993020326
-162.551677489178
-186.855220734127
-194.77426046176
-98.74981962482
8.991785178797
-165.731622164728
-33.294269424152
-75.37156265501
-42.970215196045
-194.993859493371
-30.493789738907
80.144828587211
-23.400239842623
-71.982503607504
21.387917258523
-67.266393708288
-77.766676953689
-97.676595052083
-157.750992063492
-154.983245541351
-178.205635456124
-207.193730694219
-159.385219381313
-88.021444213339
-32.493887676993
-86.463631501962
-31.416305916306
196.162427849928
-91.415522411616
-152.875373432991
-147.6011002886
-168.614357864358
-181.575043825532
40.961842898855
-86.890782828283
-181.576672134289
140.389517735953
-106.155573593074
-42.087760275749
-88.055846551452
-189.769660894661
-169.147005772006
-158.411358281476
-193.513958643353
-168.696137575532
-106.804362683757
19.86192526549
-198.238914676903
-89.984590604708
-32.451569264069
-92.723121632057
-153.739808802309
-34.655393217893
-191.706898082386
-40.806289738907
-151.997474747475
47.904970463564
-161.807429061824
-143.150510405393
72.444833378427
-4.322338197826
-133.138355513844
-112.314484126984
-175.850891729798
-163.51155176204
-42.667277546672
-173.210866336355
-86.487361054744
8.380599381088
-156.392323767812
-28.768931643443
6.591568587662
-190.566746567235
-164.933170995671
-143.765321673769
-204.104687359082
-33.698440882035
-90.558080808081
-95.019320577426
-154.892238512356
61.733024299919
4.497191502074
197.202262581169
-187.600468975469
4.246150117244
-149.827844572962
-70.050893984488
-86.174234673746
-156.945526695527
-155.649974211986
-37.429723434118
-32.72183328824
-87.347263793065
-180.546085858586
-40.280012034407
-98.674443232549
-21.02406740395
-189.036706349206
110.367414025861
-3.22132034632
115.826138759244
-156.492674372069
-95.565566378066
-137.693993506494
-24.333250896239
-40.290223665224
-28.144230389836
-73.163051412563
-157.279573779086
-86.741682308577
-152.326569264069
-141.478084415584
-38.315676998782
-150.052239047845
-188.318973073368
-181.811946191829
-154.296807359307
-64.399621212121
-43.07721325983
-146.554452871347
-154.346681096681
-90.858946608947
-156.438520247114
-195.928862424468
-154.22753307348
-84.129488946383
-168.379968067956
-153.561598124098
-114.304743867244
-33.683704370716
-177.582529395518
-189.257207256719
-167.906287343299
-212.900984242537
11.359307359307
5.38475294237
-158.568710261093
-44.723415094021
-82.634011008523
-71.227543290043
-35.083423520924
12.40242724398
-133.782709911616
-29.513626076614
-98.343622469111
-28.675955988456
-32.110840548341
-144.222121818069
100.443359727295
-112.423520923521
9.48891714297
-33.829545454545
-165.194715007215
-104.95661976912
-165.45975590165
-32.654921846816
-166.793671226777
-90.971861471861
8.726092538104
-161.20852145901
44.942640692641
-38.647837893443
-99.045524299919
-159.8747167546
-150.574863450352
-24.534722222222
-28.093774660669
-138.386806823819
-155.896346275252
-37.3731884977
-152.6636002886
-183.661345598846
-107.910714285714
-171.982766419778
110.800685425685
-95.495552624459
-176.614095052083
-103.544720362103
2.869609177715
-27.408078412473
-141.115066682449
-39.810175555781
-77.452012451524
-175.563409626398
-36.15186815138
-201.703172207567
-169.786997345103
-162.072361097019
-40.705890517902
31.412087532693
-37.860840548341
7.784472092578
-25.437597938086
-102.667470604482
-37.19362253957
111.549886420004
-78.415506910624
-117.572760952155
-39.835337893443
-151.063471630366
-150.647907647908
-34.483425916531
-199.789780477769
-31.833312900207
-40.811979307585
-4.313314154379
-38.107877040494
-191.736492294598
-133.112345553752
-32.321158008658
-30.583436203553
-167.405060651154
-168.361381673882
-72.812270303481
-35.764708327697
-24.788517851506
-40.359307359307
-41.505403504915
-142.723381978265
-90.332058024441
-157.468885281385
-194.219266464872
-193.788968789457
-144.088383838384
-29.448302077697
-27.189726506133
-34.929473304473
-85.755300634695
-93.250713750225
-29.549410116793
-36.418941789547
98.009760692866
-74.150785900298
-30.383838383838
-117.91800679789
15.60597041847
-81.479326608721
-88.874791441198
-174.912427849928
-175.393496206484
-179.797861426768
-31.226989481872
-104.967454962572
-28.065205627706
48.155295279807
-150.155823722718
-38.693534818047
-35.608024299919
42.013175138663
-177.939053622159
-140.397887214782
-28.3876058295
-161.297168109668
-80.699564703959
-109.793019480519
-37.906996161391
-154.846580692528
40.549082482188
-33.386904761905
-64.068555251172
18.809982497971
-183.118326118326
-149.450667388167
-97.724755225244
-45.951721455628
-68.773448773449
-193.378509565521
-51.468434343434
-33.749198528251
-178.446165759154
-32.956439393939
-95.709325396825
-36.564185380592
-143.646825396825
-25.36717411278
-48.172147676542
-105.596250591856
-34.424721545815
-42.261482007576
-182.842803030303
-184.510454009966
-40.417756668245
-200.147997835498
-126.802030489042
-34.894730649125
104.323059698548
-28.784544313109
-38.964929710047
15.175386679293
18.577813923273
-130.544843665449
-142.57673695662
-186.940483940972
141.660093189146
-183.540916982323
-32.542908859803
-181.203262395157
-30.493859493371
-153.112451242334
-42.235028860029
-38.923771053166
-31.98835805037
-27.311237373737
-164.956537332026
-64.479728225334
-109.302489177489
-88.35378548318
-190.439754689755
-192.335497835498
-172.651133968029
-187.985922985435
-35.76729558419
-176.491730925325
-1.775605525117
-111.072518573007
-39.011100824089
-39.955715427151
-161.157918470418
-140.866091861697
-197.510884514791
-31.620961991567
-93.159243100649
19.377262440251
-103.622647372159
-57.595536841631
-73.604089161706
-160.42957124256
-136.429633246528
93.948793881899
-82.660894660895
-110.711649841044
-170.067849251443
-102.478166852679
-24.131382885777
-0.957251082251
-160.706078643579
-27.599657287157
-192.321997880592
-100.400974025974
-152.069777011183
-182.282300192212
-139.898059839466
-190.670163549558
-28.957320836715
-103.214728901741
-95.118936998332
48.065303565792
-155.408990504938
101.188481846929
-37.817931688537
91.194426477385
-30.293893172799
-112.285902411391
6.5211116466
-106.869707115801
-37.941197691198
-29.398698903093
-153.712840246776
-25.8269173318
-73.696268629374
-185.252823998918
-184.305748613366
-36.55215661075
-83.530844155844
15.695887445887
-28.803313548431
110.000152191558
-31.733425916531
-139.053202927715
-161.144460086355
-30.147637085137
12.779790088384
-170.744117373512
-40.861582482188
-192.763535889024
-187.47392803594
-34.99791793493
-17.965736466225
11.719614532603
-66.795905483405
-101.771186333198
-139.836863331981
-151.001082251082
-39.391504329004
-90.627543219584
-123.068272005772
-112.564553881448
-76.451679884785
-74.387105570211
-166.034263533775
-140.902306406701
-76.606942048837
-175.95940783392
11.52026402417
-169.543568356557
-148.838035770653
-28.354970604482
-120.736090677985
-138.429403550009
13.791865008906
-117.893856956845
-242.583333333333
41.949876132982
-4.723477097989
-159.330073897457
-193.532647907648
-159.880669135552
-135.431058280912
-188.352272727273
-81.485577736066
-39.274809337798
21.420634920635
-37.108766233766
-196.975719105114
-210.948701228242
-32.830918701524
-74.543179422574
-33.558108991703
-29.274731832837
-187.055375180375
132.171544547033
-135.850190662202
43.906011848395
-99.914571918966
-170.701999768894
-180.436791181908
-37.766754458649
-176.408431412338
-157.420807545319
-95.098276289683
111.962141645247
-181.227210723304
-195.016261949856
-158.484570171582
5.992875180375
-92.007575757576
-36.263237142632
-149.748737373737
-31.764708327697
-104.105236235119
-79.393148138754
-87.643320763438
66.023028485187
-31.36335805037
-94.239808802309
51.753246753247
4.483856421356
-161.07224025974
-155.646655238208
-109.494318181818
-42.381222943723
43.435343248332
-159.961391960904
-89.668934039051
-189.617596867109
-59.474476911977
-37.921356421356
-120.50937950938
-144.597763347763
-174.260273634785
-33.648997649486
17.096299913194
-207.378246753247
-168.039690290179
-187.181457431457
2.441476004464
-73.209948959461
-135.421506146848
-100.040404040404
-42.993887676993
-159.241079179067
-8.000651746257
10.63962307224
-174.149899525388
-161.57711038961
-112.055888122294
-179.428009869904
-174.496232554338
-37.122113997114
-39.618784806773
-165.259289321789
-141.529504024621
56.026633522727
-97.148837707431
-40.9981884977
-38.979156450104
-187.909562280168
-203.25975294237
-118.712371341766
-169.915682353671
134.801144114132
-175.235131730249
-101.77121451682
23.147915398404
106.462391774892
-113.43501314766
109.460227272727
-180.086018527913
-197.485590418696
-32.49312531002
-41.629156379645
-192.27138220937
-100.356060606061
-203.866311341653
-101.612492108586
-34.683093490711
-185.696526509515
-182.807276870265
-201.499466624955
-136.373376623377
5.914571918966
2.346178371325
-27.29059216608
-160.752455498061
-194.503787878788
-40.495490620491
-29.995670995671
-82.766594516595
-105.951290950803
-161.582000952606
-28.430375180375
-41.255230880231
23.47801466112
-92.755140692641
-117.140692640693
-172.613365800866
-98.42706642316
5.435626493732
-121.653326653815
-43.858302613185
117.66286082082
-2.876922123016
10.159279034767
-154.127164502164
-114.095488224883
-181.764958457341
-151.37281506471
-30.956168831169
-142.926406926407
-96.881284947691
-30.584477588384
-152.081681773088
-31.063672438672
-184.550427545545
-139.772997835498
-90.464847272953
-31.309232813627
-142.368346551452
-152.794761228355
92.152056277056
-155.452491573097
-171.804625496032
110.727715914728
-37.304202741703
-75.003627936733
-176.165916982323
-24.348366477273
-33.365329494724
42.84919859871
45.416957662563
-150.81058562748
-170.155831473214
-172.152888398494
-176.30284992785
-31.995608991703
-206.72201366342
-156.899330216225
-211.008039378157
-187.038670043065
37.922951614358
-35.151625772231
-204.794462481962
-169.284160663555
-179.326388888889
-33.021456895969
-74.740731111337
-121.504537563131
-197.697129639024
-85.546057674964
-183.072448818543
-140.459874272863
-26.91533428594
-178.707000952606
-158.711948587437
10.239440301452
-29.515164197781
43.416658916171
-168.825286204681
-156.095258528364
-152.60101010101
-188.436257806863
-78.025072150072
-133.69297325938
105.96557652417
-24.703914141414
-35.558441558442
-82.396366708378
-33.384018759019
-65.099309219426
-198.587043707161
-144.851399034993
-43.627435064935
-40.515499582882
-42.545815295815
-158.264589956484
-160.00765819467
-180.819707256719
-179.220861657873
-33.479597171492
-70.294823232323
-168.643488455988
-156.930916305916
-205.845078153184
-191.182457245446
-95.389798515287
-91.42134867086
-196.842900968389
-33.3922053966
109.55123676779
-0.335026464421
-33.943882885777
-166.421815109803
-35.185974561463
6.909431226326
-96.606047923431
-98.699564703959
-134.370658313041
-204.238213609307
-69.114448051948
-163.447801818407
-132.209956709957
-37.625388933983
-150.33267383658
-199.861631803526
-177.05197623557
2.971328096816
-109.376352813853
-70.936064749053
-151.089494273088
-31.141414141414
-127.872544501939
-185.887195757801
-34.374090373602
27.895552554
-170.006473073368
-42.194707256719
-153.284734904852
-29.625381183487
-178.201667202155
-193.524350649351
-26.880349251443
-29.424963924964
-164.123639435651
-107.534972351867
-156.18012505073
-81.846430967036
-50.18282292794
-39.930375180375
-84.561347994453
-154.463453592848
-199.884539451434
29.408279220779
-29.415862728851
-200.486742424242
-143.741071428571
-30.559356116973
-81.208505958018
-38.616429712865
-160.776424963925
-93.547729668335
-2.82405176204
-99.32196969697
-191.37204424265
10.494137806638
-192.708956895969
-150.771376924941
-81.06996513686
-38.523657332251
130.94122587482
-186.540151444692
-157.48088023088
15.286824720418
-35.507472887356
-84.990960807855
-200.248917748918
157.16302851337
12.839814157197
-169.102916723034
3.009101196113
-185.195805008793
-160.209402901786
-191.797368917974
-165.406655844156
-199.782008844021
-152.177751989764
18.459235209235
-130.222214471726
16.207799958288
-140.369949494949
63.342171717172
-64.698322510823
-194.921183796672
-173.904310966811
-193.943784947691
-155.628615254104
-184.013618326118
-82.683101241207
115.836038961039
-95.241792929293
-76.377275122881
-107.868867243867
-93.021101430037
-151.426406926407
28.609598355204
-55.334152772141
-153.646394892
-34.016676953689
-43.23338505028
-13.171905297394
-156.593606968119
-68.161157473169
-34.830184518173
107.702914327426
-41.813512496618
-189.650523088023
22.600458758906
-181.390331890332
-99.7454004329
-99.59136002886
-95.791203046086
-198.494568311463
-161.580184518173
-90.416756854257
-183.824515382621
-190.063381442776
-33.809897242514
-167.221660663555
47.702569078057
-172.424520737509
-172.003316507711
-28.469184027778
-130.874889379284
-32.531295093795
-163.060848439755
-31.342331659226
-112.681387676993
-165.057088744589
-36.705627705628
-135.215167157062
-128.200278454185
-171.924250174738
2.950466579861
17.079725829726
-139.471709280303
-92.183060374955
-36.440774936869
-154.02695833897
-165.694735440341
-149.920454545455
-41.019640461535
-33.575487012987
-96.895534586941
-82.74781506471
-161.460297027192
-40.785155193114
-157.946415888799
0.674353044959
-28.778241398359
95.863303796898
-24.174340362329
-170.470065470554
2.95298408189
-27.459054834055
-80.546779175685
-37.79137567077
-85.465257344652
-173.698059698548
-163.293019480519
-40.04547497858
-151.1941943148
-192.195957200352
107.532738095238
-25.027347272953
-158.451028138528
-21.023185961174
-172.068292438898
-153.829906204906
-63.383395196383
27.995619208266
-183.663489667884
63.72286128585
-141.855318672213
-158.760441327336
148.602613044508
-160.100971700825
-39.470751037157
-40.029380721275
-38.856331168831
-152.916548295455
109.934704184704
-115.875713750225
-186.657557720058
-160.725378787879
136.568993506494
-33.3922053966
-149.016223549671
82.39211520901
-134.648907461896
-189.493323652259
-77.383926105362
-49.912587791982
-176.944614603062
-26.510461760462
-192.380583880096
-107.203671762266
-29.15567153116
-156.705705210588
-153.375721500722
-171.793671226777
-81.137646695752
-40.162159753224
-192.145570521059
-26.89926046176
41.254336754825
5.961642090548
-114.686765816649
18.02472936677
-183.54701591811
-165.310613811102
-35.67107810809
-30.899533490598
7.422356235345
-170.473755411255
-170.479679608586
-174.938061558667
-162.688221500722
-3.534804659316
-91.903048340548
142.075919983879
-205.027417027417
-180.698412698413
-155.449647141053
-87.973386910399
-92.242887863005
-35.966622841135
-173.074211704095
-179.466803216315
-106.303540778883
-177.895755828373
-188.201501975672
-179.790842295725
-90.493699551317
-171.988074804969
-245.262613579996
-169.71245377886
-38.249659682765
17.074314574315
9.366542799648
-32.926095497385
-77.930645743146
-149.118506493506
-162.24034992785
-86.949404761905
40.646673205267
-138.664953102453
-27.823946073458
-93.005764255276
-42.361554298566
-50.526154401154
-84.905753968254
-169.580710142722
10.734307359307
-54.313012941919
-43.975850158956
-32.867846996753
3.013819134425
-33.646276520788
22.081361888979
-102.152569218975
-164.959706580312
-34.799492553887
-95.964383652372
-0.784451659452
-113.864705932089
45.625809222245
-86.153110344517
-70.843642902237
-206.330076363524
9.043658544147
-186.766857328869
-170.158299653905
-58.180916305916
-139.329635642136
63.056908369408
-150.811778499279
154.351002350514
-162.87786556976
17.658998255434
-178.56909144458
-29.633928571429
5.221160404266
-73.165785223891
14.110312105429
-116.733134920635
-33.683519063402
-153.121670809659
-168.186798932404
-34.996601055195
-151.801595052083
0.099386724387
-2.869421052038
-158.817390562996
-152.711221802286
-204.269931457431
-26.948170319264
106.543390447443
-36.40455334596
-161.47123015873
-36.407294907783
-174.504341686959
-25.925512801001
150.416236161842
-168.947353346523
-35.748757806863
-30.188783059389
-172.205627705628
-135.615460548566
-79.862303982909
-86.999105874594
139.971758601641
-81.181547619048
-190.328983895878
-32.01990327381
-87.019307894796
-161.376796001308
-98.544372294372
-32.697858890242
14.172018384177
-178.117895613501
-93.34642321654
55.201999768894
-55.015700391189
-164.58163245175
-44.67498435809
-145.88048065758
-187.716671810178
111.674074731692
11.565303565792
-122.688484312996
-87.764069264069
-44.168359797754
-23.790852512288
-31.106140577088
8.179042799648
-27.663891284497
7.033799913194
-177.112476607594
-200.226981731376
-119.770743145743
-174.327499323593
-32.03335672574
-75.096629309276
-30.231681702629
16.235933201998
-209.882194221794
-139.76721807923
14.176669738681
-88.801948051948
-147.86429586039
-80.251270376759
-41.129329004329
-37.82032588722
-89.129659105001
-169.101613230519
-142.297701484713
-190.605241167253
-62.201208513709
-37.556738210791
-49.664522597628
6.584886955492
-77.871552438447
-30.070263883252
-191.62507750496
-167.694534632035
-180.004710187816
-169.209874272863
-189.690532910015
-96.020910838294
-2.734016363411
92.616231370626
-145.530833939281
109.084984893579
-195.75296843998
-32.031024531025
-164.59918591608
42.596137505073
-86.399613461625
115.40321074867
-32.652605153093
-107.522997835498
-44.223033910534
-150.577749453238
-30.622462064845
-163.756465322872
-107.276424963925
-155.346660663555
50.674082482188
-39.274412653319
-136.066468253968
-178.273907461896
-196.389540635146
-100.166769536887
-177.896812714196
-98.85978648088
-37.637474071068
-184.932276870265
-34.324134199134
71.230346855835
-28.293650793651
-36.867334054834
-31.171647417253
-138.317993692505
-168.090610344517
-173.813422309028
160.437770562771
-149.884108946609
-198.557457245446
-38.792305730294
-89.654138342127
-72.128607503608
-165.927038239538
-74.69705988456
-186.858869103986
64.869769119769
-61.198946073458
-35.36562049062
-118.692751313357
-32.741079179067
-38.275711213699
134.189373506268
-47.137917258523
-30.209868988433
-41.350378787879
-32.735126798115
-168.435064935065
-149.891664271059
-160.015602453102
17.399871341766
-167.798062235074
-43.958796953914
43.901327025839
9.291937229437
-30.962113461625
108.791022670905
-83.121815250722
-38.640664457071
-174.603625541126
-178.239275427264
-177.498438627345
-36.518807635507
11.137203508297
-193.926316738817
-32.867223434118
-181.918400664006
-203.494240676858
-166.338100592983
-95.051677489178
-35.589275497723
-147.213051271645
-187.816738816739
-205.297897360886
104.464022902011
54.244859307359
-33.331176581665
-124.01711520901
-30.648711585723
-32.449765512266
-165.079635642136
-102.201868010462
-177.172590863997
14.730759393601
3.406655844156
-161.497745310245
-5.998577431683
-167.227362914863
-97.147747705853
-73.917179608586
-105.202180144075
-185.24531024531
-79.390885698503
-200.206439393939
-29.800958454523
-150.282475282964
-142.947593259605
-197.757547573954
-0.323392265287
-158.693640506629
-170.721418284407
-124.446859076254
-168.779769655258
-149.099727041622
-199.619929061824
12.031593840188
7.827102639114
4.183614183126
-169.28536128585
15.422430921943
-143.807429061824
69.568279756268
-171.041999233405
108.434155308667
-149.470606596095
102.240179769232
-33.4662825239
36.642225829726
-82.208132525027
-34.993949680961
-150.557269119769
-39.211301773313
-194.277798210904
-77.037608225108
-25.839195526696
-175.35589291351
10.108433667027
-152.720418470418
-27.732753737148
-34.951298701299
-205.762092887581
-152.75381606241
-32.360652422664
-73.13455988456
-60.94506800708
-184.635802077697
-96.634850880456
-185.391594516595
-168.152417027417
-167.618436739042
-86.418622610029
-39.955078829591
43.552141109758
-155.430284992785
44.47008590368
-193.71426528116
-172.461662523674
-193.655315712933
109.968462527056
-172.425435296041
-79.104499233405
-179.074126448638
-182.03651822353
-31.250618630501
-153.30476430037
-48.530831473214
-186.141963017451
16.660624098124
-140.335497835498
-184.223595469201
-137.955529767541
5.172168109668
-153.366432178932
-176.031836219336
20.763324864155
-189.143398268398
10.816468253968
-155.873183565566
-210.141844646239
-196.034078226461
-80.214917027417
104.465290460408
-38.017135642136
-178.046328237734
26.548709049197
-160.231880044868
-168.82694269706
-161.690746753247
8.937327375316
-130.889347577336
-34.03870315882
48.494668715616
-33.174363261521
-200.217171717172
-40.311147186147
-203.984425730519
-123.342705092217
-26.761892079275
5.484639926046
-39.522644835633
96.889179884785
170.074474516369
-45.409820160308
110.232261228355
-138.54988148787
-159.932158499053
-148.081820577426
-142.07216275478
-37.292650979663
-29.288502350514
-32.618142136
-31.600634197351
-142.461222940731
-153.868664498969
-91.347194084443
-59.860727991033
46.299779929468
-35.430356424694
-149.457994967484
-96.240282124771
-96.124533918169
-103.097744583568
-156.155017323652
-164.919999987188
-172.734018032341
-140.641500708689
-39.645634193957
-152.083585131908
-175.891684704185
-27.170634920635
-194.119066349184
-109.955808080808
-9.432981221363
-26.604521553926
85.316919191919
-175.637017215657
-152.491090158708
-156.881313131313
-185.179401847019
4.592554801814
-182.457254618277
16.645833333333
-14.500383016523
-131.019927921405
-29.441107503608
-45.192659422777
-36.429364386747
-156.376536725059
-180.468953202813
-198.662972511495
-34.377149308055
-39.488005050505
-150.191182497088
-190.051313202791
-35.933821038938
-31.37734858195
-99.814935064935
-159.937124155989
-147.570436507936
-81.621486388588
-28.976893178656
-151.664408272307
-31.580740396079
-182.658527280689
-179.678391053391
-184.059159354558
-81.488459693061
-48.628983347619
-106.776789418891
-31.929649975049
-33.074945887446
-153.234397546898
139.646479740115
-31.374642954244
-31.914237160015
-31.438311688312
54.158636266535
-181.407644203043
-164.750627608526
-8.953463203463
-34.661439491041
-37.02121288195
-202.254144924544
-40.053210678211
-35.115425021789
-38.875293065631
14.332995085833
-162.712320385557
-109.546347158468
-94.454703326865
-36.325464510126
-94.00452447316
-123.055104617605
-175.852562088299
-156.628701395803
-34.412788600289
-38.462410573147
-37.596053488155
-185.215995573894
108.670386860725
-42.11562049062
-33.640797921933
57.153773545875
21.993767657149
-121.754235112134
-143.110284329149
-102.988713447494
-157.69089527598
-18.364808802309
-35.717280703018
-175.586129148629
-170.690637767401
-37.329725829726
-202.426493409392
-25.269409130146
-45.310761943008
-175.880050505051
-78.905573593074
-148.062214343579
-153.411236613
-89.388708513709
-29.919748138384
31.982142857143
20.426249054087
-165.570613178512
-163.278213622078
99.033835439971
-180.881129051528
-107.636994949495
-34.110573690175
49.424407705772
10.268687629424
-196.465995573894
21.718547033885
-180.225717035379
-182.184523809524
-148.84126984127
-38.59623015873
-153.485276919939
6.942454622937
72.119517355254
-32.235551187314
-101.229617604618
-29.583765473029
-42.387725849344
-166.149166569565
-32.785176864778
-99.87005477619
-28.918902558166
-34.766327658429
-38.433967590332
-139.72617538254
-96.114000818602
-43.889696872596
-100.595927693971
-95.502450158586
29.002966791348
-182.901785714286
-146.565750457852
-149.565652861052
-30.242582114744
-38.470440973279
-195.388257575758
-28.977272727273
-177.76920995671
-40.09604978355
-187.008505830861
-192.836598884836
-38.426497113997
105.789663741427
-81.015129012291
-92.685425685426
111.511814574315
-23.207792207792
-29.314578019179
-36.210065695803
-94.984292265657
-59.62977994228
-41.085336258573
-206.197867868267
-201.051673784572
-139.694061191223
-97.370689793927
-154.642680472282
-108.845253188889
-38.622903182565
-151.084937911701
9.706010958849
-189.15820412684
-174.817464022065
-35.716901154401
-158.665497932599
-170.798881673882
-177.358860125961
-191.181634102033
-192.895994910258
-146.223860692496
-156.586403416005
-155.226862000525
-137.537266273003
-36.966810966811
-173.666576479076
-147.455154264816
-94.044646561748
-136.487986252249
-183.786777738541
-26.76400157934
-128.106582933346
115.375811688312
-33.171281327417
-12.771663819901
-94.280141453378
-34.526962384861
-36.168376526275
-193.10588023088
64.152127666391
-101.038619086856
91.830248157011
-137.818087925987
-179.671251140116
-40.500071389335
-34.523805819205
-190.10822140362
25.13498831965
-28.699404761905
-88.723214285714
-137.354636402873
-211.455699094962
-41.892748157011
-96.713477730579
-40.159609531771
-143.310064935065
-35.357593795094
-25.768056316293
-156.308509243171
103.175626867605
-169.565209332311
109.265673842437
-151.564551811714
-44.672893314995
-162.475194708093
-25.457987676623
-105.561707109944
108.246587965224
-40.994066417303
-79.320620587722
-130.466378827116
-160.761728091329
-37.214466089466
-152.798866580231
-55.267586580087
-33.369855602754
-152.761544011544
-135.16098855309
-151.11110514411
-131.967336998701
-148.309862057024
-32.837034729136
-39.921356421356
-112.922419874183
-86.005230880231
-200.867803791041
18.970328282828
-76.112264751528
-43.384015054414
-154.304920537819
-91.996666763768
106.615714382816
-39.275000760738
-92.381403318903
-33.354873073738
-101.548502125265
-165.220238095238
-25.692644397246
-105.706980519481
-190.537269977608
-57.099931554533
-151.526875901876
55.708694083694
-190.774805291907
-153.301482020346
-144.048607406506
-96.828027359163
-142.546104656842
-39.78373015873
-171.308167291066
-29.974856460593
107.134189462593
-162.752235891499
-203.711035256434
-116.255497738396
155.020630455292
57.711937132336
-28.345784642824
-147.54103164893
-36.987099469998
-205.03373015873
-232.64168840879
-179.396190379089
-185.40176691603
102.8606376703
-162.35562476176
-119.061327561328
-156.849638488902
-174.061958874459
145.338458932323
-170.58676046176
-150.78136648313
111.980519480519
-86.19193428557
-148.39942574329
-177.910530205929
-81.519912659176
-42.614609628873
-104.845512362614
-188.800140595539
-40.347691958429
-83.784271284271
-32.058189793927
-152.20939678616
-38.578357922222
-186.760931496668
-164.461016458178
-176.922077922078
-136.70445156235
-35.307169805529
-127.43021360345
-155.410605299868
-78.619953199554
-159.264637863137
-172.051425724663
-83.58170995671
18.19255050505
-23.911541067677
-119.840349167112
-154.655408311544
-97.276718029556
-142.534902597403
-181.266865079365
-173.377239596104
108.098304473304
-28.341559202296
-23.039393178656
6.108514469251
-110.731956514961
-157.568076536941
-153.253333236232
106.062770562771
-36.689397643999
-160.227182539683
-178.175862096261
-155.737212160449
-30.718969501974
-142.02432814649
111.450032370431
96.432806540705
-167.849458113721
-32.635822510823
-120.004776237675
-200.069820288456
6.305266194529
-90.134289321789
-169.771479740115
-204.617063492064
-35.52164872625
-156.514445108081
-156.003953160318
-40.63264714691
-140.482127763492
22.591973088692
1.834036580756
-157.181908369408
-159.855683958376
0.707864142084
-34.260008466536
-163.716993697966
-92.400254881227
19.711559477307
-193.219139946832
3.003158921631
-31.645849230658
-192.508369192589
-87.058804664777
97.760490230324
-169.783982468202
-180.803300865801
-191.612084921304
-4.486920443448
-196.822165969474
-31.318614502834
-168.216901154401
-202.491522366522
-101.664520417801
-94.046626984127
-179.230771789991
-153.825487012987
-174.543632540352
-29.965388574642
-31.083405267625
-116.252344877345
-168.923428379956
-140.762085137085
-41.354881396713
-155.997943938725
110.406382925411
-157.120238311019
145.362933116214
-43.823121526369
-129.540316208788
-81.496665415138
-33.047711591184
-153.041195119442
-161.358134920635
-177.456279628033
-89.27343052015
110.691098376958
-85.420456901429
-134.869302284494
-172.099224602505
-154.556836435117
97.727571759905
-207.793308296589
-34.597941366969
14.259828091356
-132.887101034409
-30.488293866575
0.206078643579
-37.00694208847
-111.276873545901
-163.651265198018
136.26911976912
-51.063832204579
-194.240710678211
-31.843542784323
-103.91791103963
-158.783840955594
92.087391774892
-38.070635136416
-187.729092376401
44.048157817186
-185.300505050505
-204.87312195793
9.480808296589
-145.68712099634
-72.378406519154
110.218783611171
-100.390262312015
-33.631836003555
-130.599113805642
-159.850991847711
-25.912136677884
-5.966648844929
-162.089285714286
-38.62182282507
-180.458042161289
-200.615009786763
-179.776045960265
-44.32224025974
114.891883332664
-117.242426598399
28.598503101784
-151.176319094791
-165.361203654676
143.449675324675
-150.043488671769
-146.596861471861
-43.188131313131
-35.861471861472
-35.141504329004
-191.757127175599
-89.303555531247
-35.621374243094
-154.959868878341
-178.370398076926
-29.662177896431
14.001822005103
-169.193163564883
-84.291215728716
-27.76695762293
-171.109201274393
27.890866245198
-37.49729201632
-157.210229628702
-127.133639755359
-35.09783292608
-184.594696969697
109.63143414474
-133.542117604618
-46.660652567986
-207.607233044733
-101.316849613603
-45.821356637137
-30.609323256632
10.895724892444
-35.350087615835
-16.336379102126
-29.74503968254
104.680375180375
-129.480426936955
4.776172654453
-84.288527088248
-174.267480495172
-156.19424345999
-100.560966810967
-107.688582251082
-34.608495670996
-153.96222965301
-153.347041847042
-43.269302500275
-139.24812666988
-43.033746056054
13.97873162604
-178.882143072924
-92.724907240654
-94.828282828283
-36.667480710953
-151.353787663007
53.982323232323
-107.279960533241
-25.564412192693
-174.816105147633
-43.289067123875
-177.941646273174
-151.846701705955
-36.914592352092
-201.884722006441
-115.782104426132
-154.652218398938
-37.925505050505
-151.579723473751
-44.404220779221
-29.737986797206
-191.109864382173
-173.627615440115
-162.934995356748
2.666125541126
-103.419372294372
-134.226643770116
51.616450432231
-58.082900648681
-159.580357142857
-95.827001948721
-164.126803751804
-194.662608225108
-189.553370444118
33.591558657339
8.147979582199
-140.062768206796
-115.357320876349
-138.638357979911
-163.298590501838
-190.326569264069
-184.648647401928
137.902867965368
65.798611111111
-30.307722413695
-147.227182539683
-161.545815295815
13.241504113223
-98.461672630145
-136.699603390384
-105.655140908422
-161.396751106559
-155.659891114778
-93.011000530028
-84.191648629149
-89.809884559885
-34.555537302257
-178.106511544012
-195.115079365079
-182.535912914194
-53.072258513039
-111.220418470418
-188.714842737151
-113.556908369408
-77.634680897987
-146.026968445441
-36.178391053391
-44.367769095461
-144.767695020976
113.217604401824
-93.448879533688
-179.547080278053
-40.721304448996
-160.95407861927
-38.176661591853
-164.443993506494
-191.257485569986
-31.526976306029
-149.717622655123
-30.956908585189
-95.282629654349
-81.013886532914
-127.753246753247
-152.202022557995
136.283101201573
-110.473124098124
104.009918278946
-28.599587708841
-33.587572150072
-102.342264260737
-153.271284271284
-177.489519986239
-171.673698942727
-144.637355699856
-29.678643362863
-42.141955266955
-153.146825396825
-84.906367028086
-28.429184488404
48.272459065931
-108.607505963478
103.754329004329
54.292385811414
-198.611020923521
-103.468515404375
116.861198942727
-176.054380760908
3.482702235983
-84.221493950826
16.705195020976
-147.397817460317
-170.757559860252
-47.908367052395
-193.92495244234
105.47909708835
-30.362842928624
-149.835694108002
-89.544733044733
-168.30499853269
-35.872185931405
-96.953174387394
-83.280934343434
-153.173502670222
-137.655663780664
-193.073139779668
-171.56006729104
-94.854953331005
-89.64494971073
-141.486670489951
-84.488564429345
10.022991064823
-153.627888358861
-29.405582719723
-105.345060076032
-191.433333117552
-81.401084822838
-162.648358585859
-107.836688527469
-155.069805194805
-33.093795093795
47.220258704512
-142.226803536023
4.249007936508
-152.42720036142
-203.921714815743
-198.240007430788
-31.353373231654
84.963744588745
-39.881504989118
-165.202940331221
-39.587750169278
-163.55358968187
-200.69058698734
-168.08676046176
-164.46654040404
-37.941277662225
-28.378875710403
29.97527034699
-88.717097426906
-196.747095743815
-91.304831698859
6.819921496283
-206.51172203075
-2.159794156514
-34.589285714286
-172.24990981241
-162.496462074709
-80.395650602178
-158.421918156171
-146.999840234093
-96.966921763675
-74.632645335892
106.448863636364
-36.998899495619
-176.353195212448
-36.865618134646
-25.340203487512
-44.731962481962
-29.930985884233
58.662085352866
-143.203571644352
-191.571158008658
-10.224745118773
-170.076278092025
-182.030823546571
-33.403048340548
-143.57243888822
15.91107739205
105.628609859582
-30.80593691519
-160.603442809971
-142.590746969028
-36.046895190923
-138.804653679654
-191.643756662784
-86.074864826505
-33.336832396052
-148.360047113328
38.474215475856
-191.347871788652
159.528226359754
-196.704076263296
-168.285786220006
-136.413796561105
-109.667926936955
108.845253992562
48.053731370626
-38.457980333469
6.971464501143
-33.412227041622
9.607511358
-152.284381904987
-164.273461456079
-102.42506186305
-125.057982869995
-35.53172559862
-33.304555741567
-36.534734904852
-82.791035353535
6.727904040404
-86.820957200352
15.352806102318
10.032196969697
-40.125360750361
-29.352342481737
-32.464466089466
-51.57224025974
-199.933080808081
-165.216700346095
-145.045093795094
-42.848948469066
-148.231491110886
-191.39908008658
-202.059966996979
-44.188824630231
-143.735778544372
-158.135129193723
44.523170460182
-63.130674067686
-169.529663966676
-37.0558056852
-160.252447747565
-32.484026579974
-9.141226015738
-142.617764559659
-33.163440346546
-152.864066868461
-34.61553030303
-181.146472396961
-154.598116347628
-172.078553391053
-151.658890100785
-60.8076171875
-38.460026464421
-63.883367012762
-196.222755597267
-93.025141904536
-207.933810059298
132.979527417027
-117.038427663916
-173.598464415359
-144.601829539818
114.110111297123
-52.7405176204
-151.421724922213
-164.394939207928
-36.645001211896
139.799304428211
-104.904962713068
-177.590728715729
-160.093983219471
-181.06658662518
15.589257244424
-179.257194574089
-107.468356838474
-96.210124402507
-34.376873506268
-156.851633663645
-188.600030720148
-164.482142857143
-138.003767445662
-36.756735885642
-30.135101010101
-180.362886679293
-136.366792929293
-123.243588930601
-114.725559163059
-77.92966143015
-106.196428571429
-32.082944399351
-32.020029395518
-164.165736607143
-185.09526627886
5.109884705206
-65.266073824179
-32.869518990124
-40.191676812771
0.535915094021
-138.077200577201
-84.542486105474
-167.456542264159
-89.748840243957
-32.388146955041
95.132096349763
2.665556231962
-27.435876623377
-30.563033375045
-155.475801542208
137.209698829816
-194.298520923521
-108.794442048837
97.847570289953
-97.602522856917
-41.264319393714
-32.508379695391
-177.741973304473
-174.409832842938
-48.089285714286
28.290133477633
16.603445165945
-174.153569032964
17.835920589827
-35.020493016098
13.944354256854
-35.543019480519
-176.033431412338
-194.56509500699
104.842073779085
-42.226829539818
11.020132265738
-182.083346015963
-188.592823463429
15.737822209258
-37.336752711264
-180.669482915088
4.840097402597
-161.224845412834
-198.03155790607
-40.39134438695
-162.093975468976
-35.353535353535
46.541826322481
24.604328788548
-181.989275427264
-30.475469261709
-188.775731646825
-155.092872784767
-136.077929828418
-153.539924918831
-42.122897501804
10.53094209393
-177.032467532468
-32.573433131539
-29.91524409835
-27.695366753472
-81.734397546898
-107.853354978355
19.071317950712
-97.8623941705
-82.356679236562
-177.061229623241
-166.656377530889
19.841339595734
-90.032537286932
-191.714097588609
-165.419733044733
-53.190586811192
-161.51521351912
-96.827442956349
-40.448835452742
-146.843983219472
-38.833062770563
-34.838912281295
-99.168130101236
-41.85310484871
117.751886188898
-79.725559449299
-90.900330030213
-170.124847808442
-154.513327330222
-53.781996161391
-40.625561558667
-92.068251572646
13.635752756358
-19.5444522654
-98.214203277192
-92.472492784993
11.071580762987
133.292290229302
-142.406122469111
-207.07597681351
101.237976866883
-102.694805194805
100.854895917884
-39.989960993867
-39.351821789322
-180.053264645443
-32.799693362193
-206.947601010101
-76.295823046311
-29.022899897412
-33.060322815206
-36.344758973665
-197.88178450239
-179.406357097763
-127.77607196406
-171.18653612013
-125.786997345103
-169.249015687004
-181.341733461851
-138.217101962707
-154.744019435426
-143.933634616252
-89.618534677128
-188.457619583108
-30.064664502164
19.093712656701
-164.893689264295
-181.602272727273
-39.839945211039
-159.712572150072
-76.555944489538
-133.970578412473
-33.054202741703
-2.789592352092
-95.401437646555
40.782196969697
102.839285714286
-34.243604431593
-188.45975590165
-33.21626984127
-25.032988224883
-169.597603405709
-88.347485034497
-175.444366939484
-167.480692105204
-162.472771098259
-198.4979052523
-29.798229927624
-123.368117559524
-116.674803982909
-154.936167619273
-43.92297979798
156.48088023088
-32.361082927489
-36.032467532468
-94.602362914863
-90.487726737238
-119.643148138754
-36.275170088158
-33.406026997091
-165.869699365305
-39.884206884695
-91.13637138686
-201.310237559749
-35.971771284271
-38.769923706935
-40.115411931818
22.929210492199
-198.531926406926
-183.504849696744
17.512716450216
-153.044310290404
30.601358168741
-90.191295915524
-179.073523319129
-130.95879202178
-29.741592120987
-174.371302308802
-147.081547548589
-158.351468789457
16.254406509289
-155.099685470779
-176.657848715954
-99.186507936508
-103.990780432675
-85.248023623512
-96.957251082251
0.698240073728
-4.111464110976
-132.208874458874
3.942738630727
-159.829803334686
-100.924312178707
-27.79903386544
-35.628447561553
-107.779568846952
-205.340187590188
-169.982766419778
4.642334270615
106.017967763573
-66.983946608947
-34.281295093795
-31.508469882982
-137.741965553977
-85.4758170432
-180.05779756268
-31.991702741703
-183.330898268398
-49.878336940837
-150.15863997114
-146.868076274921
110.526242122678
-175.874286249774
-179.352981545364
-166.714528093434
16.16263640873
-180.86038961039
-31.505681818182
-164.066751499369
-149.160784040179
-37.016705137311
-29.518771701389
-174.754398758793
-196.649801587302
29.052842177354
-25.339195526696
-155.565414472748
-105.835879018984
-32.197892005997
-37.0845882091
-37.130037822421
21.697518573007
-158.714806406701
-95.152417027417
-153.671897546898
-91.065927128427
-176.723062094156
13.20601663961
-94.456810360863
-36.777785528274
-187.842512034407
-85.365991457544
-0.498446377841
-37.927107994003
104.399974211986
-157.537878787879
-180.47409572849
-182.372925685426
-154.413149350649
47.017213147096
-29.920093795094
-78.118658685065
-37.036616161616
133.978174603175
-151.769021831034
-163.911948728355
-190.435183306277
-150.975912162924
-169.261031069625
-162.683240750135
-39.432872249278
-89.851399034993
-177.298549107143
-189.268952076569
151.177038239538
-145.381333564439
-24.815739002751
-106.103063982459
-161.574855699856
-25.439775122881
-192.414960852949
-200.46895503585
-43.901125931293
-171.978612858496
133.196797072285
-51.974829911842
-31.811479752886
-176.074953637942
-26.541506724612
-32.295274170274
-26.731679236562
-193.36839587279
-180.449072195166
-142.979014475108
-32.896485079591
-197.487907112419
-42.55303030303
-36.975476725965
-47.354957921852
-185.303403736021
-82.381854256854
-177.21512358254
-33.813582537322
-41.991792929293
-192.50668163217
-46.8529117909
-174.501463434569
-158.832542078148
-132.155380535263
113.672459105565
-191.756403318903
-35.989280359398
-179.864829235435
-31.947510822511
-92.983343479437
-45.449412512401
-2.007284761679
-29.212128962617
-40.860381859894
-92.268779451885
105.582985265602
93.72113997114
-24.174000331334
-169.962031024531
-85.000450937951
-185.846570475965
-93.048951428346
108.567702696609
-96.640069078057
-94.039764976777
-153.116604803617
-185.392323767812
23.37908662518
-42.365378111472
-174.759359076254
-76.941267445662
-201.829447516459
-175.106601731602
-191.72323471884
-108.792686913781
-87.038682725694
-186.319161199044
-192.552120676632
-30.850837476326
6.670212166306
42.676677489177
138.46340427151
-183.116161616162
-193.518127705628
-36.631313131313
-192.076886439908
-188.52408008658
-36.394202206214
-90.397103710092
-163.212100778995
-149.252898685516
-38.779872525478
-180.903416841405
-91.506050319039
-100.229617604618
-139.715527907422
112.475177979572
137.715367965368
-30.677486711422
-185.029138342127
-35.515983636589
-89.257998511905
-32.415646419553
-40.84117965368
-161.001254875767
15.962724341631
-179.817751313357
97.030764184817
-94.843614718615
-28.693813131313
-169.546815109803
-206.615628241117
109.410090723079
-169.721881904987
-136.189102943497
18.493769305781
10.713461343344
-182.020222453328
-89.463806592713
-167.69237012987
-181.029060837166
-31.461121398133
-85.806707561102
-27.368063306052
-37.925131617514
-151.965105153093
-192.43490499301
-157.921704489087
-185.825396825397
-94.535340852724
-155.100899480294
-103.332000952606
-162.316009565521
-26.400092583198
-25.42162451806
-190.241148933532
-158.650010146104
-48.514638573232
-51.675505050505
-194.442362379374
-186.285616347628
14.095307849702
-42.65386002886
-148.373036306142
-144.802661802174
-189.254148629149
-30.86334536774
-27.02904040404
-138.287968975469
-36.976551226551
-25.386822324811
99.056534936418
53.288210782138
-125.186064749053
8.84422559862
-164.703213073819
-172.302308802309
-27.092450030438
-92.49407580267
-137.04895607424
11.74243199292
-29.18472461783
-53.476801356196
-10.838010405393
-26.743333868822
-158.448330261319
-168.995650562545
-28.23862861314
-25.782848715954
-35.379878166606
-165.579475700081
-193.288309292704
-27.25765819467
-154.653318903319
-52.755702251308
-159.874007936508
-187.700909767316
-197.838772772367
-28.374090373602
-153.633485383974
-87.114911672529
-138.920274170274
-201.639458198052
-8.01651236574
-155.304826304338
-146.13864650974
-28.438594933712
-189.352293160399
-150.818604572511
-161.334304963699
16.63742545432
-187.554460621843
-36.116084111201
-196.181284806773
-185.602453102453
-36.362221545815
-161.798520923521
-153.96914809366
-165.032447099342
-28.468802844291
-79.514179884785
-90.453643578644
-80.970516408505
-63.948655077561
-178.814664502164
-183.952811457206
-177.826659451659
3.79329004329
104.998116277169
12.991264486382
-102.45280370671
-162.090458152958
-57.147386955492
-64.810613811102
-134.77121451682
-145.942091816604
-40.32952502142
-31.556905903341
-36.591983591495
-38.871933621934
-143.229797979798
-193.005759323142
-153.23269173318
-189.089092656475
-48.217872784767
-178.233232858721
-75.616952871347
114.011737069354
16.256230980459
-35.967905900523
-204.873294186282
-26.270209770698
-170.967089280078
108.423791486291
-167.230171412789
-178.230441975559
-80.298902107008
-145.866620304609
-117.336198903093
-84.355166480655
-39.685766002661
-75.926316738817
-80.274178024666
-199.076388888889
-151.158086162969
11.55312049062
-171.888708513709
-151.431838614944
99.914502164502
-156.072503072015
110.224476911977
-149.072863822376
-199.159160663555
-163.830238771645
-35.318722943723
-195.897546897547
-33.971951659452
-143.427030489042
-35.794101731602
9.26155176204
-69.910997531115
-83.124396870491
-155.906753782242
-166.871474933487
-163.04510154559
-150.523649581755
-93.326388888889
-159.539223564996
157.466630591631
-99.358753551136
-159.646977588384
-184.514077014565
-170.109384864268
-161.074314574315
-179.867604617605
-114.279573779086
-42.054465553977
-108.19811395202
-98.703803520698
-172.555485801091
-127.184072871573
-182.663489667884
-146.880960131448
-89.300316924829
-182.216999092487
-78.882916074811
-34.846652913059
-41.040584415584
-76.134642321654
-33.400350463339
-18.848358440537
-168.772095959596
-186.587391774892
18.930297675415
-46.714826839827
-43.31727994228
134.7904117909
-90.558441558442
-36.031114718615
-81.655844155844
-164.482271907305
-177.196436321925
-1.132949190566
-101.660276030393
101.248474561463
103.795266419778
-30.547791672303
-34.534451659452
-162.495482869995
-181.397456709957
-192.959616392722
-115.100288600289
-80.466782783189
-42.366813362419
-143.244506307495
-32.014257389746
-24.221348529942
-31.849456478851
56.100461224973
-109.906503652597
3.671827792433
-160.72305434366
-149.402667157062
-103.636626448638
-29.127092567873
-78.599829911842
-40.192898572781
-106.269181773088
-35.013347763348
-35.428272682179
103.325765326254
-151.511433390828
-94.733225108225
111.276432714421
-39.040223665224
-36.413149350649
-31.980256668245
-109.877136318543
-176.424901920996
11.732516290133
105.320529161594
-42.328721083604
-72.854014475108
-41.181547619048
10.334706580312
-199.972763347763
-41.976079855474
-102.253517316017
-33.370392682404
-169.744871989989
-79.44609600469
-95.610860981466
-168.906578339196
-88.626172438672
-169.096029350424
45.76234794936
15.438481846929
-39.723775844381
-96.995122119634
-41.801484431367
-148.707799958288
-159.505952380952
-191.408260108761
-160.066725781814
-150.924152236652
-35.75315352711
-148.076301739845
-89.354636716636
-198.708439594395
-31.855986491942
15.724924811381
-110.450319672732
-69.45689033189
-197.043019480519
-100.32405118956
-32.477527216571
-88.560802509258
-159.848768446181
-185.452187542275
-36.036271484727
-36.91026638631
19.367417064408
-41.192102605646
-36.015809118318
-29.189828803873
111.733424595424
-28.185316385817
-116.829564566564
-188.235840548341
-87.073670226258
-188.110028860029
-159.897082924671
-30.191903118447
-179.37230740722
-65.329290965247
-112.779037365494
-75.122381521338
-31.094803230759
-25.619047619048
-35.526711600167
136.595408253856
-36.837034063078
-89.076829610277
-53.516414141414
-84.505588592045
-178.63437950938
-143.932446456403
-56.3899000644
-35.461505972462
-156.746305347349
51.006844040291
-187.123737373737
-151.846317307774
-32.670650994107
-54.142282549265
-34.458439594395
-195.319640893097
-83.517228868273
-144.189558241102
107.267586580087
110.3582120733
-163.861829573286
-181.934359507815
-34.14973051173
-95.298144099688
-162.562577152665
-91.320269167681
-160.382392343849
-15.828662690662
-25.451662490206
-181.165204553205
-34.008841422385
-27.661329525374
-163.902594364051
-34.297165071121
-46.681096681097
-184.360463724508
-98.473768446181
-30.840354930443
-44.206532620076
-161.533656044612
-186.021393570893
-51.944518558563
-38.688959074915
-165.180210878667
-33.982867396411
-102.470492584537
-40.568288079244
-185.32613439959
-41.495419544919
-101.268201819746
-149.363636363636
-31.416560405605
-178.461038961039
-119.214720578765
-46.239541278085
105.448057804961
-32.032560758604
-146.963583325583
-163.265151515152
-99.664785762198
-27.707412345413
-35.73167584572
-87.260735361779
-133.702004128548
-150.125344676889
-94.456062570107
-122.667932331476
-1.238906926407
-160.753249791794
-173.546066746567
144.344713043169
134.380143731187
-209.411512939101
-150.002328803873
-33.397183108639
-145.398377697877
-180.19157451503
-165.015167588623
-33.365456188912
-160.720041646586
-31.979530455574
49.558242071243
-91.440946240446
109.707521645022
-34.953479276935
-36.977816891361
-129.239068189569
-24.725037149537
-4.361381673882
-100.518759018759
-192.291921155965
-153.083964646465
-97.905316065228
-188.887757668764
-174.480248917749
-92.965010253554
-140.222850496807
-44.388167388167
-149.660968775013
-159.879077553577
-153.162518037518
-39.120020570521
-86.164749475785
-40.37976668717
-61.029217740674
107.100471793831
-34.600037149537
-192.854269889182
-149.31069320965
-114.370580808081
-181.323950785407
13.92766955267
-38.777851891896
-181.16749442845
-160.954023441023
-89.492159536563
-200.880684856729
-139.937049062049
-124.215458152958
-168.882649871694
-26.168560606061
-86.079632603589
140.650159299116
114.951810498258
-181.505768967225
-209.580086580087
-102.169181702629
99.069347078838
107.53615218874
-34.773071949616
-74.298289113231
-187.281098645143
-170.722779421235
-28.036960838505
-182.861559010515
-32.781014314462
-36.670815295815
-54.226824827869
-146.851171364172
-32.832147859736
-166.311234335191
-170.358134920635
-155.416847041847
-147.255865231909
-97.679099299003
-34.681167756668
-175.913886924843
-199.203940431449
157.398096918544
-148.415326887739
-41.577380952381
123.059704184704
-35.945690997235
-184.839543242131
-182.319392436855
51.116161616162
-109.848020875609
-92.614196601196
-190.234397546898
-141.871824322325
-158.61299201558
-113.514262674175
-186.735460685961
-95.386002886003
-110.857246079658
-145.618490420035
11.169462481962
-28.604794941251
-181.66810966811
-86.842261904762
-170.367894292394
99.829349005893
-163.63465007215
-179.724277424778
-161.134286283243
-76.258300296844
-135.080250881795
-151.423504850049
-92.844890379802
54.958532820532
-163.113997113997
-196.333768197812
105.176613591622
-101.749082050626
1.28735373581
-165.041218767262
-185.810512834469
-106.947587975176
-36.722399558856
115.507114603062
-168.483063845063
-190.164141414141
-179.658117957617
-19.247291333748
-87.04500664605
-87.822964799008
-75.556096681097
-27.17386560041
-25.055735930736
-185.509756333212
-31.262822711279
-30.766414141414
-172.508925532882
-99.202654553698
-43.940476190476
46.746676094088
-160.924351723851
-189.550054112554
-59.833081882581
22.655579449983
-50.251082251082
-78.145379356836
-37.177598477098
132.830189802602
15.854265749713
102.096304272848
-98.151512112968
104.944808233352
-150.825561127105
-35.222399558856
-172.568706870251
-155.45118940169
-185.049438872895
-155.713293650794
-156.943980471568
-163.505137654094
-174.721413572457
-31.21148989899
-152.680465367965
21.162047987548
-3.496482683983
-5.182826318782
-140.058348332305
-210.338094163595
-152.406021492478
-72.917117604618
-40.574762473719
-154.460066009566
-184.794642857143
-195.23287739279
-95.925878835791
6.262642336098
-40.470315247903
-90.205012465968
-85.125898837355
-41.025149302737
-32.438672438672
18.656549583094
-158.046359459903
-121.962481962482
-187.493670795215
-32.045725108225
-94.717532467532
103.776775497723
-35.395456509501
-185.997471708928
-174.480535553991
-44.238185425685
-91.273525926114
-33.033475669431
-97.590815864772
-139.810895735395
-175.605429292929
113.731598693055
-108.978164386612
-204.467442279942
23.691571476484
-77.313669400126
-33.005952380952
2.873737373737
-99.428948252404
-177.006928370973
-162.904491341991
-163.19733044733
-158.541125541126
-33.462137285593
-9.809810445766
-158.826730527231
-36.719787157287
-34.260029934529
-37.091018390518
-106.789502164502
-207.914994321
105.593798132342
-97.625920987921
-182.236108072564
-147.023358585859
-178.370742071243
-173.698702373202
21.177685626141
41.755697891654
38.845689033189
-35.053932178932
-41.038754373746
-90.016130543718
-41.960404609361
-171.007215007215
-177.75955988456
-202.196248196248
-35.33705013655
-153.699574920522
-40.649714438258
-27.880153727566
-148.664494986486
-193.560876623377
-65.384147346794
-158.69399654504
-138.311224338812
-173.532032667988
-184.805568590481
-151.927327914327
-48.432910649463
-98.533114919071
-23.517296905297
-47.104060405605
117.212108177196
-154.084702220658
-76.460333533789
-187.93693976244
103.216972229973
-195.154581529582
-191.283981609482
-171.102269688726
-40.306186868687
97.586418823418
-107.409374506787
-88.93815042515
-0.739100556697
-192.564390900847
-109.343724018224
-177.167297979798
-119.761109147065
-150.041212690169
-91.733663011251
-92.346065857022
6.534181096681
-35.490694604739
-112.539048188004
-2.623718261719
-177.968347194391
-211.416308954853
-143.357680944137
-83.17399097349
-112.485302461346
-37.849370650915
-181.113543137499
61.941561480105
51.488188464232
-206.036616161616
-41.020205058749
-179.804924242424
-193.249996961453
-109.582534679947
-32.361192403246
142.326396066905
-30.474463877052
-92.242353166853
-164.027690628734
-152.872113997114
-174.184778298822
-100.62429457275
-81.926497113997
-144.672255258712
-165.209882595838
-28.946789321789
-74.55781024531
-107.939484126984
-96.773722374766
6.025252525253
-104.847038808495
-196.874620137621
-82.80869604774
17.504077553577
-87.542926254383
-181.24386420532
83.733882711391
129.474370650915
-36.896194083694
-92.276891975348
-163.080636601083
-129.81807555712
-62.533356373444
-137.53201355597
-161.707598797687
-199.052927080515
-21.163326687283
-169.364100336512
-155.613919961332
-160.420003607504
157.609140019052
-34.947221147722
-73.476116362072
-30.116883116883
-175.992427280971
-2.566452180496
14.446592873137
-32.023191245603
-115.460577806525
-96.586924763469
-200.167942327854
-202.880227841684
-147.772817460317
-199.368957431457
-37.056727994228
-169.842007415463
-194.417043490499
55.598668262212
-102.982609868566
20.519831053278
-136.866164654708
23.100819509267
-159.572691197691
-85.363459027003
-145.099476911977
-154.662514998971
-169.516610590066
-33.105622703035
-97.327383990928
-190.402606298053
-90.223036949081
-31.310422646879
-167.774211492717
-142.054183629684
-26.896287309831
-33.464375901876
-28.899794409285
-190.391958305502
-187.138550245057
-146.157557720058
-42.82548397444
-30.86795233304
-188.29788961039
-85.214633429721
-117.49053030303
-153.491899190355
7.426857864358
-92.84632034632
-173.468270041726
-199.066287878788
-203.396641983098
16.731328130284
-106.112543895991
-34.713097202141
-100.352524178025
-175.210591061635
-32.070072719029
-182.589826839827
-42.922693161737
-37.752705627706
-169.790297779342
-29.75487012987
22.987988977033
-165.415764790765
-163.195707070707
-39.970147907648
-97.956693883238
-174.630227841684
-156.126156365201
-151.505398220486
-31.13320403216
-186.479604569692
-199.310152084108
-134.055375180375
-14.42812049062
-199.744604818061
-146.905045502458
-149.810969849514
19.359143057599
-150.658827524337
-28.375981846929
-87.830266955267
-36.102182539683
-89.801406926407
-156.132498604911
-138.513847670342
-180.122561896518
-166.282032667988
-33.160250312838
-79.334869560913
-35.410624098124
101.577455066499
116.652056277056
17.569895382395
-199.861562049062
-190.396989698534
-172.620416506372
-47.788661147609
-162.86534992785
-94.493686868687
-150.764159451659
103.260628880532
-147.747999799544
-188.093720979677
-101.085046897547
8.525613275613
71.159729400238
-70.382678980091
100.849583173039
10.845972630885
-90.037334623791
-35.090023288479
103.038964077508
-94.929473304473
-25.642403166359
-158.250808649765
-164.631854256854
-153.509286283243
-154.773970786971
-171.102559363515
-15.197781385281
-35.660443722944
8.112094279148
-50.740076326533
-182.125
-33.077410280963
44.943903318903
-194.437049062049
-35.17363022313
-40.784976711521
-195.366538439994
-31.133420913938
-75.745294171838
106.738829773742
-91.74062049062
-33.67864554269
-90.906475468975
-95.072130960131
-154.374729437229
-25.546717171717
-212.128517316017
-36.06519259278
-158.989280711693
-206.313669400126
-36.109673966577
-159.303117452074
-157.615005250961
-190.435064935065
-176.06807555712
-153.055468406512
6.551136363636
-142.163883886296
-39.408981609482
-72.274333254771
140.738395129447
-184.350201451245
-94.247906573407
-7.757575757576
-36.911435786436
-91.599042047498
-54.826553190597
131.192656766113
-88.629238816739
-199.608569785114
-28.607970618926
-33.566391101303
-103.233946608947
-136.038059163059
-31.46570960371
-162.554650641107
-45.414067300023
-40.485283349328
-83.268668831169
-175.273091061635
-172.995851370851
-183.405032467532
-155.324868734781
-167.61516955267
-155.360102974147
-118.646213195713
-31.122113997114
-34.877055202556
26.551332812289
-193.825670426714
-145.542101531146
142.522546897547
-154.917913219457
-145.384543811088
-51.49025974026
-33.730155691612
103.518417380417
-101.463924963925
-126.967339057427
-62.889246600703
-36.796340347885
-95.106617805074
-81.458858385403
-161.371305347349
-147.754312930857
-88.543399342899
13.335243346199
-72.790133477633
-150.125270562771
-196.66894046844
-110.234126984127
137.848577854437
-94.479888167388
101.030750929707
-106.458139923228
-171.398735409691
-30.005504481548
-155.303371941372
-91.135548909505
-179.596233197277
47.396374458874
-36.665146512559
-181.661889542749
-154.996228194684
153.838100240688
-163.799690323647
-189.619949494949
-183.447781385281
94.93272005772
-153.608154032654
-5.862103174603
-1.761805678859
-125.906568695112
-150.311173476182
135.559179132635
114.816107503608
-182.382488608532
-17.757485569986
11.447778346735
-106.578105491649
-195.408733197277
-164.108779268691
-152.509095691499
-81.764703615747
-197.703356942401
-27.207077885087
-38.185876623377
-46.951115287572
-29.5036611846
-44.756567620612
-34.584415584416
-170.97573953824
-80.124265464353
-197.692998404455
-166.258387445887
-27.212394813439
7.109761335805
-30.606334207378
-178.092264943309
-29.072423673467
-91.019480519481
-120.236474900019
-25.765689602146
-95.62842408988
135.980362356827
-100.54582833074
-45.533565857022
1.061040925085
-147.44705988456
-38.393056630056
-49.79854003554
110.567998404455
60.27806441402
-205.499275460732
-199.334038760583
-30.695687958688
-151.369840195341
-24.090548340548
-182.805030503486
-139.834325396825
102.370377181412
2.019193883238
-25.14491538396
-34.096159083159
-192.056818181818
-147.781401354857
-116.433367444323
-145.374095085551
-81.771912545869
-43.262559326524
-35.186253447209
-11.078898067942
-170.080898268398
-71.694070438974
-48.245058794558
-125.113636363636
-125.51345402441
-71.922348484848
-104.351928050384
-41.007286082787
-160.923269472769
-111.496769320225
-1.816181617726
-85.86553030303
-30.643923320468
-41.127257728301
46.740684388176
28.508912497957
-37.539234640278
-37.107220009808
9.246759103662
4.25162641517
108.923075842479
-110.347872647372
-167.475272526817
-39.907271083815
-150.774244388289
-39.684871524959
-33.182001595545
-17.665581377038
-136.875814726858
-190.419353182354
-173.214455872903
-95.465802829847
-129.593601463505
-144.430178731723
-138.985566947023
-159.003994544003
-136.141501290458
-98.292839105339
-69.836757423214
-133.830176767677
-179.594352292808
96.38780359926
-41.414592352092
-31.312213363758
-96.795112907112
-41.783385481841
-155.740713496573
-93.290783902783
-127.52398989899
-24.398610036611
-85.012732523688
-28.147708160709
-159.497477786021
113.53615218874
-62.511920835377
-105.439484126984
-38.387970939515
-37.565762826719
-3.075950985863
-118.924168310124
-35.566993306037
-36.994607856607
135.867958189949
-10.198319472276
-133.139864878909
-82.292388167388
-33.342532467532
5.21061735167
-25.330192841149
-27.439033189033
-176.981331168831
-88.109042653446
-160.357429493385
-3.488368839413
-33.910234019182
-7.291215728716
-27.867514430014
-149.990784792329
-36.747832459289
11.553213716757
-91.908623897668
108.525542200042
-115.40873015873
-2.863726551227
-145.811436860936
29.631761030717
-117.145289169245
-169.825667388167
8.522981762026
9.817640692641
-14.054573708626
-26.329091478048
-154.80869604774
-37.816812930857
-102.48817239076
0.263525099981
-32.727630439087
-27.084847410348
-39.841163580208
-142.184449695406
-10.064213564214
-162.098752372709
-89.862444812945
-82.194064582065
-122.212304625848
-166.97736595341
-206.93587358483
-82.376188512144
-143.002976190476
-43.49531024531
-32.474940884853
-3.070346320346
98.529024330569
-154.21556441402
-96.575664349621
-95.243612754569
-79.103084415584
-51.637156212657
-164.282106782107
-24.522653158609
-180.645292207792
-37.903753767798
-133.205898268398
-35.575055187055
-178.175163412163
-157.049628319678
-118.094442480398
-182.896554834055
-172.600378787879
-161.116615592659
-167.501800713257
-55.842529428986
-66.985853583266
6.631557404049
-95.177560253061
-14.52092655947
-87.429850128306
-82.005578595666
-195.01939033189
-158.019045655001
-41.394212995257
-192.815998203999
-32.807269119769
-81.614525204613
-33.995297210385
-52.053107235511
106.929202741703
-35.830901306945
-114.666199655244
-60.970614919071
-157.393926359014
-177.211866722823
-161.91838023088
-40.976567300023
139.473694552247
-34.583230110818
-172.976081176582
-187.870233092645
-152.107970618926
-85.60119047619
-145.192727841684
-161.972315448359
-0.356137758726
-30.712317660773
107.364898989899
-92.845147907648
-35.259037871037
-28.374188311688
-30.505702251308
-1.457354304766
-182.72503411099
103.395636884681
-98.018846167802
-75.223845598846
-37.609652036196
-37.823338584294
-160.933715159759
-38.634546849635
-3.121289273877
-36.465641566685
-146.691993306038
-40.348591109547
-142.745867444323
-37.977018237974
-157.142029381074
-30.641488255532
-15.45995367141
-198.755791117791
-175.010639097095
-31.696773248317
141.493854208942
109.109140019052
-158.453009226966
-38.011170226258
-30.889178563678
-29.251604264605
-189.281188832733
-52.679724755225
-154.626514077015
-79.330266955267
-199.063401875902
-150.41412534067
-200.80312049062
100.69056333952
-33.104710830755
-144.294082619583
-34.568887245431
-32.006039529996
105.437062096974
-162.349219384132
-42.275520049476
-41.494121733166
-88.631496324856
-195.961560974561
-7.349029012573
-79.230986491942
47.29463264058
46.137090993994
-89.879148629149
-48.092461391961
-161.503339979384
-34.563659403747
-139.407921508965
-34.368848131849
-203.159905635949
106.773790411791
-28.794990572578
-74.951836788293
-31.154310966811
197.335861624405
-80.594246031746
18.54960621315
-167.953895029396
2.349850697263
-179.656913372001
-40.089543242131
-43.131313131313
-37.802666514123
-94.521300344756
-140.998015873016
-164.475826687283
-109.700670426714
-33.942727841684
104.174963924964
-210.244859307359
51.669362077809
-32.741519327976
-186.906298132342
-107.569988608532
130.693375228287
-160.136904761905
-35.934630070586
-140.077722590723
102.272008810552
-33.471697170153
94.380220663668
-167.655032467532
-166.956242945287
-77.200309676353
-36.178404088316
101.028602501015
-123.522904609361
-182.986633124634
-35.9728565739
-173.536677020625
-159.837391774892
-156.797815496271
8.936945839534
97.9942990698
-151.620203984248
-36.476364994462
-194.03841991342
-87.123988824489
-90.23403375799
-49.693903318903
76.632215007215
-84.747636010636
-176.159886523931
117.49433425529
70.208049735638
-174.464572350528
-172.191468253968
-78.719619817032
-2.483588897133
-123.347418670874
157.700566984014
-97.584057872602
-157.905757006801
-203.264703615747
-99.174873737374
-176.767390131434
-145.65863997114
-155.249652284564
-151.059688111232
-34.984471661016
-170.335243346199
-91.866699703156
-5.960121011665
-189.495593843006
-38.132678980091
-30.274978923935
-192.136453823954
-84.760819472276
-92.284812409812
-106.225288600289
-24.304099519187
-90.115904088316
-189.581999631499
-41.267766955267
-170.729530455574
-146.700216450216
-172.462110995558
-40.168557567514
-22.438762626263
-163.021645021645
-138.469877344877
-187.767599615012
98.057881320882
-90.787518037518
43.844242993199
-123.626965014965
-46.27478551383
-211.380408216865
-187.777864926821
-160.827377913834
-31.521355346856
-27.265254737667
-148.956816217772
-196.393578643579
-154.866792929293
-1.743400232444
-178.848233397733
-134.943922430922
-27.820513660602
-104.109848484848
-162.137339626384
53.192730880231
-26.512697338198
-28.578717692762
-197.285624098124
-90.947072919485
9.79671413317
-169.692711768212
51.011257375302
-83.365710678211
-74.330099615012
-168.875898837355
98.641037317582
-169.064300713257
-97.771254942703
-35.446070859615
-39.418306116762
-26.774443875488
-41.874980887981
-150.39672217431
-80.371193009193
-189.766414141414
-32.591160541661
-175.740984279528
39.045815295815
-105.416924194512
-34.728174603175
141.511647454244
-185.71889831631
-37.519013508058
-38.194982531439
43.907273902177
-161.887082098538
-173.270379356836
-38.388705475162
-135.786271484727
-70.270363283364
-164.418650793651
-188.216720779221
-156.386183261183
-197.585675172131
-127.074588175632
9.039064261476
-183.456259018759
-75.843611680068
108.759270209771
-171.869782154694
-59.663059163059
-184.397817460317
-39.269387293344
-90.997188111232
-96.507830246874
-40.25487012987
-36.823155390752
-37.450383790472
59.180107656151
-161.665316891361
-197.906491542447
-189.883300296844
53.615366001322
-197.048794524838
-173.23149547054
-39.595962634506
-38.105519480519
11.083596718088
-104.925592199548
-33.216630591631
-79.684704184704
110.963203463203
-163.963383838384
-46.266684704185
11.911435786436
143.912147070594
-156.580994312897
-88.853789842834
-30.005127657716
-96.938028090616
-150.694264069264
-32.989180527724
-8.340821941866
-159.562036027124
15.244143663547
-190.665961239417
-35.143024483112
-38.818974394475
-167.420815295815
139.307977585565
-1.757859355271
-86.603174603175
-150.160443722944
-157.587391774892
-34.499906773863
-189.274440836941
50.260822510823
-180.672335449923
-35.303391053391
-201.863455988456
-77.877909474559
106.692282760642
-30.39926046176
11.161252372709
-76.683621933622
-39.940914093502
15.560969849514
-41.291035353535
138.274711399711
-151.145379356836
-194.301426038426
14.028228715729
104.771180828584
-186.985753399297
-97.700470939515
-38.012448925993
-83.773451811996
80.518562570107
-38.119952533496
29.539843802844
14.614370899283
-144.71896243405
-191.200680423093
-32.562219220666
-148.566834861238
35.918128780128
-25.53912534067
35.763966041554
-37.112734487734
-35.851116362072
-159.838454913955
-37.717368165824
-39.447439746939
-36.790478154522
110.094265143765
-162.361378635335
-66.990079365079
-34.127254689755
-39.883284223372
-119.819892343849
18.294375112734
-183.06737012987
-77.488562249518
-148.289573240074
-155.629496344584
-187.483750160294
-32.521197122241
-141.80527195786
-152.620854409398
-89.586386676475
20.458603896104
-23.174709435665
-19.159255210799
-87.930732892189
-38.830911303323
-171.438465773457
-36.293293081837
104.381129717586
-182.347686195098
-84.487551074007
-30.798053912098
-137.753771805316
-180.089304826304
-78.698335545748
-38.078917179961
-34.552308802309
-177.037047987548
-7.070526695527
-37.42947634302
-35.644644821189
-76.218450416906
-137.515801940301
-160.292497466997
4.418038592538
-38.030374105875
196.999281537825
-146.778876102332
-68.115965167509
-197.083967685011
-56.522098998143
-87.586924763469
-23.674622286622
44.863922999879
-161.640064366108
-155.10148015098
-205.974460838505
-195.024531024531
-40.671613949202
-126.823773448773
-30.96241088691
-68.118596681097
-158.514162490206
-86.468073593074
-153.092021199016
6.307826318782
-135.661709387753
-31.110837509794
-142.690640492185
-34.805485801091
-36.865514229558
-39.611201298701
-141.188956036368
-162.753604465061
29.009901522902
56.231514582558
-96.457969544426
-29.234039835084
-51.486578122534
-189.96942336838
-173.151512112968
-37.109320394233
-194.094155844156
-104.891414141414
-20.299351723851
-30.085752324797
84.103712690169
-180.287263548219
-100.184237173281
-38.189473910421
-162.229350080394
48.751732676232
53.867620691076
-29.243326118326
-161.576211552255
-89.463493137993
-157.763238463739
-132.359922598967
-33.624565135521
-74.855686820775
-199.885642135642
-169.561134151222
15.726090072037
-82.065746753247
-89.740891053391
-82.715277777778
-29.981044532589
-114.378440163352
-137.55049201558
-89.036616161616
-188.455720931765
-113.633751234795
154.333487418479
-146.583423520924
-194.473137133049
-28.567831284384
-89.212919645323
-21.495835297379
-126.965638528139
-155.036629196541
-195.073850601438
-42.593524531025
-98.086689386189
-32.136180222637
-84.00009018759
-7.076855900312
-142.862466963511
9.609500769413
-188.803210678211
-31.119134768091
153.272350448895
-81.851087253675
-89.11428375024
-164.705447330447
-24.478087454131
-185.703914141414
-33.464826839827
-137.117878218922
-36.026170474626
-153.144660894661
-139.012552148508
-41.538162385574
-91.938959074915
-34.358228146772
-188.084940636485
-142.952922077922
-30.812516073472
154.075921877466
-148.550327713871
-170.831168831169
-186.754682576674
-142.739177489178
-166.627167540711
8.544191919192
-38.438653326654
-153.351657487613
43.882504682004
8.041689918155
-51.885909659866
141.24531024531
-30.886978876023
-171.231981593981
-202.411722422678
-198.873631112675
-161.432171754163
-88.398091061635
-73.807558794558
-89.549963924964
-141.564503239003
-125.830537518038
-31.763528138528
-79.475903839948
20.002264906318
-189.500628274585
22.882575757576
-101.702129501629
-163.941120538533
-114.988981040525
-77.207141782642
-110.530570554527
-5.631493506494
-195.06863579468
-148.197333485877
-1.284528812117
-150.589089265633
-30.807632908677
-36.812052100596
-97.739435017023
-37.676571228115
-197.711041999586
-151.341888119476
-100.191104465061
-77.295618847163
-157.364341790886
-158.549042937043
-28.512539113583
-147.867153679654
-34.333781232738
-164.58026391672
-36.554759940716
-38.117981441437
10.040945165945
-31.412154248611
-38.100559163059
-33.731257054713
-149.188956036368
-192.28794986345
-34.960490657482
15.284090909091
-241.80520784012
-145.375827761784
-33.571067821068
-104.543934391346
44.83578447174
-36.633374190778
-26.382418854068
62.613893891482
-159.509759371759
-202.955537518038
-121.807783955275
-197.000631313131
-174.272798348299
-152.380324106368
-174.588376087888
-152.813950751939
-169.060147372159
-82.791236161842
-191.259039192145
-142.440754503743
-132.672902293019
-103.675517733135
114.697157822646
-100.10491635101
-194.005764255276
-118.742625050731
-156.787628658234
-192.072871572872
-178.946691383703
-95.729264604753
-27.797716985705
-183.949507632125
-118.116883116883
-36.473575036075
-190.168398197939
-122.870843620355
-159.746384745896
-191.495941558442
-68.179223174829
-36.996023995536
-34.927579365079
-83.955710142722
-35.421807359307
-28.677599798205
-190.038517851506
44.250120837279
-98.486541615936
-92.359279175685
-63.768488455988
-178.759101196113
-187.313221500721
-37.933781875676
-152.902264835859
-98.07033856985
-28.914494414006
1.392506609059
-37.126984126984
-28.346000462211
-34.881673881674
-45.177030489042
-161.373654936643
-19.319462411503
-116.763159637671
-41.623745124233
-30.63933982684
-99.89995377886
-36.0404117909
-39.107400737284
-156.10073953824
-152.523358585859
-78.661435786436
-27.442550505051
-86.787518037518
-195.460309709821
-36.463641718525
-107.629140878653
-39.300783363772
-32.024593028499
-83.364149305556
-38.582341269841
-175.605900664006
-184.357335914953
-205.61804780506
16.696518759019
-168.062840317235
-174.615267490756
-31.086211585723
40.246224803842
-187.368416305916
-188.917756668245
-39.788788414277
-38.963564213564
101.729710258275
-178.138347763348
-151.736652236652
-38.939012755907
-38.262175324675
-53.383395196383
-31.255882626488
-165.59585672574
-76.025613275613
-108.204094516595
-31.694444444444
125.660686102092
-161.876450751939
-136.354728225334
155.672990014543
-204.508575571564
-179.895013894526
-183.05475161774
-184.630403504915
-199.247662873151
-102.767524576118
-189.055104617605
-165.191349882756
-130.532134965729
14.705475514069
-30.514470880682
4.49512987013
-44.786616161616
12.380361934073
-156.417380416892
-30.410276030393
-38.733959291576
-30.964486522592
-71.965027648133
137.222132034632
-184.955169017181
-93.990419682314
-38.928661616162
-26.43940168989
-35.74933803718
-114.276362959957
-60.328264861224
-65.542901109307
-97.862636549648
-168.700134013122
-163.559503376398
-94.898255715639
7.130952380952
-85.028306220689
-178.786423103806
-190.385732323232
-88.900175020292
20.910193593299
42.413870851371
-144.123404806999
-191.447129639024
-22.810716681322
29.603354978355
-34.878517316017
18.730679422574
-191.575687821293
-193.772095959596
-81.352986477498
-161.025695712707
-96.316107503608
9.482400737284
-37.690574128562
-56.562126567009
113.362365986878
-1.142844460227
135.76461038961
47.311495253878
-189.949044011544
-31.578721083604
-31.654671717172
-83.743313435696
-143.122593118687
-92.930006679518
-84.930096867109
114.743895427489
17.094434157422
-20.523636899125
-177.949757761769
-35.875811688312
-160.121565121077
-81.443024342194
-92.740821298927
-143.33449802151
-37.478437415449
0.042277546672
-47.869588744589
-247.780205092217
-32.429481054969
-187.092622655123
1.878870315882
149.923709049197
-36.635912698413
48.149268212256
-45.549242424242
-30.114788369183
-165.294622424017
-161.870678746167
-30.53068421379
-174.998569681187
104.328102453102
-32.651064213564
-180.807351556863
-168.276355209461
113.520562770563
-182.262543825532
-136.994699365305
-34.128988687094
0.382766349319
-52.558093490711
-175.577661731714
-146.149608529491
-69.230138297033
-181.236922799423
-73.67585805037
-112.373799377706
-83.949234603287
-27.996655308667
-176.75668163217
113.961391960904
-92.413953288465
8.016496578508
-149.318174067686
-38.90681578621
-25.583854025749
-179.76721807923
-111.125623562635
-28.102362914863
27.967872784767
-151.013229392136
-60.287871037383
43.67488148787
-138.256210261093
24.613636363636
-39.246933621934
-192.387183075171
-158.561409998422
-204.474734792118
-162.997745310245
-195.913517851506
-204.248909998422
-49.170011358
-177.426754994138
-35.6270947477
-37.579725829726
-167.513958643353
-83.500721500722
-36.126796001308
-52.292290229302
-174.733593609082
-103.998198714263
-176.035902411391
-28.82272184738
-176.08170995671
93.74243199292
4.981962481962
-134.407487965593
-151.457431457431
-177.019951890557
39.59683328824
138.542929292929
-93.724567099567
-201.398518527913
-194.932920866026
-87.125819438808
-200.500020433126
-173.517939579951
-169.220536841631
-178.957320836715
-201.925304242199
-61.341290274396
-154.440017502029
-182.397186147186
-97.629398758793
-153.563700622294
-175.652867965368
-165.641316203328
-157.63971325983
-37.625422754329
-141.058822741928
-187.544089048972
-136.356143043155
-32.136363636364
-142.133207070707
13.774448587437
-2.746670809659
-26.289303822263
-162.056083998467
-178.962322020428
-187.238025483631
-90.668823418335
-36.850080041486
-28.915113044508
-167.844343969832
-49.098755411255
-197.34804166103
-164.653499278499
-32.889517735953
-28.368867243867
-30.438935250947
-39.767336450442
-91.132575757576
-134.456967836851
-190.47800197849
-35.989350113862
-133.57033856985
-29.850628917523
-163.190746753247
-165.553092306999
-173.028146278635
-114.832451890557
-114.737103174603
-36.885740073728
-96.776605339105
-155.017844460227
-180.687139249639
-88.772649767767
21.744197344539
-148.060155122655
-142.821797072285
-37.312257620851
-148.008580503698
-160.272338338745
140.604078945143
-204.441578874684
-167.849394474883
-33.812041311553
-180.554174558081
-35.84901822353
-179.567259509154
-36.349940532558
-34.506222943723
-38.167901109307
141.008768629374
24.042658730159
-175.064927314439
-95.308080808081
-191.45672263934
18.476932410038
-36.400252525253
-155.261886794846
-53.179280246663
-190.597410347899
-105.25983044733
-99.125388933983
-196.056539868552
-158.999077690972
-29.43685071981
-150.070155728603
-36.250791255186
15.671266233766
-140.889978890467
-41.219794907783
10.09585672574
-42.534930781025
-35.980887981376
-42.018308080808
-133.153867779356
-206.244929061824
-150.779651284046
-149.066218124324
9.592094212211
-30.812850533798
-143.996462250857
-159.15107196406
-174.713293650794
-181.739648860254
49.808552179158
-28.952478890467
-46.92010154559
-80.279122841135
19.342081529582
-157.942112249729
-187.923611111111
-105.270993275388
-157.698051948052
-32.116182049288
-134.675226737238
-40.119338614944
-166.723332656926
-200.431557835611
-0.620289812184
-89.544199669688
-31.079713147096
48.286623912112
-48.909923030528
-37.821490575397
-155.616800679789
-11.449577386589
-91.693563001668
26.783629754577
-166.924415048927
-197.469586348981
-32.580086580087
-96.575487012987
-198.269660894661
-81.802852393917
-42.145382395382
112.152208468615
-194.093622469111
-99.304182308577
-174.99531024531
-71.581952335859
-106.82424481985
-42.493075988681
-27.147644835633
-60.573142135642
-40.511613766008
-103.545524299919
-170.687028628923
-163.183810059298
-30.943112063718
-166.945588699495
-115.239981426993
-201.618006586512
-169.795627170139
-88.308794558306
-201.487033420139
-122.278130777642
-153.655393217893
-33.026543335137
-96.426296305691
-90.011706419665
-119.278499278499
151.094228064687
-154.556887936282
-105.056547619048
-37.18062531002
-95.793831168831
-144.522284085272
-81.115710678211
-95.47611297123
-159.521562584551
-137.827450706845
11.810224877119
-83.938943001443
-183.306539868552
5.219446840052
-39.684807054924
-108.718877530889
-36.01224507914
-95.729638037744
-89.80292743281
-29.232385236291
-28.88436682675
-160.400232092127
-165.667290229302
-38.873286435786
-36.60292447353
-146.212822279717
-149.688582251082
-18.172237864132
-96.148531210543
-50.794199669688
-39.677829494724
-173.439331935426
-170.92306998557
-32.832980333469
-146.700515196609
4.904298284181
-162.850198412698
-90.112554112554
-11.210518268624
-47.201958198052
-32.27991409632
-142.061077783978
-173.204653609195
-101.816189940702
-10.500479121573
-156.801739493146
-215.335948773449
-148.212855395473
-35.387863709641
-87.534832842938
101.074466765873
-34.079756479415
-196.741432178932
-202.881944444444
-147.135802077697
-147.111103360615
-162.251345063357
-84.554022366522
87.316656379645
-157.954926638032
-89.20909323424
-200.521263838158
-84.540752108135
-28.924422799423
-40.386634199134
111.532307590413
-86.989819018872
-35.724288786301
-150.788801096907
-175.504287785782
-91.409541847042
-167.581058210453
-39.137987012987
-170.028138528139
10.627893753382
-29.325737142632
-126.861271053166
-142.559974747475
-97.103645974251
-43.819792512175
-162.55066499256
-186.219725153319
-169.266594516595
-192.690476190476
-95.611229482323
-149.133835917771
-112.672250546762
-31.410103405709
-36.53822685561
-148.482663549558
-130.889229206124
-38.487816924829
113.166367920274
-30.742903363997
-190.704107199224
-134.771825396825
-130.045286852904
-22.291043104031
-188.110487548476
-35.728777732684
-157.183962250857
0.139437764926
-163.022969651876
-29.295995670996
-173.115370360976
-75.822961760462
-107.76452020202
-162.051948051948
-81.739528022975
-94.993153493642
-89.342359842848
-36.407467532468
48.184163059163
-157.916666666667
17.870150303256
-89.355449726055
-205.192390562996
-1.779158775253
12.854939954793
-35.612582296176
-194.26459770698
-32.249659682765
-40.492715238321
-27.41847041847
6.593787343299
-106.847763347763
-24.6654117909
-157.498827561328
-36.832153144165
-84.143287647682
-138.106261414367
-50.657356911751
-192.083485172596
-41.495931341879
-190.608946608947
14.311758066153
-178.244867057855
-146.988378483496
-91.076195831079
-158.422358701411
18.649711399711
-186.763528138528
-195.486291486292
56.820137761544
-3.548139740034
-170.381575943588
-154.505488760372
-97.061335311824
-150.186605874594
-181.026396780303
-157.60093259605
-153.512355699856
-175.872023809524
-95.715277777778
-179.698933390828
-175.836551902958
-153.966720779221
10.650064399576
-95.67002404063
-114.342741026335
99.111193548205
-151.686700994318
-191.822268443362
-42.382277011183
-172.442911255411
-203.17297979798
-174.068181818182
-186.050837617244
-202.565566378066
-50.281142902237
-146.771645021645
-81.135732323232
-112.098554602949
-105.380148443137
-97.672418239313
-23.463626217532
-166.578102453102
-34.723595469201
-34.687672624684
-96.428841991342
-194.662788600289
-34.323121702516
50.280040218028
-28.839633782017
-105.443882885777
-170.907627474522
-105.921544547033
-98.318563001668
-192.968622469111
-90.810343248332
-38.438221500722
-83.017594330583
104.701208513709
-45.216901154401
-58.485307173295
-36.158160849567
-34.667408600514
-134.888445701434
-199.340019897637
-156.863914676903
-186.563582251082
-31.074757761769
25.191045499639
-36.43671649531
-152.435265743371
-37.676149046266
-40.966617909001
-171.149793836806
-157.224739724251
102.685946377841
8.811397315792
-37.54634867086
-149.243867243867
-88.323603290156
-158.932830678436
-89.256222943723
-95.022797027192
-38.278749408144
-35.83161976912
-152.766504329004
-87.327311197917
-193.599299002863
51.947121888528
-29.866153865666
-207.61744467555
106.813955684073
-26.626463434569
-204.46845477656
-87.87949669688
-186.754398758793
-170.943369943858
-100.682887750271
-33.899458804
-88.882956941062
-92.541494041982
-1.325868196474
-182.789211168606
-32.227280477769
-33.851891543786
-91.554383116883
-91.267766955267
99.877074314574
-34.228522670905
-156.656225339331
-197.677398989899
73.183629684118
-85.020472582973
-92.082251082251
-153.100530979437
-110.855441975559
-31.157397778003
-46.787866105249
-171.859425730519
-203.980601917614
-74.54156872858
-161.47115265377
-32.95375419936
-39.299360795455
-36.841109899215
-187.271993089376
-134.223492598981
-152.372364126759
-27.17011422822
-108.504341686959
-135.567398313492
-120.023005585994
-79.000512941919
-151.484036796537
77.336497649486
-160.718552714646
-95.146132079726
-102.840069218975
-39.956271701389
-53.350100474612
-27.064393939394
-148.938612900771
-97.696616697105
105.754148629149
-40.559446304563
-93.374757620851
-147.161796536796
-201.576381138393
-29.337031024531
-102.535054788961
-44.176525297619
-160.548320115215
-26.992784992785
-182.334312714196
-185.414058977047
-50.093614718615
-83.472070030664
-194.101932410038
15.069235885642
-41.589798656205
-116.788863100875
-72.616279987374
-146.014721010326
-166.665576665088
-148.825937950938
-26.553751803752
-156.235639740034
-34.235541801948
-117.321441254058
-30.590270027282
-80.780663780664
-144.090470835588
-172.887376132982
-23.487636549648
-67.032367128314
-137.211149581755
-99.558990434479
-146.302607548701
-93.278762090774
-33.526424963925
-6.164742077584
-189.718233535128
-32.430277242289
-90.222229972718
-86.66340723079
-169.124992249504
-171.506661199044
-169.898268398268
-178.498814878698
-203.309784155731
-36.280032467532
-44.901584905979
14.106503793516
-28.0045995671
-162.287239724251
-157.125541125541
-33.081521831034
-193.635740073728
-30.633354330132
-100.974734792118
-33.950278454185
-188.436528369634
28.0027880648
-184.62003968254
-27.611221731827
-138.600206163194
-193.683080808081
-30.35073953824
-79.243063306052
63.35657354798
-139.020730463113
-187.440192945076
-32.574314574315
-202.310413002796
-173.873023623512
-188.82911494972
54.061969091022
-58.957140461535
-61.424131803526
-147.033529350424
-83.574203953598
-104.201040821158
-136.820366753472
-170.893410951028
-28.630411255411
-16.749791441198
-145.847971906566
-171.501172438672
-161.784353721365
-192.452380952381
-153.710678210678
-8.260010822511
-184.321637130231
-33.270560304496
-105.467630405619
-41.813241933847
-72.406364848259
55.533086162969
-187.076909581304
-80.065025252525
152.3722119352
-202.780295279807
-29.102252294147
-158.621863867469
-36.603445165945
-185.06996513686
-39.270833333333
-152.903659220554
-140.645284457296
-8.757949190566
-79.294795048701
-146.1222119352
-189.648268398268
-150.539051226551
-54.18444137243
108.566385816874
-164.643377835272
98.817300375406
-82.357676232188
-176.122384559885
-165.498389306006
-172.473685656791
-39.122835497835
-194.647637085137
85.411816969922
-74.197982193588
-19.98338505028
-179.805112368101
-34.83152958153
-157.07234312996
15.917851787969
-72.215826653815
-111.07676232188
-182.169761228355
-193.029491341991
-163.91046415607
5.661714099702
108.702120606173
-129.180465367965
-143.488935110029
-164.895825582837
-163.027326839827
-86.918282292794
116.498466810967
-80.792367734262
-158.003427128427
-19.211740028635
-136.648080272592
-161.289071659677
-145.088183030078
106.321158008658
-35.911525974026
27.312832566739
-91.965999278499
-173.867715238321
-174.669905669417
104.198335193452
-166.415313852814
-89.685786435786
-96.376976376488
-39.088924963925
-32.268037518038
-166.580800330312
-81.457153144165
11.596783966901
-194.005259063853
-174.653867779356
-99.720931412338
-159.215097402597
8.647699089105
-142.045003607504
96.055846551452
-31.136897011409
-34.347139785128
-154.271722526605
-199.022026205132
-159.279202812162
-142.531004097899
-160.602190290179
-180.228715728716
-177.256493506494
-42.23576304338
-207.224178165584
-160.076669668222
17.329344646239
-150.556068497475
-30.056289738907
-159.601953195459
-38.605248917749
-39.062139249639
-89.201126076614
-105.01563098902
-186.464646464646
-178.156032281521
-186.36066017316
-88.325196017091
-3.904499092487
-40.353084415584
-153.362726737238
-181.578373015873
41.215989061936
-164.341109899215
135.295212166306
-64.872106246618
-130.210608456214
-31.599013291396
-148.40107196406
-158.213265467172
-88.895001211896
-196.690594561688
-174.843434343434
-203.876200622294
-30.331238585633
-73.071047387942
-55.573322510823
-203.182740490846
-192.120019249414
12.70862432923
-155.523010518128
-9.551677489177
8.675226737238
-153.151757530664
-140.321637130231
-180.775515337527
-38.943071197466
-34.205447330447
-26.557088744589
-117.595160590278
-38.441648629149
-126.211482148494
-40.691468253968
-164.05841337482
-28.04407354798
-174.675345108451
137.633748196248
-157.682637620626
-37.563131313131
6.836389494837
-69.738365800866
9.082714702832
-188.653569032964
113.75565363456
-175.812249870355
-186.447157822646
-196.985312105429
3.231519294508
-31.946907693001
-27.380423938041
-144.634642321654
8.879499162946
-118.453200391189
-30.321490575397
-31.674505236517
-93.550236953801
-192.020923520924
-30.413981472087
-35.997412743506
-150.469627215233
23.376783318678
-151.123647186147
-44.096328096816
-137.204926638032
-154.066385816874
-98.496405179022
-32.32042875744
-26.966548154536
113.908737909226
-145.799422799423
-85.031503652597
-164.564053622159
-30.702283014295
-122.362453708401
-165.229334359217
-157.24731480542
-146.786255411255
-32.639803447421
-205.820797258297
-132.735402293019
-40.817470534023
49.210309709821
-86.321310200216
-79.181637806638
-57.276847718254
-31.290285669192
-152.766164011769
-103.573232323232
-185.393766769255
-148.57205988456
135.897809709821
-95.222943722944
-11.967705092217
-25.611209049197
-200.852465785083
104.541556045951
99.208483058825
94.428280432675
111.763167388167
-199.234377113772
-194.848845598846
-39.83954852656
-1.115883302895
-178.829385512491
-198.107683982684
-38.045091329027
-44.02580140129
-102.720786971275
109.644763764881
-46.533737909226
-37.80215661075
-35.48547979798
-144.91351010101
-172.976170043065
-170.898059839466
-84.015429828418
-157.517774705763
-154.732052669553
-36.173598428481
-32.827471139971
15.47611297123
-104.064553881448
-141.035714285714
-38.160373968479
-89.58839158888
-187.765795510913
-147.773691152597
-94.353076665088
-100.21826171875
-27.623737373737
-192.421343738727
-148.923271146172
76.138566538713
-28.662698412698
-33.388355513844
113.107302799197
-41.746405179022
-165.946526509515
-1.555746147299
-138.998979752886
-40.686389565296
-78.524461270067
-96.924353044959
-117.326741888754
-194.514077014565
-94.691197691198
-100.198302077697
-156.536448469066
141.342192150298
-86.902347272953
-153.275453333559
20.822768702652
142.599469161481
-43.223775844381
-112.111992553887
-177.022817460317
-161.317570938176
140.865342177354
-87.583000766595
-23.108876854482
-144.886425640332
-158.296446608947
0.031565656566
-187.652695340684
-32.081457360998
-81.411796536797
-35.993055555556
-182.470500907513
-82.163399480294
-27.984389796402
-162.457098890693
-141.114157056052
-79.943563001668
-90.308712121212
7.017298050257
22.836858399847
-150.231421356421
41.307109177715
111.678311082364
12.693021876127
63.842790347673
-169.565496623602
-173.643947144435
-162.191447820842
-136.182469928075
-85.756333564439
-44.881194760101
-155.540666852679
-17.458485524892
-35.359660359172
-32.873654936643
115.821165759154
-143.550156982774
-35.059892310381
-52.900773217668
-194.011453823954
-80.490079365079
-162.120691428797
-153.545364357864
-178.170093795094
105.82433500744
-48.854187099793
-176.712384024396
-196.482946794958
-66.524018082612
3.174242424242
-181.498654936643
-154.766323953824
-190.851440605835
-178.275244774756
-28.22285600142
-178.488386233992
139.772448959461
-33.762634013122
-32.205176767677
-166.599997604392
-187.600399221005
-167.855179163285
-158.068169135552
-28.481331168831
-151.985319855925
-189.54607810809
-4.660443722944
98.501643809749
46.907545037428
-201.639991573097
-125.38005050505
-155.873466810967
-103.931908369408
-173.688033375045
113.032738095238
-28.484570171582
-185.566177258072
-81.05256668245
12.671266233766
-95.129772191784
-177.873294186282
-33.811319810832
-190.086059394165
-29.508178887085
-40.035874227769
-29.670395007553
-25.302569148516
-32.253267186373
271.210124402507
103.264991573097
-95.903298470193
-147.28363997114
-155.891602267091
-27.091630591631
-13.486812178707
-27.320047573954
135.649291111449
-161.551406926407
-194.766712887807
-36.199404761905
-53.827749453238
-33.870580808081
64.107506073571
-182.575229132846
139.876074500586
108.764097447691
-30.983212425595
-88.995670995671
-39.455517084912
-42.340179839692
-83.299239958176
-152.923340548341
-38.100198412698
-58.886544011544
-152.767406204906
-29.398997649486
-194.455988455988
8.889641039299
-15.838105525117
-174.992882930871
108.537507820955
-77.102891357774
-81.627435064935
-81.155109972493
-137.459595959596
-138.97044665404
-136.278326653815
-149.36726430037
-99.665494227994
-188.434864126759
-31.257763883252
-81.308712121212
-5.949843017226
107.367514430014
48.454934388528
-45.956418960813
-91.762786204681
-109.393057951163
-26.513146955041
-27.934253246753
-187.042395917884
-160.802120676632
-189.320707070707
-185.338466275478
6.090097402597
-176.169524485931
-138.607495857008
-190.681284806773
-170.017156075262
-154.586698457792
-177.029684399802
-108.677677303166
-22.71664327426
-25.318009193497
-152.801308988321
-97.300033679428
-157.388909322015
-183.801156796762
-57.207549828644
-176.977736347854
-87.921557229663
-134.925886233992
15.582160894661
-87.338937646555
-78.488337617244
-166.895993275388
-186.441398851799
-179.560515873016
-193.633567821068
-53.097742914637
-136.61265205064
-159.964736652237
42.596480288375
5.58945833897
11.329725829726
-36.989468485074
-26.949956104009
-133.921598800505
0.332501211896
-96.898165528048
-194.544302539908
-82.12795575735
-186.684405438312
-136.834235209235
-211.488706118101
28.710760647772
-37.553682049288
-31.378254503743
-168.006575943588
-157.013790950803
-48.115099798205
-199.624757620851
-95.691718383613
-38.309003117109
-84.094122376105
-141.105179163285
-1.826131008748
-99.387458570076
115.018738585633
-157.734116767564
-87.031114718615
-40.162587791982
-108.472472351867
-93.7068001443
-48.952283014295
-97.879038008433
-28.674951242334
-192.589285714286
-70.304112554113
-190.926829680736
18.3704004329
-133.330016825622
-138.345127474522
-155.056998556999
-33.461100965007
-28.08830140129
-20.016061141549
-102.786193407287
53.337953333559
113.434503376398
12.632673695662
142.951118326118
-106.478527603039
-77.895374644886
-122.807609437004
-90.274337966721
-98.630421471974
-123.574515382621
-96.730158730159
-172.853272541261
-41.140061327561
-92.528228715729
-158.291014920409
-193.883207070707
148.022286551339
-184.100038470644
-31.412059349071
-80.446887259876
-37.743887676993
-192.817452566964
-175.683261183261
-33.059245496257
20.600378787879
2.862734487734
-33.115780432675
-87.076409322015
-156.764231672191
-55.816648629149
-155.014602639114
-85.724296536797
-174.679633246528
47.008284575667
-200.833403087798
-167.549422799423
-179.994498556999
-35.64411976912
-97.846763533775
-168.640401644796
-39.819908065025
-180.495420866026
-161.706882581394
-36.971150187703
-188.536776103671
-36.948121702516
-174.784521413916
4.5431998557
-156.039932669327
-101.720578412473
-72.078115135732
-32.553751803752
4.464819089331
-35.852806102318
-175.829463017451
51.723422844517
-162.459526205132
-114.516983450577
-29.892135642136
-23.726108039096
-34.630030071925
-48.120248241342
-188.395575453193
-140.588474025974
41.882215007215
-159.949502699991
-29.510392005997
-171.799041615936
-25.280483405483
-30.960776148764
-82.780323463429
5.214994532377
-29.609719897073
-37.822683447195
-182.415785223891
-29.360278989674
-177.608938858451
-28.527326839827
-40.947157822646
-205.039945351957
-186.741264486382
-105.862373737374
3.592179467668
-85.587662337662
-189.167748917749
-33.784209280303
-156.494408369408
-110.21158008658
-186.575765326254
7.806978123873
-160.946526509515
-34.734467301362
-158.053854673972
-177.810806868912
-128.846583158595
70.077172393579
-165.089375901876
-83.627414631809
-35.354166666667
-89.704787833694
-172.813955684073
-154.501631127119
-42.773170460182
-34.567182004194
-159.332168645157
-87.208080737622
-42.733142671131
-143.018406018894
14.639061513573
-94.771096145608
-33.880120259515
2.091352278364
-155.685536306142
-32.12805862757
-47.349374041757
-196.249438441333
153.873995253878
-35.864906740395
-37.993416305916
-190.797902293019
-161.426955802444
-32.53573471884
160.277437460543
-37.686154936643
-45.238157242063
-29.241973304473
-178.275051716946
101.893009334416
-32.337419958514
-37.556818181818
-148.379148629149
-23.199966320572
-48.584964460453
-167.636897011409
-71.274100519706
-107.126283059389
-201.599858095464
-37.838133708739
-154.43281024531
-90.669364543876
-196.467545150162
-189.588203463203
-26.745830937725
-114.29625848327
-92.21557652417
-37.534644717262
46.442091816604
-197.152174648268
104.476523042929
-148.735770793876
-39.582959900343
-49.503509565521
-29.679821372204
-212.174713795319
25.069424011319
-85.984910488817
-92.510461760462
-195.995580808081
-86.544926102543
-142.123556998557
113.995848904784
-38.774551457657
-79.042017200464
-163.523095773584
-167.195075757576
-31.75305862757
-33.389618140106
-38.766406390918
-138.864095052083
-44.592893217893
-31.064053622159
-165.433974933487
-90.372016059028
-31.902798210904
-91.13437950938
-187.615891053391
-88.075043825532
-42.174229741613
-187.321899942505
-180.94045575735
88.962479496415
-200.223858281475
9.661616161616
-161.337023274035
-31.707431457431
-148.438790809885
-96.365592306999
-149.158021340639
-86.14315588925
-27.38873669733
-33.285353535354
0.969416190363
-197.497113997114
-29.176206118101
-169.405573593074
-186.999471557089
-99.588752339241
-89.462675020292
-34.225018037518
-147.787095283189
-103.914940419823
-24.789811127458
-83.314873060967
-61.338716405123
-94.530274846681
-38.9347119352
-171.530844155844
-88.417588975694
-105.54119529559
-166.341790533685
-179.349907416802
6.867965367965
-62.582431457431
-135.642614763709
-180.057171181683
104.810085368191
136.777888398494
-40.07988577178
1.221869222358
-35.879120445527
-172.53633784835
57.616973304473
-101.406586089692
-66.301968485074
-114.630583880096
-165.525432900433
-190.97573953824
-95.604367474973
-36.326278268173
-28.608323046311
-39.038891284497
-28.732593795094
-27.859495484984
0.095799653905
-97.835678210678
-86.871905438312
-50.154372970779
-150.282405528499
-97.560966810967
-43.240267490756
-36.218511848395
53.814664502165
-184.777687590188
-156.147464460453
17.314754689755
-190.284915280032
42.563484312996
-158.607130174513
-42.401036029942
105.946420820933
-91.243576247971
-164.224087977994
-35.031323277417
-151.312311874324
-160.699146881764
-181.207153144165
-152.179481054969
-147.616625236742
-83.827187894571
-31.723935786436
-200.702172393579
-173.875188125676
-76.144472768984
-187.155573593074
-29.38150125699
-88.716177187613
-180.199855699856
-34.336858399847
-202.022616652011
13.420967487374
-178.441107503608
154.158111528229
-145.200487012987
-170.524531024531
-145.279213028725
21.189914631809
-201.278437274531
-200.184072871573
-80.147616652011
-35.503685008568
-161.946941513348
-85.748556998557
-42.704172021555
-177.73088023088
-111.754135946519
-169.811798932404
114.794885236291
-173.987907112419
9.184260997249
-31.894410765016
-81.09918591608
-171.199224386724
-118.83343127142
-88.964564027552
-123.474149629667
-143.539211168606
-92.253406695301
-183.896534400929
105.261085323097
-164.255202696609
-98.856531977137
-5.328192640693
-205.299672929067
-20.9616829568
-93.204455266955
-33.168009263957
-89.383284575667
12.205339175798
-180.308343620355
-72.650793650794
-198.50468975469
12.351579410173
-158.42278674017
-145.208763838158
109.064233997339
-40.273927895022
-146.05372362013
-211.640963203463
-136.726739352228
-37.432740490846
-194.505493692505
-141.402519897637
-155.67010154559
-40.581869898764
-106.764638573232
-165.741259554248
-126.856694385259
-14.051857864358
-47.253968253968
-170.749569495175
-36.884850880456
-92.378128382035
-37.411157473169
-16.779852092352
-162.278040590052
-108.222492784993
-155.844815340909
-185.169031977137
-147.854888167388
-77.927205932089
-166.291756854257
-34.024621212121
-133.191926942415
-0.309433621934
-138.09901822353
60.095666133996
-36.95663245175
-150.443751127345
-40.923971861472
-198.623847994453
-33.973582786571
-89.889450447556
-98.149633894751
-30.233047199112
-116.044642857143
-198.304452871347
-127.008219753337
-29.608392800776
-172.873023623512
-164.974927849928
76.703643578644
100.583124774531
-167.864788369183
-35.871129684118
5.92097523787
-99.170183982684
41.284188847177
-43.932892682404
-35.253066378066
-127.90167509357
-155.578024948142
-90.151973839962
-190.183253432765
16.526396780303
-142.585580272592
-42.936314878698
20.640061327561
-127.857413419913
-171.045565166171
-105.450206233654
-133.963646650658
-67.826486826975
-37.345676350559
-100.073863636364
-153.478244357639
109.686598124098
-81.710214590097
-162.902785528274
-135.508297258297
105.934613997114
-127.815816507711
-35.746823001218
-187.478723479212
-71.167581225198
-189.448593073593
49.70271351912
-84.223214285714
-172.470611528229
-30.733915959258
127.035992598981
-200.444645252751
-25.716187404176
-83.030012034407
-188.571158008658
-30.815684749279
-35.300497300009
-167.749368686869
-81.664309106692
3.988746984352
-81.085497835498
-194.862554112554
-27.143730835137
-80.382836103783
-71.753705441694
-183.293650793651
-127.160505726912
-97.155032467532
-160.277388843795
-31.704274891775
-83.374430690837
-31.655400968389
-39.554736116748
-37.215298210904
-102.079017011634
-102.770111832612
-32.664133663645
-176.327102639114
-177.386080390963
46.371101500496
-152.310175555781
21.321240445752
-104.091069032964
-116.362824675325
-31.577922077922
-183.736201298701
8.121302308802
-107.109660359172
-32.176206118101
109.790643953486
-103.043287577223
-40.221693779311
-171.714945211039
-143.252435064935
-107.131485755997
15.657745845734
106.329274891775
-146.516664271059
-78.051053926542
-179.030405900523
-184.885551948052
-177.646624588519
-192.604991037608
-81.344967532468
-142.03353710092
-36.139550851709
-149.17611593051
-42.026327025839
28.226721385169
-33.680362497745
118.330900734465
-37.147616652011
-194.80275974026
-68.152319089331
-102.855707606196
43.800623421717
-39.779130591631
-0.119941744453
-117.977605294012
-185.986992553887
-177.413247288736
-181.158209466315
-39.910992598981
-27.126373246979
-140.570727503833
2.89211520901
-93.983967042072
-140.751249943633
-157.088461343344
115.064053622159
-35.895645207657
-158.74981962482
-169.713371155754
-78.455619955132
13.007034632035
-88.12240499301
-27.613443305826
-65.6008170432
-194.135842943948
-101.183011053617
-60.997933435922
-35.828491387085
-167.06440168989
-39.086350390061
-38.253800561418
-165.274871341766
-38.676164547258
-77.466921587527
-165.888417517812
-47.33467839669
-33.911616161616
-37.464473839962
6.47142321654
6.304375366387
-164.112193362193
-30.814226246843
-172.806284806773
18.256063001668
-104.11047979798
-201.189213564214
-156.039424659542
151.771657704275
-180.572510822511
-143.797049738456
-147.306880185786
-143.849644604527
-197.248203998692
-145.148080272592
74.420905483405
14.467635337753
-25.660013218119
-33.045263953711
-90.695518945031
46.37787825239
-94.998930431548
-33.255333750451
-148.574773262762
-106.859737864132
-173.444985569986
-113.829648324766
-154.294392727498
-140.403298470193
-159.537054416937
-41.128968253968
-75.33244942449
-75.75782588722
-33.07424481985
-27.128509565521
-199.491009424603
-113.786255411255
-87.117777242289
21.579385512491
0.972582972583
-175.462551716946
107.07682714421
-113.246400246889
-30.377455498061
-34.047438672439
110.612845108451
-182.181387676993
-169.92038479099
-185.550615671221
-190.685142440025
-81.163517851506
104.886425640332
104.134011008523
8.334415584416
-184.909639785128
-52.636363636364
-34.591929338023
-16.632395382395
94.299873737374
5.862283549784
-86.647198829816
109.183150562545
36.597915539322
-145.945789507801
-36.923881673882
-29.638798701299
-155.491329308712
-102.584796767902
-32.723033910534
-30.593253968254
-88.490329494724
-27.128176998782
-31.225218845824
-124.52102145901
-29.481519294508
-26.033189033189
-88.224657287157
-138.652064027552
-145.43740981241
-174.498528814935
-96.364185239674
-41.123466810967
-96.561688311688
-42.263688080583
-155.158286971275
-117.990177303166
-94.016947516459
-157.875974096433
-22.955717893218
-156.175407112419
-21.514963389475
-71.803739121122
-37.584618858789
-177.345508658009
-38.50191437252
-70.592454962572
-117.565386002886
-26.417761600379
-160.658542033054
-41.159451659452
-33.670634920635
157.313783059389
-80.242243867244
-89.631132756133
-51.812881183487
-32.325737142632
130.804104803617
-40.517233580222
-185.182817995806
-183.845889841495
-77.996129684118
1.002504819399
-171.787247474748
-172.883067914074
-37.798258111246
-141.514089697195
101.926754994138
-151.389257389746
-201.172108571767
-79.145542337437
103.594052973936
-30.204202671244
-149.202762135868
-90.045336174242
93.456910765016
-159.586018527913
-186.854527417027
-163.597034096546
-137.191447820842
-93.053841991342
-124.452540894435
-24.128689940702
-172.700236883342
-39.689546130952
-93.749577245671
-164.974739724251
-175.548881673882
-164.643205210588
-6.068903318903
-99.259567635056
-38.785456405574
-137.007312945301
-29.510489944084
-151.095168340774
-146.99063317325
116.597825351732
14.083585929045
-178.669282106782
-176.355630101236
13.305084184479
-94.839986781881
-31.256042568543
-31.743506493506
-178.227473535579
6.018658614606
16.79835323097
-34.206627519616
-194.658547317483
-98.457529395518
-143.56554594494
51.197248010236
-184.403130777642
-84.166548295455
-157.010080576975
-37.706452076569
-140.322711630817
-108.497176001082
-29.289471514813
-29.70374151673
-186.875721500722
-109.447688731624
-78.385351139746
108.134196668132
42.800221805105
-54.537685730069
-93.339888843795
-32.817620259515
48.258539637446
-108.978244357639
-2.152146464646
111.666403854392
-152.703254644661
-78.706910765016
-163.084784085272
-102.891656520563
-63.697871572872
-203.227355164367
141.843522064958
-33.241805611923
-181.251623376623
-151.674242424242
-40.286373782468
22.998649652214
-27.288149350649
-141.554826304338
54.771735209235
-183.397554648043
-186.605068542569
-170.989440301452
-82.15204852656
-35.598853349342
-183.784369222358
-25.971160404266
-191.36804780506
-33.975177979573
-108.762175324675
-87.331238585633
-169.140249453238
-185.900703463203
-186.7759944591
-160.992055741567
-182.817821067821
-27.120199624594
-94.695977633478
-89.309606246618
-157.557920866026
-35.250352999865
-20.248819810832
-141.216470649576
7.339107805172
133.517506609059
-43.353522670905
-35.755841760236
-153.61447623557
-124.062770562771
-42.087945583063
-138.711788645382
-31.800054112554
-103.482683982684
-159.571150258162
-192.199945887446
-96.45114650974
-40.061389565296
-193.154880275974
-155.764963389475
-31.610299422799
-33.442828818317
-136.300144300144
38.044532236427
104.408018874572
-178.383539637446
-134.74781506471
138.248376623377
-178.401785714286
-96.999105874594
-181.575134013122
-29.972389914773
5.937417562906
-99.318555251172
-25.520459900343
-30.570957200352
-37.598484848485
-197.558621933622
-203.465568773674
0.571768888663
-154.962994904401
-147.104506983902
-173.177128427128
-39.780122655123
-0.326569264069
-46.059003117109
-95.122482497971
-156.138257575758
-184.186425499414
-155.281565656566
-87.086780894886
-161.528877995919
-157.808268933757
-45.537324979708
-40.711928154311
-168.241354673972
-83.229359724477
-173.357413419913
-88.581377389971
112.34107678346
-42.40396289908
-56.53834240846
-32.838092842487
-84.640074010191
-28.787677979573
-147.787358095464
112.363734301723
-42.275170088158
-180.844426406926
-89.775896521014
109.400966275478
98.0483585154
-28.58552601912
-150.309425871438
-163.052406740395
-192.905393217893
-167.827478890467
17.35082972583
-33.874278499279
133.310889306007
-123.212682770788
-180.817640692641
-87.625799005682
-183.343975468975
134.804821372204
-37.063845063357
-130.077442956349
-104.109397546898
-37.331622235187
-199.491981054969
-89.001012496618
-184.506014384921
14.742053275501
-2.462863145969
-84.378615254104
-180.330524835408
-31.331356956845
-3.931269305781
-185.486664919282
-27.483864171852
-24.13952020202
-36.373930431548
-145.301015526357
-178.500082437094
-189.231691919192
-32.522284085272
-165.119416119904
-5.787165037653
-135.289584601596
-136.03173828125
-202.366432178932
-198.988636363636
-35.386195943813
-169.549304428211
-65.189844877345
-95.203110203598
-146.544003793516
-114.557998370987
131.549505236517
-105.026437646555
-63.997023809524
-134.298508240891
-199.602530607413
-170.181194619183
-198.42317285579
-159.290674603175
-35.619779336332
-106.389437764926
-168.964986781881
-178.874549062049
-85.283299653905
-187.50868619228
-210.557261369273
-67.279921846816
-199.705467763573
18.924054298566
-35.078726015738
-187.678218428707
-87.792498788104
-137.24799543989
-147.425855584303
-34.905303030303
-37.953089770473
-128.947322696834
-205.266143578644
-78.853367660985
-41.789419727408
-133.439185380592
-37.263437950938
17.134580317686
-162.982982729076
-146.18941437252
-159.309433621934
-24.331980519481
5.866632987238
-33.880931947826
-89.050402180285
-164.109835802219
-136.870921125316
-73.496400246889
-93.541293233676
-38.434245496257
-156.172356235345
-187.995761183261
-7.655192409587
-193.533647721636
-189.993596681097
-100.277417027417
-168.690636132531
-162.411407602814
-36.192648443137
-183.84594691333
-149.025613275613
-35.696268629374
-163.749278499278
106.569653003247
-26.431204835746
-41.705455080943
-96.723402411391
-36.763327330222
-79.919900737284
-169.680478050595
-137.327671948277
-114.285611415494
-29.626020247114
-87.971861471861
-36.439463693858
-162.143656148539
-31.865800865801
2.965378181931
-172.631153189259
111.573433131539
-187.602174789186
-26.971209725604
-112.209436017541
-162.739749264408
112.450146695752
-160.967532467532
-77.122474747475
-151.208573246415
-159.708944213339
-39.276322093705
-17.336219336219
-169.586289090684
-39.642045454545
-158.478383161977
-180.975128658234
-32.338376087888
-190.522575081169
-173.21436815138
-83.142122959506
-160.515582019977
109.51652476213
-151.34116697105
-183.647727272727
-186.686417748918
-35.127435064935
-82.385469510958
-87.429202741703
-157.125
-39.949667574179
-134.612201112689
26.029921846816
-142.091901154401
93.92316017316
-52.29616829568
-182.719184027778
-182.212141645247
-166.914509914998
-35.640151515152
-1.293359797754
-36.762806637807
-25.600306567348
-196.606178977273
-38.955447330447
-40.655815972222
-101.53851010101
-101.751249943633
-36.539411976912
-198.37309831011
-206.923062235074
-171.812971371077
-188.262265512266
1.944354256854
-40.271825396825
-36.779310966811
-188.868957431457
-161.478465599071
127.116050995446
14.622757992875
-186.239898989899
8.983065166171
-29.045253737148
-37.528839595734
1.468802844291
-31.492140997024
-194.761170578553
-92.974316969922
-183.729617604618
-189.586141831259
-18.048258111246
-147.180437184343
-204.826048571654
-156.741702741703
-111.569805194805
-140.447260692866
-141.97582972583
-139.126443001443
-155.165764790765
-99.173611111111
-169.858294862689
-41.712391774892
112.967001558554
-153.250438255321
23.489628427128
-176.253267186373
-64.188484312996
-97.531217588835
-35.664772727273
47.923340548341
-151.93922131471
-80.77103414164
-83.206908298949
-145.30484180533
-33.321330633342
-160.13150125699
-27.071781571293
-83.883297258297
-122.401244588745
-96.185126939033
-77.382145252751
-139.58648989899
135.113262930646
-105.703746448864
-33.57979558419
-34.889007260101
-193.163530534136
-106.937507750496
-158.070895196383
-174.535325351732
-27.844985499527
-27.83963871415
-193.815476190476
-155.064331935426
-178.513507705402
-41.400239842623
-102.555645743146
-117.357774170274
-93.851468789457
1.313930318813
-35.092991155979
-150.125512941919
-151.108864171852
-30.698605756223
-140.992493996889
-98.435343248332
-169.907557720058
-29.042097171492
137.109959105565
-157.052427173521
15.974938066491
-202.897727272727
-100.777790460408
-183.108516104122
-110.328172207567
-71.787440532558
-183.635809828193
24.670725108225
2.377715844269
-157.224476911977
-180.489247243642
109.21376502187
-110.116063678075
-204.104416796311
10.606601731602
-29.519418515512
-100.26990327381
-151.213231646825
55.096510938064
-38.991764745671
-191.019849020337
-173.072310014205
-146.903138528139
-175.092532467532
-39.681720243732
-123.284930781025
26.44974507914
-149.151417213429
-33.11162405303
6.917568542569
-131.504336754825
48.8988997114
-186.818735626353
-103.366071428571
-30.519292393804
-35.294642857143
-158.107142857143
-37.239329680736
-194.246961805556
-39.365710678211
-16.438783059389
-143.647735023223
-112.306449680961
-163.506957127074
-112.521194083694
-180.468524531024
-192.71913541103
-1.458513708514
-206.183591283933
38.377344877345
-146.119416119904
-101.583305149711
-87.603292974387
140.956738140332
-31.202401385507
-176.805444934839
-94.037595542478
-198.584165454771
-169.950314388303
-102.431104431593
-155.80562531002
-172.056645557134
-89.552386307269
-88.79615561305
-34.442287692776
-142.044490665584
-152.542818672213
-38.750388933983
28.4972119352
-42.834075267181
-28.992313621708
-163.50496031746
-207.897915398404
111.173438486427
-167.484106551001
-29.107039986923
-162.071137575532
-94.404601962707
-85.052288369183
-82.242153679654
-161.781204906205
-191.423688616071
-33.822142321654
2.230529697082
-45.864898989899
-156.88168163217
-1.159451659452
-22.937950937951
-95.150432900433
-148.313865496483
-32.431898152845
-38.816197691198
-171.492625050731
-31.98478648088
-198.180014430014
115.076010171469
18.735049293155
-75.569895382395
-3.729797979798
23.026597588609
-165.207902828508
-84.335075081169
-13.883207070707
-110.228777732684
-124.600288600289
-167.578385698503
-24.622322555916
-42.65673828125
-28.067792884199
-104.008477633478
-175.81928450239
-33.945624633613
-92.568813131313
-146.500643995761
-204.713752339241
-177.707042523449
-148.718323722718
-78.556699810606
-5.00974025974
-163.731970232459
-163.089716219111
-154.279213028725
14.257874503968
-141.840187590188
-7.466097216585
-90.278589466089
9.195165945166
-53.27352099398
-100.068369943858
-101.527514965503
17.49980694219
-100.147990085002
-96.52103414164
-176.804009683892
97.777166897772
-188.818382626488
-194.005694500812
-27.804354933261
-39.587190966585
-34.510003072015
-155.547956898787
-28.865640923746
-172.415952916441
-118.761072640467
-114.690483940972
-38.483294862689
-169.890610203598
-197.177558931953
-11.060794186282
44.666007169913
-29.163670043065
-165.891213333108
-34.350100474612
-144.645722712617
-187.30571549761
-151.425144300144
-132.18350356241
-156.50172131471
7.47440962358
-201.198314760326
-160.386994949495
-34.843807776425
49.28870315882
-153.857490924874
192.455467763573
-102.670565166171
-169.301940301452
-145.303210678211
13.522997835498
-189.001172438672
-86.594155844156
-144.175247170364
-40.084415584416
-169.274108270202
-25.757034632035
-27.208152958153
-142.767759204771
-37.913046480429
-40.243424056412
-165.427218614719
12.785513477408
-80.650100333694
-34.189754689755
-201.41420341811
-182.129329004329
-154.584956709957
-111.834034400929
7.866821112915
-33.062842783302
-177.909534096546
14.274100519706
-183.086420144526
-95.350386538375
-41.783840779446
-38.137265512266
-97.678329049423
5.00114953948
-178.325950633568
-88.791999233405
-107.630272098778
-159.62976725965
89.353264790765
-77.373634503517
8.749446191829
-35.393400734465
-43.872397242514
-194.932727808216
-165.087662337662
-182.976669597763
-194.803591861697
-39.353416982323
66.050672743056
-42.469426406926
-148.643127705628
-160.713363405258
112.80841337482
-34.972763347763
-29.871023995536
-35.564131127119
-156.86717411278
-194.386023319129
-166.127234256629
-109.720786971275
-191.662358095464
12.930795468637
-137.600280849793
-107.250713750225
-42.771817646329
-36.127497068903
-134.686528369634
-29.748626753021
15.332418774802
-29.436667878562
-32.294372294372
-183.828122886228
-38.049703578756
-87.641504329004
-108.601911976912
-33.541679349297
-142.262716450216
2.209054834055
2.591339595734
11.492506679518
-169.125901875902
-135.496142366748
-129.642378021284
-47.954988642
-234.486409857504
-159.524633894751
-32.193174067686
-100.193021876127
-91.436678095125
-170.454212887807
-201.135830261319
-172.911984662473
44.593995902101
16.886623982571
-32.036095469201
-44.60300197849
-190.064782873377
-23.924721545815
-161.330697460092
-38.824397011409
-91.747753060741
-187.91619529559
123.200134013122
-35.891532512626
-44.159632034632
20.75783856985
-100.797619047619
-35.700396825397
-43.578743982797
-201.983946608947
-117.24713443024
20.22782160331
-44.402708023313
-182.164764976777
107.69696969697
12.338412022006
-42.385920448909
113.397747705853
-119.494408369408
-131.471681096681
-194.332098890693
22.105279567438
24.382603941198
18.837572150072
-166.183552179158
-38.270735395247
-165.935077617695
-33.841422032828
-189.154942279942
-200.791326349432
-155.793921356421
-28.4347119352
-40.676246984352
-100.127463248557
27.172175860164
-166.811770748782
-187.063561817956
-45.110840548341
-156.94887138686
-32.376631127119
-34.064226246843
-31.028339336445
-189.488553926542
-35.770299958288
49.246861401402
2.703481170522
-144.679194991207
-204.437229437229
39.82052422946
-178.926517547123
-39.990738861833
-149.037796350785
-102.505403504915
-140.066177258072
-36.184704184704
-180.904248962843
-90.953483636589
-175.627352627841
97.365239307134
-175.258367012762
-31.121753246753
50.541785037879
-171.394320577426
-174.51173213722
-168.787940791847
-35.280823722718
-151.57962789164
112.328133102791
-172.556026926632
-73.766135828148
-37.330648138754
-189.462219150207
-57.712744774756
-141.544913419913
-195.595037286932
-39.408910533911
-178.080815831304
-161.170011358
-34.445769074675
-154.676935369318
-32.799935741342
-166.483127170139
109.428050736156
-180.200857979911
-41.694653003247
8.486291486291
-37.97124284136
69.04347041847
-52.901966089466
-153.277007308013
108.296977517925
-30.513950892857
-41.991169366658
-47.903437274531
-97.997397242514
-21.663440346546
109.174582741477
-40.456521831034
51.987213795319
46.396023925077
-43.225649350649
-31.975752220869
-105.788059163059
-164.572310014205
-78.488353118236
-144.196248196248
-98.917658730159
-96.835018713925
-176.644771515377
-89.753156565657
-193.501873506268
-190.378878066378
-35.520402828508
45.16438379329
-157.487270867154
-33.454475700081
-96.290293419688
-200.692468067956
-135.606441789547
-134.667478354978
-29.926386493281
64.971743100649
-89.892766955267
-148.301685239674
-53.776937905844
-164.931186868687
-152.518225643714
-196.069055510462
-138.539953102453
-166.954192454681
6.896005958018
-162.329004329004
136.841280057833
-198.085760647772
-159.942197505186
111.147389421559
-116.916916796311
-52.906032281521
-78.70661976912
-36.271354025749
-102.310453869048
-147.37708206507
-30.08659276921
-162.743658685065
-151.871663059163
-86.956181513799
-19.625894125406
140.00277538217
-113.949397011409
-161.739989177489
-3.262355699856
-37.294740795229
-103.837564399576
-154.916506724612
-184.995240490846
1.997717126623
-153.015311457206
-38.615628241117
-184.263535889024
-33.184433621934
-30.461100965007
-32.652777777778
50.409832842938
-157.90854978355
-161.084075267181
14.327852323458
-201.928100057495
-163.753254503743
-76.012285945391
106.942217938312
-148.752447747565
-194.666937229437
-190.931568052174
-54.06041793493
14.887654446248
-39.165736607143
-41.257506003111
-193.438394125406
-29.543859704748
-190.521464646465
-99.691620445527
-31.066135687229
-201.740690245085
145.337319554361
-178.625553808171
-96.393599076705
-149.390324139836
-182.706447144435
-90.243153493642
-144.525974025974
-23.906643161526
-166.894037332026
-36.096951659452
-146.667457921852
-127.725448542343
-176.364357864358
-188.466831399937
-37.117867429879
4.754236350672
-189.729797979798
-103.881513939619
-33.855081225198
-166.703110203598
-144.610126798115
-157.289030793425
-140.552468744363
-197.390071544124
-155.278220965233
58.023456523945
-74.281266910173
-35.895993275388
-28.658389841495
-119.134297072285
-86.901625772231
-76.041944979933
15.428939929428
-89.144460086355
-37.681367243867
-172.311889119995
-168.665945165945
109.497745310245
-144.575417258523
-106.150350463339
-84.197801818407
-34.433982683983
-1.227272727273
-100.760454009966
-197.701381138393
-35.921183796672
-35.669622424017
-27.405114904627
-166.607954545455
-26.095511124076
-32.542846855835
-165.376283059389
-139.184946563853
-143.7594823796
-28.255661385056
-36.550525483631
-39.08935546875
-161.304460621843
-87.336649841044
114.381684098237
-96.681014244003
-99.205517084912
-30.845209911616
-4.980277101371
-169.282447099342
-33.369977678571
-51.277875715864
-81.818640506629
-118.57989845441
-98.99360689766
-37.216200086806
-194.627635873241
-183.564762440251
-136.887696017091
-34.825293955177
-178.027216219111
-167.545462295951
14.48862861314
-149.415105294012
88.789231601732
-162.313020692415
-82.089007401019
-38.960075081169
-172.726461038961
-184.282467532468
-69.370317995806
-87.053321298927
-101.092081529582
110.403290719697
-1.019037332026
19.128164316153
-153.692981009876
-190.869338614944
-21.685425685426
-109.053911745806
106.337038775027
-37.898288831394
-144.33658008658
70.969885095373
-163.780380535263
-98.321268629374
-153.94441344246
-87.964015151515
160.715839336445
-206.920802613185
-186.454725829726
-39.66341991342
5.498397056503
-197.453463203463
-167.70194269706
-32.810703998692
-102.081452076569
-35.265782828283
-38.345480474387
-198.418079018421
-34.791589161706
-165.068382626488
-170.525785900298
-170.999090373602
-75.860209235209
-42.856060606061
-38.627553436147
-80.231171226777
-144.322503072015
-35.135108760597
-33.434052438447
101.91254622114
-152.139860519255
-1.768656148539
-1.916125541126
-201.956467577561
-28.798157707093
-33.253246753247
-74.669532236427
-190.75218493529
-158.190476190476
10.222582972583
-172.708055020067
-49.592454962572
-179.866501933396
-96.712419958514
4.333423520924
-140.817628010011
-166.655483405483
-141.27465186181
-30.301669738681
-175.237644300144
-125.454635642136
199.124389119995
-81.270482799536
-186.707132711039
-33.044650607639
-135.378184749278
-95.262806637807
-88.960387214782
-153.809413188808
-138.325847763348
-104.809946563853
-160.754259249865
-193.504501629013
-177.779942279942
-157.350759971365
-143.24252218051
-118.713986967893
-86.977453102453
-178.880431688537
-99.492076174693
-31.253076594629
-166.202491573097
-87.032730344742
-31.727370665359
-38.294761228355
-140.558974933487
19.78869047619
-194.62796843998
-203.05256668245
-128.703380766369
-22.371310059298
-80.927489177489
6.980158730159
55.501973910421
-94.20365132914
-152.359848484848
-34.852875856782
-163.883116883117
-161.915404040404
-145.628316507711
-159.4372167546
-80.805382930871
-80.026744495739
-186.565316248422
-177.454844200938
-4.135912698413
-199.247845714398
-184.766553298047
-36.919810549693
-157.860770793876
-39.793843851461
-134.071797072285
-30.315406436012
-195.599629103535
-31.638340012852
132.133727763122
-174.530393217893
-131.742145929158
13.614197922303
-39.277257085363
-89.46130952381
2.947052134064
-168.493354301948
-196.102272727273
-136.24140399531
-118.136696203102
-101.647837893443
-207.883186637581
-3.260802077697
18.313121096568
-180.047508426903
-38.847214471726
-189.626090001578
-204.693024342194
-146.45672263934
-163.712010591405
-39.756042568543
98.56996513686
-38.560544056638
-85.267573897457
-206.214826839827
-35.880772005772
-30.68740981241
-172.767689450307
13.691857187951
-152.902499464511
-138.68480212279
8.437229437229
-30.467965438424
-76.294926102543
-70.157044778139
-190.902514965503
6.677406740395
-34.116161616162
-26.877886002886
-148.677205932089
-179.660686102092
101.477535539547
-195.084657963564
4.341352278364
-43.839105339105
-36.837670088158
-198.536206442212
-199.315906695301
103.425943305826
-28.288059163059
-191.717630405619
0.134387259876
-29.095751037157
-90.92497167546
-42.861915048927
-39.39315588925
-152.642947330447
-32.554563492063
-104.555813435696
-157.424963924964
-32.559716867334
-98.888798701299
-136.923320115215
-38.487193362193
-29.114636177624
-163.398379018984
-20.253718124324
8.971791717397
-163.48965661075
-136.669552669553
-24.225481658099
5.095696783685
-120.274059653454
-153.396026391144
-144.967684659091
-158.39134438695
-96.695887445887
-93.803563678075
-135.044802799197
-27.8297053966
-34.969885095373
-172.841568587662
24.096328096816
-84.435974561463
-182.397477143083
-35.245122119634
-35.313414558532
-104.653687404176
-99.620608991703
-34.429821372204
-163.92890399531
-155.317542754554
-154.037420099432
141.20488577178
44.737020737509
-151.040215914728
27.087190966586
-28.532938903544
-174.109147417253
-162.947248010236
114.698603290156
-29.3109643449
-35.267233580222
-191.225260416667
-34.359557488952
103.541125541126
-110.331300237306
-147.67153433047
55.000270562771
-90.649072336084
-34.257312945301
-159.543581039186
108.092269655258
-139.810217126623
-34.228743912338
-147.048701298701
-150.675512801001
-39.442287692776
-145.057289552895
138.671085858586
-176.74016955267
-34.457611832612
-91.857044919057
-145.409820160308
31.175582555465
-34.173320115215
-192.964834590323
-185.310257992875
157.780741285624
-39.547799422799
81.470779220779
-35.281655844156
-178.831078643579
-199.184405438312
-87.720225412608
-102.022346089241
110.726120721726
-26.399781154176
-120.345701715819
-191.823835452742
13.541473608856
52.428329049423
99.726669597763
-89.845045037428
-53.425878483496
-158.195514012897
-2.545454545455
-69.390233952246
-22.664030793425
-96.077991832386
-113.717983405483
-196.693001443001
-36.686237373737
-193.178398803887
-86.150370896465
-160.754176812771
-36.622843248332
-30.642766955267
-180.629231066243
-125.683810059298
-157.036275844381
-155.106691919192
-195.484327792433
-190.39535421176
-48.717504283911
-193.599214099702
-33.165834545229
-40.472660477543
-185.892864893353
-145.451298701299
-56.14891239403
-85.31554594494
-160.088203463204
-23.377705627706
-34.487734487734
-35.379522062139
-104.858856421356
-97.013175138663
-37.306908369408
-144.314422123016
-38.489448051948
-40.636453823954
14.094426406926
-89.342630405619
12.382153003247
-152.883560070572
-193.254990967149
-30.034160663555
-164.741251803752
111.99034992785
-175.132153003247
-48.26270869972
-186.951278268173
-168.219073407062
-94.420704675099
-169.278409090909
-94.566648629149
-112.160784040179
-162.06346387987
-174.575278454185
-167.865878370761
-130.207050273945
-37.96826171875
-160.391746708153
-157.696977447466
-76.318083880096
7.983392800776
-23.061585441468
-55.611644486156
-170.743444489538
-23.421987734488
-200.851661847267
-60.959415584416
-2.257936507937
-182.326548830943
-96.61544011544
-72.683892496392
-172.5386002886
-182.730797793786
-36.29921424062
-165.950327070933
-85.09822203621
-92.270903087798
-181.092462713068
-39.638077200577
-32.126984126984
-179.753980936598
-174.657807849702
-84.417089420996
-188.66838023088
16.203463203463
-32.115682494589
-193.624827375316
-26.974469161481
-37.223116347628
-195.354347041847
11.965285528274
-205.63195219494
-41.2690168989
-38.233225108225
-32.141061141549
-173.600530979437
20.906313060854
-156.575577200577
-95.793748731737
-144.604409045815
-37.869235744724
-34.808822741928
-10.972222222222
134.635003072015
-169.716630591631
-20.875422754329
43.048322581282
-196.178391053391
-103.687069495175
49.364510055916
-159.959152772141
-171.015171948277
-35.573224572736
137.456266769255
-42.657008844021
-34.766955266955
-198.677198181593
22.499175629058
-33.61744467555
-71.913149350649
-137.802058672664
-99.255529978919
-106.091708096591
-35.25556344697
-23.472382164277
-181.790342036436
115.448165034835
-134.138979076479
-42.130854442866
-172.038850418245
-149.718606968119
-148.329447516459
-37.451741888754
-89.437381628788
8.049956174468
-31.866702741703
-33.499105874594
-182.977100102588
-153.411165223665
-43.058802308802
-118.357225294237
-143.818174067686
-28.83448533888
-200.866091861697
-95.691640878653
-96.911616161616
-131.865107548701
-178.482204861111
-37.425837617244
-178.915293419688
-138.301239233856
-30.446977447466
-193.565586811192
-108.881571011454
-41.613553926542
-37.662886538375
-32.875352999865
-185.950847763348
-40.056207301813
-81.552038239538
50.566460503472
-37.029138342127
-30.045524299919
-53.789940419823
-182.478264790765
0.331807894796
-98.550602988591
22.080877835272
-41.057261369273
-94.713736838249
-154.153311152823
-89.856782106782
-87.072884255501
-168.331898082386
-163.488546176046
-152.21445833897
-32.485827865711
14.405233275839
-39.462384024396
-87.008846134334
-166.715027648133
-173.034985034497
-190.848317155934
-75.161373782468
-38.182150748557
-194.287801282918
-147.054022366522
-93.890991387085
-170.954455266955
-23.031573407062
-30.795454545455
-183.977842036436
-153.707709770698
-196.782836033324
-39.404699900794
-43.203731300167
14.082433923498
142.42784992785
-30.158570216676
-147.231794789412
-186.75087369228
-100.020021645022
-177.973026160038
26.961219336219
-81.384678255772
-38.608134920635
10.928190245085
-32.554481054969
-238.540494227994
-186.66332972583
6.345606596095
-196.100711354618
-39.457539612081
-135.803682049288
-25.483072916667
27.341991341991
-100.766213333108
-30.735487548476
63.321588513483
-186.218983219472
-36.371510867605
-35.662510287022
-170.759227317821
-46.377783132666
-76.928731370626
-3.301226551227
-193.128885816874
-35.805924056412
-201.583985079591
-160.293390447443
-104.454483450577
-159.290772541261
4.88656444467
-38.002795815296
-164.722881718976
14.438943001443
2.138066984014
-27.425226737238
107.601994414006
-94.323170319264
-154.052107994002
17.406836219336
-191.51070413961
-147.059273679879
-38.559245496257
-183.670696924603
-38.260634385146
-34.058080808081
-191.215548340548
-96.117937184343
-35.373585182179
26.325507446113
-2.613365800866
-189.350497159091
-88.400793650794
-183.522915398404
-175.929591675685
-146.579697646104
-105.534279034767
-117.102543290043
-170.702463389475
-76.095779220779
-38.283279220779
-36.073765698277
134.577290764791
-102.083271329365
-30.543171672078
-1.955808080808
-35.528048340548
-168.152576969472
-172.245843620355
-184.257908324315
49.337033490598
-114.202671948277
-153.599394474883
-182.209693897682
-172.801607734713
-34.483114487509
-140.405483405483
-142.669199669688
-199.897304518398
103.421724922213
-40.488095238095
-169.784028905123
10.218787343299
-107.568279756268
-35.716380461986
5.377246939259
-157.104014475108
-163.407294907783
-205.497848532761
-44.850025788014
-197.133900387807
-150.536283594877
120.515422077922
-99.950840012852
-158.551419609037
-180.202581760687
134.92812049062
139.202950261544
-36.507387631899
0.059773939168
-181.058073057585
-111.643565960949
-21.599046407152
-143.715839336445
-153.871495366613
-26.895652958153
-37.134748010236
-173.4377832454
-194.464015151515
-151.503620186237
-1.882297444309
100.903957966946
-33.708776520788
-192.083034586941
-154.239285643827
-36.659791976687
-30.347222222222
-30.05303030303
-88.756957127074
-27.506611877706
-81.656763998805
-149.378689940702
-187.585046897547
-167.174943491838
-204.059134875541
-166.796549479167
117.177398989899
132.484475051858
-104.872376809389
-51.385654818272
-87.321691383703
-108.038481917388
-41.069985569986
160.335776148764
-25.267434388528
-90.799512987013
-148.805478050595
-41.067710447105
-30.570103941198
-40.950687821293
-168.655060651154
-149.185085368191
-92.416924546807
-33.090798470193
9.137445887446
-99.23766473327
11.517967763573
-24.471943908956
-77.762909508027
107.622474747475
-168.560348180465
-175.398441022953
-81.889641039299
125.252156751668
-31.901535584641
-34.17612861314
-95.214826839827
-48.142393522276
-28.119758903206
20.491702741703
-78.729625355114
-84.928849741838
-160.031483219472
8.727120535714
30.523729552782
-0.16821253833
-36.760193663758
-157.760289135777
-32.197961760462
-27.837301587302
-25.258557604505
-101.635732323232
-198.007104386499
-172.472935972448
-29.004267000361
-161.993846810741
24.902496998444
-149.432116928211
-59.577909395292
-31.921717171717
-197.708405553865
-152.476079855474
-28.198773448773
-99.490079365079
-35.419642857143
-98.750971630366
-172.004939884334
-135.953914141414
-144.487435741342
95.583694083694
-12.268508889114
-154.750270562771
-35.442187288623
-160.71158008658
60.925234487734
-133.242486246392
-34.649250245198
103.693083880096
-39.296016104122
-166.913760230655
-190.689914631809
-146.790164127322
-28.943083880096
-193.275695712707
-167.115780432675
-87.896735209235
-38.61562049062
-192.996905438312
-91.887656912315
-150.893550459957
-28.622294372294
-181.091339595734
-32.975038470644
108.600767721861
-37.843344155844
-181.44418163217
-186.316390749008
-89.362025669643
-137.944993320482
-31.151252339241
-155.1895947477
-26.977272727273
-156.931104431593
-183.388064517947
45.671897546898
-101.539862914863
-121.983307545319
-175.500381183487
-117.959518454636
6.469065656566
24.524523274035
7.659111342217
22.497307054924
-150.035242914637
-201.974837662338
-202.138826884921
-139.175497300009
136.592434529446
-185.968253968254
98.759521484375
-128.795823046311
-157.012358165923
-25.042388167388
-84.460297027192
-146.138437950938
-34.94733044733
-169.012474071068
-89.470689033189
57.751242193137
-39.564233997339
-185.312229437229
-107.275695712707
-81.631042568543
-170.877136318543
-191.96539614899
-140.459034400929
-151.642947330447
-172.074023578418
-176.85761422822
-40.902597402597
-175.816357633252
-195.243604431593
-32.928769770811
-165.528589466089
-184.911443536932
-180.34891535331
-62.05006186305
0.116362424468
-66.043179422574
-177.028068773674
-194.064040939529
18.606789857278
-151.20870183419
-173.588293650794
-159.559433621934
-52.16829004329
-130.816115254104
-200.555493551587
-29.93855406746
-89.542581225198
-60.163259971365
-158.800332425821
-28.784742655348
41.648338152733
-37.522013522502
-164.337842712843
-162.645194269706
-51.567821067821
-26.718331473214
-33.748368872881
-38.556367243867
-147.69687950938
-187.586191152597
13.931818181818
11.045454545455
-175.625930059524
18.464015151515
-41.771096145608
-207.899621212121
-144.422049738456
-70.506222943723
8.823773448773
-114.053944861562
-32.594779406791
-206.613623681006
-30.378888282941
-169.062958688447
-146.682487895134
14.396727458739
-97.137876392271
-38.412608225108
-157.589306147412
-104.666305916306
140.258858816964
-149.383740445752
-39.982586044598
-91.4375
-172.136912512401
-155.508006262401
-35.362185611697
-36.245573057585
-151.588355654762
-158.564463693858
-25.060536306142
-86.180457617469
-35.524337966721
-32.050144300144
-31.161886724387
-35.035013218119
-125.503434878923
-184.960650027056
60.090999278499
-161.430001747385
-53.063672438672
-159.076868010462
-39.20681282693
-102.333501025884
-40.465360214872
-44.667097171492
-41.3556998557
-87.529032653544
-40.914592352092
-128.856691919192
52.011441141324
-191.156655844156
-119.996132150185
-187.225731787743
-34.649010332116
-36.249188311688
-157.279962713068
-208.934722151763
-40.428744053256
-1.12682418493
-32.778609899215
-86.5018115023
-184.756112323007
51.138829350988
-76.398379018984
-81.880070938176
-34.508498066604
-180.34585672574
-125.75506318768
99.740993923611
-34.105810476416
-172.160624098124
-151.30554780506
-159.301484431367
-169.037600474612
-30.86735448796
-165.647706839601
-36.931096681097
-175.451368455763
-82.984848484848
-203.521652772141
145.632132570121
-83.678210678211
8.877102498196
-190.159534096546
-177.529060837166
53.520562770563
-79.9653059614
-202.353625541126
-140.68463443024
-150.758567821068
-36.936397315792
-46.092094212211
135.248647186147
-184.717081529582
-200.924603174603
-85.679821372204
-169.056006493506
-93.961469465864
-203.239898989899
-191.544475164592
-92.725669783775
-44.354269536887
-192.899969279852
174.510990203373
-101.815295815296
-142.647193897682
110.018738585633
-176.388187821293
108.587128962617
-37.089007401019
-35.212584832702
-159.466658775253
142.037976725965
-178.354589420996
-39.725649350649
113.199675324675
13.039953102453
-76.994516524058
-137.143320763438
-188.771936017542
-141.266233766234
-163.215646278635
-10.022013522502
-205.045737790855
-172.272173464556
-32.399814269931
-92.712649655032
-33.026412281295
-40.187922754329
-128.820678887085
-32.049505236517
137.8596061057
-13.387966579861
-95.788311758771
-196.477736347854
-23.343253968254
-27.726842222448
-163.997655122655
-142.594815340909
-26.231421356421
-131.476731601732
-29.650232092127
110.233217357729
-91.903326653815
134.522286551339
186.433644832815
-157.171799608811
-125.185946377841
-36.806555369544
-27.822523505141
-38.012237328644
11.114996927985
-37.065303565792
-4.227002164502
-31.094877344877
-49.038538284632
15.449044011544
68.612193362193
80.774510591405
-151.156856652462
6.63674481985
4.046598800505
-173.103535353535
-38.907537286932
-156.792388167388
-144.710428081034
-23.252275122881
-17.212301587302
-191.802599798205
-92.279290533685
-88.462031024531
-40.683892496392
10.081910765016
-90.691738816739
-30.284985034497
-38.899322465729
-49.96626984127
-158.321415888799
-188.262085137085
-207.997085813492
-153.430182122565
-36.161816969922
-28.746219871708
-83.823773448773
-99.9007112137
-40.345431153048
-60.595371967442
-99.04799248061
-30.028499278499
-77.9176407631
-154.632485569986
7.296524113907
-90.297070171582
-155.015241702742
-156.237734487734
-108.72896585836
-139.223394660895
-151.926156796762
-42.634892451299
-166.749729437229
-198.983593609082
-100.677308802309
-75.801870546988
-182.583694083694
-37.353736161842
-25.56554594494
-145.573502886003
-38.931887936282
-38.244949494949
-85.912961224973
-142.669830982819
-37.49053030303
-142.949023578418
46.481150793651
111.938221500722
-146.013355513844
100.410964415359
-183.330795398178
-163.546098541216
36.652388843795
-39.427597332138
-174.757194574089
98.944534632035
-193.677115744499
143.816094820978
-35.035152727047
0.915945165945
-35.71714353355
-26.846791717397
-27.642378021284
-32.27807652417
-187.952741702742
-99.976489222583
-159.9375
-128.835600705718
-163.4568001443
43.917138037744
-24.233482988366
-174.053731370626
5.68567581507
-37.285152727047
-185.987922613411
140.421088324653
2.164605034722
-167.863205858811
13.676427359533
23.023028485187
-36.386350953734
-27.196268629374
-165.432379740485
-31.971681096681
-80.380128010011
-36.759199134199
-40.638520388032
-178.230158730159
19.236549366432
14.202999582882
-43.59813184862
-25.19036556976
-135.416666666667
-172.172688802083
-179.489989177489
20.688041125541
-159.92278674017
-153.239728831282
-67.363033234127
-201.71348177647
-175.48555730294
-205.882583508072
-37.009928385417
-36.981163476281
-37.659889914773
-174.614177489178
3.370212307224
-190.972423030528
-144.370420866026
-98.522018454636
-150.130583880096
-152.267225829726
134.827050851709
-126.253336940837
-118.31259018759
-1.838383838384
-199.508928571429
-102.910776289683
-138.382215007215
-152.007472887356
-194.898255715639
-166.098394660895
-172.400633708739
-27.446137575532
-37.626185121302
-190.841089466089
-149.207722453328
-94.000438255321
-158.500358284294
-28.271206766324
-26.631313131313
-174.769550273945
-193.321691383703
-71.369871989989
-39.58379202178
-204.989530489042
15.086322206439
-166.599837662338
-202.165030607413
-150.667498788104
7.487674949833
-28.361291486291
-171.724837662338
-33.772366522367
-142.058163245175
-120.06815363456
-38.983598541216
-202.888901571519
-150.54588505028
-158.426649305556
19.826581946699
-92.401904085498
-194.058191428797
-29.356032422439
-153.969807590413
-64.537711095328
-81.244588744589
-167.636286131403
-156.613636363636
-203.154393403905
-184.208583462978
-155.336768212256
133.346521154627
-192.06518519458
-81.741983521036
76.410144976551
-34.071899942505
113.052571614583
-162.847410347899
-33.069424011319
-39.204164271059
-139.805826118326
-26.763688080583
135.024809337798
-156.750352999865
-169.997843248332
-148.202130822736
-125.531926406926
138.716630591631
-175.203803520698
-60.886446073458
-187.953282828283
-180.802857678346
-157.421626984127
-102.394939207928
6.621281875676
-196.117452426046
26.708802238343
-201.52398989899
-81.569111877706
-37.900883838384
-199.030212842713
-137.413760230655
-39.401322093705
8.358323046311
-35.501159756043
-102.788597822533
-194.514880952381
-154.98775492086
-146.251443001443
112.545794862689
65.32187950938
104.672459105565
-170.279761904762
-73.934732368326
-92.121601055195
15.141934833829
-113.397616652011
103.995490620491
-172.679313362419
17.882485569986
-168.71453584393
-42.167867288961
-80.69046843998
136.617903363997
-37.055194805195
-143.871560188943
-165.641787574405
17.847673160173
-20.963463809411
-33.601288414277
-32.554300679789
-139.20948533888
-151.276798396916
41.081862148268
-35.737533679428
-34.820456941062
110.153048340548
-40.644849020337
83.438332121438
-187.973562353445
-23.554022366522
-75.486922799423
-1.268295398178
-93.088752339241
-161.191931874549
-23.9280176204
-158.120753432765
-129.728867920274
-184.472222222222
-162.983134920635
-29.182248686643
-36.955073897457
-36.651154401154
-32.290764790765
-147.172626798115
13.760662568768
-43.116805611923
-32.866148933532
-129.40117483428
-55.270555020067
-183.455815831304
-164.317993692505
-106.357261228355
17.277785528274
-100.068965322872
-178.749090373602
-31.309273679879
-116.053919496302
-176.120650562545
-169.13437950938
-173.237554112554
-162.127337126849
-199.241354673972
-30.805112368101
-138.060606060606
-196.006764069264
-29.681978123873
-39.109106551001
-148.161886724387
-165.77120183419
-40.577311197917
-30.678391053391
-138.25468975469
-35.999528628923
-45.581091326209
-100.047716985705
-31.465007215007
-41.702901644796
-191.00556344697
-92.452100173047
-176.842081529582
-84.159742655348
-158.540215914728
-38.29625848327
-35.632547573954
-38.46616697105
-40.043359797754
-88.324933204816
13.71165759154
-27.862103174603
-175.504238816739
-90.125922309028
-95.325404575893
-148.348152281746
-183.19256318768
-91.169823232323
-180.972201789096
-109.602272727273
52.196428571429
-92.666949912067
-171.155282597177
-138.238644114132
-36.272067775974
-32.984299608811
19.838043521149
-96.911866291261
-81.641803075397
-39.342061096456
-135.304375366387
-149.574577386589
-91.257575757576
-2.423971861472
-191.8701171875
-202.423340548341
-137.600641600153
-146.378156565657
-26.205815831304
-30.019578457567
-33.062610620716
-102.590581808599
-169.678751803752
-147.545364357864
-88.730859797754
-174.424901920996
6.326659451659
-161.203823953824
105.256132756133
-32.7886002886
-155.147386955492
-33.034090909091
2.688950751939
61.493264114358
-203.364898989899
2.075695571789
-29.38683500744
-27.977654263055
19.538219105114
-168.641754458649
-177.134477447466
-168.167055600649
-116.109930921943
-174.693890636273
-68.589285714286
-94.874729437229
-150.567821067821
-38.167658730159
-112.518508889114
-41.130841760236
-143.122554718502
-178.534243100649
3.404671717172
-36.936307128202
-82.145825582837
107.806264373647
-195.525765467172
-53.206898082386
-180.268315831304
-190.397637085137
-148.903790274396
-156.025252525253
-78.874852740575
-103.694173881674
-25.155836405348
-27.480068542569
-134.611283735795
-145.637257761769
-35.675955988456
76.728645974251
-28.199121516504
-110.929723434118
132.965548340548
-160.409652467758
-42.073510636499
69.63665463226
-2.341519970915
-44.351620981016
-202.476128472222
-136.445276565882
-62.844957315905
-190.246134616252
-33.174865986878
-29.173909857504
-34.777223969607
-179.353645974251
-175.933982683983
-158.021464646465
-185.709956709957
-101.131320881809
-178.6748941705
-38.429493737599
-160.592109713204
19.856712352318
8.305014430014
106.02226858428
-175.080475514069
-34.189200881584
-103.498363940747
-149.924069799558
-159.765574269481
-193.926324489313
-191.29137567077
-179.157995975379
10.630761789209
-193.415775007328
-27.213633968028
-82.931297489403
-142.253136132531
-37.517779637897
10.830357142857
-199.891406390918
19.643017084912
-69.860930735931
-96.063652005547
3.808982683983
-35.498093377976
-175.192653375271
-96.947523505141
-184.179924242424
-154.54059216608
-167.925505050505
-33.063339871934
-40.764978890467
-196.276432714421
-190.668400664006
47.696348600401
-173.771284271284
-26.441738816739
100.078581574675
-205.906184473079
-155.437569754464
23.426865614854
153.041636016978
-83.551226551227
-34.175677675189
6.355331354843
-146.730630101236
-111.142697200803
-130.470057720058
-139.888958643353
7.263868455763
-142.916334099928
-96.056207301813
4.160263347763
-38.996655308667
-76.914342222448
-163.098582786571
-120.78068421379
-21.155676463294
-200.248659868777
-50.433330937725
-174.230707606196
24.546418425325
-4.882916074811
-99.159000721501
-35.939393939394
-31.931387676993
84.359838268286
4.388187821293
-121.836920403815
-31.76642189191
-151.891303520698
-104.217975654987
-87.090380647998
-149.839979031385
16.310165339218
-79.13312709968
15.996843434343
-159.318272005772
14.398871527778
-92.234737864132
-79.961940836941
-101.157266724161
-113.919003793516
3.788780663781
-141.649358399847
-143.373224431818
-27.609590604708
-27.701110575622
-39.917109854122
-177.677316552805
-15.291947446
109.889447981489
-38.152867965368
2.350466509402
-35.239708398156
-196.360577736066
-36.353112599206
-171.569825627931
-90.688048876037
-184.087231832837
-25.837641904536
-156.5622167546
-38.933982683983
95.994421052038
-38.267496392496
-21.760441327336
-97.356521760574
-189.26234794936
-143.154859842848
-32.022894965278
-165.743797489403
-169.61248435809
-186.037981658099
141.351814038826
-149.224546666441
108.098677906295
-154.053218428707
-169.55303030303
-93.692452566964
-179.732065352183
-29.963904530799
-33.845869408369
-163.881230694219
-99.797681051587
-27.981331168831
72.978525136972
-39.004267000361
-145.343792627728
-190.626192871798
-106.12212174761
-30.425533234127
44.254308571203
-140.005042754554
-93.253976004464
-34.154388471771
-177.980060792073
-179.548902107008
0.1247167546
-35.612845108451
-33.704475700081
-181.357843924738
-105.348587718705
-120.665792974387
-201.932459711512
-34.47123015873
-172.251082251082
-130.833062770563
-35.020194269706
-99.264790764791
-35.817751313357
-42.792019666531
-32.413149350649
-160.444186564304
159.556990806502
-122.286533724522
-149.652437460543
-194.29788961039
-153.622462064845
-159.575564517947
-191.223103664998
-198.368416305916
-123.455725643714
219.955066146961
-126.459297213203
-97.947580576975
-36.548000231106
-183.625610880005
-187.970307849702
40.999007936508
6.475621167027
-41.097312409812
-31.998987503382
-31.400149655032
-36.11344823796
-41.425693176181
-36.455058396465
-44.085858585859
-184.657647907648
-81.81997781949
-69.600759971365
-201.443071197466
-26.642197646104
-47.732676232188
-199.811237373737
137.837180750023
-171.759928385417
-41.27828825363
-177.979138483045
-38.547807173295
-33.24695405506
-29.821611412676
10.477009914998
-34.784992784993
-102.04060484871
-98.343802844291
-35.778220965233
-37.619408369408
-28.106962481962
-168.164940419823
-10.046183796672
-87.663710909316
-138.97095959596
-169.776154401154
90.322691197691
-80.391872829861
-84.907557720058
-99.481794789412
22.347763347763
2.23718314563
-35.256936693948
-183.885649886138
4.229888167388
5.790063723169
-189.878517316017
-28.635211630817
-192.909902597403
-160.568542568543
-92.450499695617
-202.770645207657
-161.651605339105
-162.621863867469
-186.331681773088
-37.828942325036
48.442728414164
-94.953996578508
-92.624541311553
-55.760191197691
-130.181978123873
-31.885740073728
-112.462051457657
-32.52311620671
-168.090174907558
106.846021599928
110.196258412811
-163.997462064845
14.955357142857
-26.762345483293
-206.979785297168
5.532918470418
-133.344627215233
-92.526334776335
-146.709984893579
-39.435946377841
-206.083070521059
-180.242326304338
-40.100719105114
-78.416646233541
-163.933601500496
-196.661095469201
-36.76346613456
-84.585247705853
-26.871212121212
-96.363213609307
-79.299131803526
8.540035539547
-30.253246753247
-3.66759672619
-155.469093840188
110.987103174603
-46.12968975469
-194.671356421356
-86.492682122565
-39.370670995671
-44.420557415675
-33.213223896329
-31.653156495198
-187.649690966586
-167.996364312771
-31.5144173318
-30.965429969336
-37.223935786436
-31.037775917659
-189.022067775974
-195.928391053391
-36.704622959506
199.988788555195
-140.487811992695
-90.244428802534
-36.552038239538
-37.632132570121
-147.745933807946
-35.680387863005
92.753079060696
-33.124536379419
-82.875450937951
-94.383900387807
-35.028138528139
-193.272644835633
-174.634822696834
-41.413136668019
111.133830633342
-53.72800197849
-181.394648212031
-178.257923825307
-31.586953519571
-169.655573593074
-145.949855699856
4.854249103761
-182.637265512266
-166.602981545364
-67.558531746032
-29.499721686733
-80.094263998805
-179.480076293065
-31.041826608721
-168.623183565566
-167.929862238456
-0.172186076727
-184.0241829568
-45.641383491725
119.46005711411
-100.094496161391
-28.566939625045
7.153597216585
-198.35264122813
-102.621474933487
-163.025515337527
-36.738808988321
-164.274420403815
-203.113193176181
-32.82711038961
-37.989919423025
133.869691614809
-163.239538239538
-186.361922799423
-125.605519480519
-182.050304242199
-83.48862861314
-54.594086089692
-32.691370315882
-170.127422382305
-163.061951123963
-120.458846275253
11.44724025974
-99.651667343074
-201.212744774756
-174.034541847042
-36.626623376623
-30.26461038961
-74.116189799784
-156.609838268286
-167.44705988456
-98.105697389633
-160.518841455853
-160.486391890445
-176.807080994093
-42.125533375045
-185.63733526673
-159.11103889058
-56.632964691558
-31.064226246843
-94.471430967036
-36.138360445978
-150.538448097042
-188.62031024531
-31.406372598755
-94.590728715729
-58.048270793876
-179.859217171717
128.972603405709
-192.173791486292
-202.272915398404
-34.680081718412
-58.516594516595
-117.35473597583
-157.129877880366
-87.256493506494
-179.255148443137
-75.09326171875
-91.148698903093
10.069707256719
-30.466519970914
-38.039342222448
-28.542027417027
-168.708706766324
-27.809142626037
-35.353535353535
17.959948959461
-94.004308571203
-75.075046291599
0.128169248286
-150.518748802196
16.188672438672
-35.264540635146
-194.818916001533
-182.678558745942
-31.186340243957
-170.517947330447
-37.566808571203
-40.503308757215
-35.603777732684
-32.48260154559
-35.87908662518
-35.675414862915
101.965357748805
-192.477543290043
-188.950293955177
-142.196490575397
-168.410082972583
-161.616001674107
-167.36153386544
46.629030257937
31.406122469111
-31.725128658234
-194.513597892992
-54.877512569895
-153.440107689619
-182.548959178842
-107.602002164502
-157.252192685786
-101.256395568407
6.79634867086
-172.167576293065
-108.760351139746
48.96148989899
-111.591798284181
-34.500440721388
-191.322052134064
-34.562569754464
-102.946809754915
-42.921745355339
-192.711149581755
-93.55779756268
-157.416305916306
-197.791486291486
-37.000548876037
6.506493506494
-30.94227994228
-38.243715052309
-170.502705627706
-197.637293695887
-144.219163594652
-166.941676812771
-126.669650607639
-149.070088440206
158.139700577201
-73.190664316153
12.922910043516
-187.772186147186
52.248116277169
-35.36064749053
141.159459409948
-100.379501629013
-20.995910908753
-94.258207070707
-188.119027185922
-86.453914141414
17.359758297258
-170.221132220644
-31.587231832837
-41.048402552309
-39.301406926407
-159.543908673792
-121.933261183261
-186.243617114223
-154.792638297033
-86.661533724522
-40.687652191558
-26.601551226551
103.968253968254
-31.901347458965
-66.00191437252
-198.346889655483
19.854627821181
-189.845315600198
-143.635191197691
-92.20853414164
2.155553159948
-36.759096263979
-147.457000952606
-49.430264559659
104.375881442776
-125.140664457071
-146.446859076254
114.424662712505
-153.688845063357
45.493416305916
-73.480539913645
-154.428471024418
-128.575007891414
-77.384850880456
-85.728432483315
-148.853174603175
-156.595328282828
-169.926497113997
-161.68072818024
-38.859229854347
-163.198801632395
-108.80610689766
-133.817723129735
-149.259088513483
-37.8915120795
-37.713564213564
9.859848484848
-29.931266839714
-26.987914862915
100.992050809434
-99.79797979798
-31.743075988681
-198.534980102363
-144.755571197466
-35.182068311463
-35.139401830808
-197.423541356647
-184.090478586084
-38.068730694219
-180.508464950848
-96.694547314664
-156.371835683847
-133.420995670996
112.24600356241
-152.681176652124
-144.773268398268
-137.696158008658
-46.076922263934
-39.45174963925
-116.358606291712
-146.664211168606
-195.812528183622
-137.468163780664
-204.759449263844
-35.719947099342
-111.977522856917
-78.736644486156
-164.187672624684
-38.093156030168
-152.362123607729
-152.035381718976
-85.16829004329
-39.175505050505
-114.25287825239
-155.073054414119
-34.575868196474
-157.563213750226
-193.515584486043
-201.684343434343
-28.869781802399
-99.632395382395
-168.416687099793
-161.609224922213
-49.924533420139
-132.686397315792
-116.4280176204
-152.748165598507
-195.813041125541
-28.004787692776
-48.899793836806
-61.271286737351
-233.702901644796
-97.681797748692
-139.787067099567
94.310425685426
-92.706238585633
-200.442800634695
-107.22382516572
-181.682429061824
-33.016684704185
-48.37769787721
-126.986098428481
-40.256140506629
-30.551837431232
23.45652958153
-188.395993275388
-142.824294141189
22.803674298791
12.301690171807
-39.198162568768
-43.285201343795
-163.147379204996
-35.968802844291
102.791787503946
9.610920519368
42.917089420996
-31.768418701524
114.995663245175
-172.218697155709
-31.908902783415
25.570047573954
-136.128968253968
109.431727994228
104.195456941062
-170.778720872227
-128.983147603265
-93.177919682314
116.864087301587
12.239267676768
-167.380120259515
-184.786894474883
-85.909381904987
44.262092887581
-33.137696017091
-113.736173115079
-41.813131313131
-164.597853535354
-87.183088558577
-166.297709235209
-11.047709235209
-75.418748731737
-154.689123376623
-102.593163780664
-88.969877344877
89.749721686733
-5.348312223801
-148.832418774802
-170.557622119634
-181.765061327561
-177.585948773449
-111.774440836941
-32.641872829861
-162.987012987013
-181.222034096546
-172.955800330312
-38.582158428594
-75.635662568768
46.106990665584
-107.180277242289
-180.556194619183
-38.740512335971
-25.019568241004
100.688754875767
-39.908078412473
157.990560952719
-88.695616883117
-34.437221686733
19.822242725807
113.979805730294
-35.441087070482
-183.305916305916
-179.53698712854
-167.274051902958
99.91981301576
-153.062848067731
-34.514728760823
-155.169751011792
-23.45105632215
-36.5579004329
-190.097771098259
-187.697989944084
-25.025453333559
-153.832792207792
-177.657647907648
-35.733196924603
-158.011293881899
-167.041027603039
-152.65862728851
-114.249979566874
-82.035291531385
-72.331537332026
-149.470807404401
-182.799891704433
19.750097938086
-38.158632220644
-86.936798932404
-174.430194805195
-171.817612509019
-172.849940532558
-205.462572150072
-37.863463738952
-47.661193407287
-185.516504329004
-171.166584229573
-163.334505772006
-29.152166897772
-163.309142626037
15.315177444084
17.70174963925
-146.332238399621
-28.612644300144
-198.179493737599
-34.366349741838
-206.708403087798
109.317738630727
-177.448211890106
-187.077089956484
-202.612456174468
-197.965019897637
-30.88837594697
-171.760461760462
17.201927548363
-84.036082786571
-181.1204004329
-19.806547619048
106.869478123873
152.709856305804
-32.438790809885
-82.183519063402
-167.727162106557
-147.58475590165
-33.658918284407
-199.893238326344
-41.04329004329
-174.92237666847
-121.619125124008
5.659028905123
45.472374413781
-89.67984180533
-8.381034818047
-33.457423706935
-38.119650748557
-43.041305916306
87.330073897457
-26.75001268263
-168.653561282468
-57.636572195166
-160.061500186012
-173.313492063492
-34.987115857233
-32.760010822511
-33.162608225108
-38.216893403905
-96.371212121212
-167.956627519616
-178.556465181953
-71.326311383929
-162.464819089331
98.248938182044
-173.582513894526
-151.616674558081
-31.12270691006
-26.340290460408
-164.894558024441
-161.11840855542
-203.460678210678
-183.595889841495
-149.392586580087
-28.878128382035
-190.886162828057
-185.367965367965
17.524322465729
-34.275695712707
-79.758838383838
-28.555073967916
-36.104900850018
-194.421905297394
-163.890762395157
-153.87657440758
-190.819341574224
-34.078192640693
-132.382284761679
-153.7481884977
12.863035700194
-158.136724386724
-157.998306868912
-95.817841500947
-173.766767141279
-161.157828282828
-2.307712307224
-211.411345598846
98.059343434343
-191.688943001443
15.128156565657
-87.250388933983
-164.022977402372
-78.473422844517
109.515221269616
-177.843344155844
-152.153589466089
-147.229700041712
-30.817071383478
-179.784361471861
17.276986522592
-174.643390517902
-28.075835080718
-184.56260287022
-185.393024835408
-57.822170505276
-97.174595424107
-180.149974211986
-200.660090723079
13.235181051587
44.231769424152
-23.894598890693
-43.997765743371
-37.629597101033
-175.445606666554
-183.871209655145
8.938783059389
-32.765414327426
-108.115540519593
-154.528298470193
-25.025551271645
-152.056207301813
109.764259855813
-74.451311383929
-81.109279175685
7.901667343074
100.104695109578
-100.656462786346
-36.673994760665
-174.432068311463
-28.256833823728
-34.714007401019
-154.436987058081
-208.472735164141
-40.443251572646
-86.934794372294
-204.454565887671
-25.458333333333
140.48873676779
141.627525252525
-93.822753201659
11.213862959957
-138.939012755907
-183.4809831011
-28.668462667974
89.17804298566
-148.56162630772
-27.310072685561
-42.632104386499
-82.668039913645
-102.711863331981
-73.659541847042
-37.464208209325
-39.572248010236
-195.396284271284
142.280841689777
-75.555212772254
-139.280511589105
-36.020575453193
-25.890074010191
-35.043740981241
-158.875450937951
-34.480581484488
-27.776244588745
-154.791498974116
-97.309155308667
-182.325036075036
-174.407356911751
-34.448523319129
-36.836329956935
-188.427398989899
-146.539051226551
-31.35073953824
-138.69046843998
-146.996121933622
-28.600108225108
-209.880501443001
-161.303300865801
-157.195132477115
-148.750270562771
-141.770459900343
-165.402958152958
-157.130944630456
9.130882626488
-122.713113275613
-131.409541847042
-110.060766002661
-173.717359842848
-80.435265743371
-143.037157287157
-150.072851139746
-149.04519173318
-105.776966089466
-213.249479307585
-152.246302308802
-36.182076061959
-101.114968744363
-40.814455943362
-146.369047619048
-96.158377158865
-110.230339105339
-100.922438672439
-185.912948542343
-166.373368872881
-173.783709725604
-34.350098008545
-106.484668109668
-189.780150838745
18.217261904762
-169.086191152597
-33.972021413916
-34.246933621934
24.8973640563
-37.943264255276
-198.130751572646
-78.679202741703
-31.977723665224
-198.798709049197
9.295286852904
10.049512987013
-83.114558672664
-159.017919146825
-190.353522670905
-89.684626679744
16.559683751578
-119.30781024531
-188.265983636589
-102.548590677985
-91.700036075036
-33.677741773201
-65.497273939168
-28.818374875992
-33.341331845238
105.681014244003
-153.181019176136
1.984820301227
-85.352613044508
-174.239911672529
-29.222492784993
-151.490360144413
-185.116439929428
-37.270562770563
-190.23852574292
-131.452831890332
7.164118514949
11.673533606151
-201.386273448773
-28.20843127142
114.285353535354
-33.294921170409
-194.528957966946
107.575948167501
-172.497307054924
-194.389589956484
64.281315526921
-27.699294141189
-174.216983591495
45.579184704185
-23.427579365079
-159.333415770428
-87.037440532558
-27.175123867018
-41.030130405619
-151.69409144458
-33.457423706935
134.858392800776
-149.967831213925
-36.502102498196
-108.624541311553
-144.677587115575
-34.696498325893
-32.143939393939
-36.033266538149
134.37003968254
-145.389618140106
-167.848276289683
-90.680284992785
-35.811786249775
-193.296959550866
-40.912267907873
-93.671273984262
142.746490434479
-152.397436276831
-161.189422123016
-192.110930735931
-170.207070707071
-125.663891284497
-184.137904575893
-101.010363822376
-92.31755050505
-100.366522366522
-170.354076479076
-155.871683492289
-82.811876437365
-154.647095959596
15.8662109375
-119.377074314574
-191.651973839962
-136.062958688447
-35.087384024396
-49.753759695166
-41.020111832612
-143.314997068903
155.447302263708
-182.495019249414
-174.796737604843
-85.223935786436
1.808158313041
-91.998889565296
-175.011273448773
-158.935162873151
-196.367133246528
-110.832714702832
-144.324765512266
-191.94487494927
-33.598665223665
-163.306707561102
-36.944514198909
28.891143578644
-94.499069940476
-51.953561141549
-98.372655122655
-96.430485801091
-28.612311733405
11.445276565882
18.945464691558
-31.597062280168
-28.408271470283
-190.559065121077
-167.128689940702
-25.880218197601
-186.325306637807
-114.705619955132
-111.084075267181
-206.307469928075
-175.758276825171
-190.83181282693
-35.749340503247
-173.245678746167
-34.610381859894
-90.354797979798
-29.734479983992
-145.400523088023
-141.705058396465
-109.834894705988
-159.515865265377
6.631230694219
-193.510912698413
-125.696621629239
-120.979527417027
-108.902496998444
-98.29259672619
-75.858232858721
-58.138360445978
-188.86803512243
-131.873626753021
-83.587716238839
-198.302378556773
-158.341171903184
17.452919611855
75.28851010101
-87.817653375271
8.355171412789
-161.089576710182
-175.018488455988
-34.878517316017
-141.019771515377
-127.030872339466
-138.349915167298
108.180256809163
-39.869039868552
-141.688922568317
-38.360399826953
15.174250174738
-160.457168645157
-95.846521154627
-159.639971139971
-27.554805871212
-94.672521109533
-151.029122841135
-168.12022005772
10.166944979933
-167.606954731466
-80.686069681187
-34.074252570346
15.550865800866
-92.100378787879
-195.195719753337
-30.139229206124
-59.904110158505
-3.823621257215
-36.790391357774
-28.879579133974
-175.809433621934
-26.484616322263
-193.592893217893
-38.87977994228
-144.400773217668
-36.762778454185
151.72113997114
15.727182539683
-37.250097938086
-187.469758973665
-201.868326118326
-170.768057951163
-41.806374994363
-36.701569264069
-189.993944748828
-38.653609899215
-161.158480029086
-188.468905714511
-150.765249453238
-182.388249825262
-90.229888167388
-33.547508426903
41.942741096794
-184.727481286075
-35.766135828148
97.77551287146
19.41215482109
-146.310363681457
139.741349741838
-126.202172393579
10.320977633478
-28.962309337798
-175.422258297258
-40.098665223665
-192.473103664998
-102.938479380862
-82.272719522231
-37.12691437252
-199.005058255546
-177.29788961039
-176.064824444219
-35.986922799423
-82.206439393939
-154.893918960814
-0.910250665133
-23.967004024621
-196.365710678211
-161.247933435922
-175.972763347763
26.805617559524
-29.507818136724
-147.090818903319
-141.271825396825
-88.421085858586
81.985121513686
-168.014811197917
-184.570318136724
11.589646464646
93.489430084889
-196.791027603039
-195.282196969697
-177.7153059614
-32.168220288826
-190.134018759019
-96.951319134425
-148.808073057585
-99.784992784993
-35.354158916171
-95.87299543989
104.659652467758
-31.983333262874
-161.443083880096
-114.98157354798
-158.213015337527
-0.848567285579
-96.58676046176
-178.939143809749
-36.907828282828
-35.977785669192
-155.514582205988
46.301559117965
-159.863608180014
-94.159910347899
-190.193202251308
-158.962461529356
-55.988296046402
10.443620073503
-36.868874994363
-86.421799608811
0.725386538375
-85.4613997114
-93.699873666915
-153.362914862915
9.620580808081
45.72323471884
-204.143970043628
-96.473206535218
3.795753291847
-36.141795324901
-75.068813131313
55.926427359533
-100.242243867244
-82.413046480429
49.377525252525
-24.408660404266
-16.931880185786
-89.271096145608
-156.384998139881
-114.856679236562
-163.445964950848
-40.77074561181
-149.675636456642
-30.180367429879
-33.233505887559
15.268911210317
1.319526881539
-92.885551948052
-33.222943722944
-28.499360936373
13.249218961377
-136.620928875812
-205.188672438672
12.520003677963
-36.84354496415
-153.893648398043
-166.563409626398
-10.43090855542
111.537059349071
-76.664960852949
-142.719343969832
115.137793955177
-35.34919859871
-244.365411931818
-162.221590909091
95.414051226551
-188.266684704185
-37.796717171717
-89.70211038961
-156.341367779356
-49.020034327652
-29.07988577178
-131.482225294237
-124.333140275523
-95.623619002525
97.264597706981
-33.03851010101
140.616244053256
-204.608127170139
-190.115793115305
-39.415223665224
-103.730579018421
-156.297098355204
-154.373203998692
2.280102221997
-37.998768023426
-0.36447623557
-29.73671424062
-28.61208027541
-87.870830937725
-161.510101010101
-86.30820164536
-23.452999582882
42.700466579861
-188.018308080808
-152.36247167546
-149.919975423882
-104.553661616162
-92.628074128562
-105.542748917749
-41.085747965142
50.900059467442
-17.554120304609
-207.981782106782
-177.810889306006
-179.064873060967
-37.686069681187
-135.588904530799
-216.571158008658
-65.705557951163
-187.550435296041
-165.970516408505
1.306978123873
-90.520820650703
-35.017225829726
-149.795532050415
-27.12203156002
17.736381673882
-90.903396408279
-7.489368080921
-160.481413605925
-150.471119538014
-191.523727086715
-48.234147417253
-150.072219826614
106.835956523945
-181.727383347989
-88.421536796537
-26.824211704095
-42.055485801091
125.998376623377
-84.860577736066
-166.111111111111
-159.068722943723
-32.21616697105
96.635441327336
-34.127635873241
-33.508359262266
-97.756583694084
-81.360781010439
-93.958443954049
-3.418372480384
-35.873294186282
-154.084255642361
70.182011239628
-161.151064213564
-178.956349206349
-31.028929783324
-150.229179349296
-154.165486477498
-184.146354025749
-131.818272005772
-36.822531255637
-29.267857142857
-205.393861888979
-83.706065960949
-160.09595959596
-33.60588023088
142.38674481985
41.293761414367
-94.096348529942
-79.377422382305
-34.479818412924
-103.875069754464
-77.172778989674
-152.128627936733
15.057892682404
-140.140074010191
-174.45975590165
-39.154524457747
-45.298402552309
106.86536261048
-185.338203463204
-163.729256854257
-67.429821372204
138.187139249639
7.149142090548
-205.571859076254
-165.856531977137
110.005851976799
-22.582820391414
-79.09145021645
-28.096681096681
-141.699843017226
-43.419802799197
-188.293339012333
-185.445977633478
-77.167187359082
-96.642857142857
-31.45652958153
-99.453130636724
-41.855810476416
-40.993756623151
6.294462481962
-195.205988455988
-29.042457921852
109.22314453125
-174.841839150433
-153.241710492199
-160.061889119995
-35.84134734623
-92.070408324315
-30.731962481962
-87.494047619048
-91.369220243732
-130.970848975244
-148.396652772141
-183.910817155934
-161.693462597515
94.203733766234
-31.464383652372
156.436845787676
-48.428391053391
-83.319774545116
-187.879308571203
5.527785528274
-85.67316017316
-151.176587301587
-44.881854256854
-40.49131380772
100.569153448548
-29.552045990034
-164.337031024531
109.465110085227
-149.011925195031
16.419993390941
97.310974561463
-166.675796046402
-89.285090723079
-42.123454128337
-32.473206535218
-174.253318973778
11.101453288465
-134.136072640467
-183.516032957928
-24.736729741613
-52.744879740485
-186.498106060606
-108.288046480429
-28.839564027552
115.12213443024
-181.370060115666
-86.513319579726
-177.252324444219
-148.138590142496
-152.777617835723
-163.406292627728
-22.553571428571
80.523276148764
-1.591171903184
142.519009148404
-35.318264255276
-200.061257806863
-84.996773679879
-54.32205988456
-35.088543780438
138.714275497723
-39.130772005772
-30.918269610164
-34.163391729798
-142.058523995536
-159.668540172935
-165.828726015738
-192.529310966811
34.97383784835
-198.166736421131
-152.225989667884
-157.679022366522
-17.264700577201
-111.11934636544
-163.1222119352
9.998126493732
-171.313832380727
-100.209145021645
-62.920892800776
-82.308724803842
-38.597853535354
-35.227473535579
-36.78154522344
-78.747732627615
-34.33439515129
-26.703733766234
-106.624631499143
157.217462713068
-163.557531932044
-31.965909090909
-181.063754875767
-105.837461529356
-36.952689915336
-136.842282337888
-182.120670995671
-52.292831354843
-133.947490389385
-157.644959641053
-34.849729507688
-31.85369529559
-156.665494227994
-30.71426528116
-103.551607734713
-41.815025252525
-209.369498556999
-37.214466089466
-5.09232390873
-166.195699320211
-150.633748196248
-23.007403132891
-31.271005958018
24.883289507801
-185.901687776199
-140.146562584551
-92.019758832747
-177.85588023088
-160.510925381043
-180.369568311463
-164.614726365215
-43.611824861337
-79.388597892992
-114.555292743281
-197.974567099567
-80.765690174626
-161.360549552444
-76.749618816513
-171.424873737374
-106.705988455988
-27.311317344765
-153.069173881674
4.904942279942
-92.238033234127
-204.270763578869
-153.123709190115
-30.863914676903
-81.66215482109
5.039241818295
-185.902679839692
-34.588175279582
-94.367326304338
-157.158737909226
-147.759137130231
-144.966109899215
-188.679001933396
-43.859959105565
-87.859229854347
-106.288249754802
1.649330216225
-186.790785223891
-47.726128472222
-170.733323046311
-34.422557043651
-83.936425499414
-7.245490620491
-87.148608715503
-87.993133060516
-151.493326118326
-34.14152476213
-64.130058255547
-125.224296536797
-1.681727994228
-110.82150079196
-33.539411976912
-34.772554648043
-96.668710331552
54.573121702516
-164.666045570098
-84.805928988546
-107.249381369499
-178.733794417388
-171.527888398494
-145.66142803594
19.181908369408
-90.449585137085
-32.589744402733
108.143746336129
-36.416674417163
-123.681727994228
-33.218447026064
-39.975468975469
-187.236943232549
-150.998569681187
-115.071779105226
141.958516174581
-70.808614183126
-0.695879695391
-137.367223434118
18.564924848372
2.646485079591
-26.598665223665
-26.743887676993
113.499881628788
155.013638759244
-76.224579782197
-165.600759971365
-40.110577736066
15.121412929518
-32.55503486314
-20.452922077922
-32.13561395202
-146.609910488817
-176.734938672439
-36.791944979933
-131.673778803662
-31.949592887581
55.54520441581
-178.257423566017
-186.847124284136
-92.798979611968
109.450917517812
-84.765775077787
-27.647907647908
106.804826304338
-109.033990504938
105.894813086219
-101.012257761769
-35.755390822285
133.286706349206
-102.931346810741
4.778138528139
-36.536054602949
-34.692718197601
132.342885467397
-174.724927849928
-140.622863681457
-86.934072871573
-146.741174298792
-31.63952020202
-73.204816017316
-98.193655655326
-40.095681282693
-166.173340548341
-140.115066682449
-146.525883838384
-173.054200275636
-175.587371341766
-74.17976430037
-39.234766047754
-92.020750896239
-186.595529091135
-42.015040894435
-158.75983044733
-72.700579666644
-146.313342338001
-152.996039496528
-142.209706580312
-154.424783549784
-136.513618326118
-48.041313666802
-213.294552669553
-26.826922263934
-152.57971807923
-189.553932178932
-42.45652958153
-148.618506493507
-149.635469510958
-165.935946377841
-39.440283132666
-44.805916305916
-81.959145021645
-185.707258832747
-145.58831408392
-84.875901875902
-146.841452682517
-21.593774660669
-94.246544687951
-149.107330982819
-140.215909090909
-165.004419191919
-42.090388398494
-83.811255340796
-191.347582972583
-157.237283549784
-181.438010475852
-97.671724922213
-134.621052179158
-187.338536029942
-154.506931761815
-105.269681327787
-25.994506307495
-111.673371198029
-103.197219826614
-10.556727994228
-83.862000304383
-55.253439811057
-103.137556508162
-139.735910302805
167.821977447466
-85.643308080808
-200.866432178932
-177.294725294237
-158.532807849702
-42.64133170432
-170.738713868597
40.336878832973
-145.957529395518
-35.804383116883
-156.810876623377
-139.929916491928
-183.760802077697
-191.015602453102
-35.021013708514
-37.230158730159
-32.718434343434
-32.084204559546
-30.761626448638
-69.124549062049
-185.800574804969
-128.986492294598
-197.054014616026
-56.723768093885
-184.208665900072
-158.265865265377
-28.163760230655
-155.200847763348
111.615450332003
24.026327025839
-196.494109623016
10.140061327561
-63.904769655258
-199.563504746122
-108.131583694084
-193.743957431457
-36.3556998557
-185.720668600063
5.411616161616
-100.043993576953
-116.820526695527
111.792867288961
118.214084905979
-153.160832656926
-175.947760952155
-84.388901571519
-165.445346320346
-100.046869363276
-182.490780432675
16.135093259605
-141.820645066739
-192.255308032896
-120.150100333694
-156.143225643714
-184.19923213722
-156.220967346456
-187.683428875812
104.988806522254
-34.020632525027
-42.653957966946
-25.220848975244
-91.776244588745
-190.19371272716
-77.038448097042
-152.572322696834
-45.287608225108
-166.172266047754
144.524240028635
-205.583972396961
-47.664960852949
12.774280894886
-70.984750546762
143.397897431345
-27.208866708378
46.527687590188
-92.887979262491
-25.181547619048
-37.595779220779
47.086878832973
-42.211227086715
-178.595508658009
-165.504349437455
-150.375368500857
-34.607593795094
-102.318534818047
-30.114718614719
-31.342991155979
-34.331338989786
31.916305916306
-205.457418422506
-180.198745265152
-144.772797027192
-38.764721010326
-168.379968067956
-39.667228225334
-126.35648336039
-184.194624819625
-183.07187950938
-163.43958206507
-32.161796536797
-190.306547619048
-202.361853044958
-37.953823953824
-153.562778313267
-176.925394429789
-186.441378066378
-190.076770072376
105.734307359307
-35.872753060741
-151.75449669688
-36.756341314935
-147.614628427128
-192.226842222448
-99.171467042072
-20.10361779063
-0.448600824089
10.165702786797
-54.05954424265
-30.933428875812
-165.275141904536
-90.41550197849
-86.019488269977
-30.046827792433
-93.582722453328
-146.717733275839
-98.874466624955
-29.53297800832
-86.315734070617
-143.994879740485
-2.797549293155
-87.516754458649
-134.675402180285
-42.262273262762
-38.993506493506
-75.435863940747
-136.248196248196
-187.910276030393
-169.076569264069
45.324203953598
0.577839640828
-151.222851069287
-48.086662523674
-193.084333147321
-194.669462481962
-158.101468789457
-187.114468485074
17.762167574179
-184.951597447691
41.774322465729
-178.233134920635
-147.802246798341
-29.197428385417
-32.590437719832
-27.122023809524
-34.77617483428
-82.97869529559
-88.683191428797
-35.257506003111
-156.946802004419
-35.86717411278
-143.381251127345
142.85978648088
-172.76234794936
-141.030220593209
25.156655844156
-90.23556998557
-98.988566609172
-111.52677796379
-142.781926406926
-29.135281385281
14.619310431322
-145.394578457567
-134.541403854392
-186.357385236292
118.872593118687
105.89517383658
96.053478774914
-30.97142321654
-173.214285714286
116.464383652372
-210.763187821293
-153.031225339331
-164.431158685065
-126.979728225334
-41.745601241207
139.17697623557
-115.73566017316
79.57711038961
-163.421176046176
-33.102162106557
43.799530954072
-23.792929292929
-134.990161802174
-177.905511589105
-41.603896103896
-134.345508658009
-47.874701253608
-190.262909508027
8.954787833694
-32.221299913194
41.575337287496
-97.702471139971
-187.211850649351
-39.836940836941
-190.910984848485
-25.590007215007
112.194686823593
-36.254710187816
-115.211041427106
-181.481122610029
-174.157807849702
112.518418701524
-38.589917027417
-142.067792884199
-154.161788786301
-26.938950751939
-30.166416537022
16.546529046041
-30.783266538149
-148.113458454523
-49.582529395518
-29.15854978355
106.665383607278
-189.470037286932
-185.569083694084
-153.851301096907
-107.533748125789
-197.135392005998
-39.985667923656
-29.080689709596
-168.85073953824
-134.794171486066
-83.253357373963
-107.439386188898
-150.117403809298
-27.839896594291
-195.637987012987
-47.213633968028
-151.465437719832
-99.001540939529
-18.405663780664
-142.122564935065
144.857431386972
-164.334054834055
-176.568730694219
97.476038284632
-155.422541542659
-171.004890562996
-36.04737666847
-37.981491110886
-179.417109854122
-37.863373551362
15.296895080831
-180.502914186508
-30.890061327561
-165.525154587166
-29.766955266955
-175.982864357864
-173.664231601732
-198.346222408234
-39.22670341811
0.91158304586
-157.81622587482
-158.434807054924
-35.597845784858
-168.196629379735
-44.575425009019
19.73766473327
-103.744859307359
-30.743617114223
-180.527880647998
-124.925144300144
22.330627705628
-163.117063492064
-76.088466275478
-109.118346551452
-39.511827256944
-131.89508364899
-142.833124774531
-85.862025669643
-35.14125419936
-166.865600057495
-85.458415770427
-114.517496392496
-97.372384559885
5.371232554338
-0.67507454568
-206.056109363727
-25.442107317596
-159.255419005907
-32.280462972358
-40.373654936643
-33.342983405483
-40.759732509244
-28.909431226326
-33.386724386724
-166.397374272863
-0.945977633478
-6.702102639114
-183.979089161706
103.190295815296
-188.84630766369
-167.999889379284
93.043387981376
-134.778991434997
92.026314343209
-157.634920634921
-139.57623669733
-197.541494041982
-36.228063982459
43.638409767316
-167.677120676632
-202.867777242289
-44.339728901741
-27.347956405574
11.796925730519
-30.022276334776
-170.886994949495
-83.693813131313
-32.815996882891
-42.557011239628
-31.996905438312
-36.701832076344
-165.314546130952
-87.555916305916
-161.294843665449
-154.858933926317
9.173528674017
-35.988205858811
-32.811605874594
45.863177675189
-177.060436254284
-33.08388220937
-153.923611111111
-169.800775613276
-27.986742424242
-50.842171717172
-15.486469395405
-41.547619047619
0.493854561237
155.431825932314
-168.852481286075
-131.698051948052
-175.25468975469
-41.284549597538
40.386115972786
-94.896485079591
-21.826228946834
7.755972814078
-36.792588975694
-31.313569568452
-38.095967346456
-160.000894125406
-151.642656334551
-0.797696552579
-38.466792999752
-90.754591816604
-100.395735395247
-193.795552483541
-27.668643043155
-103.60378548318
-97.572961760462
-45.395304890422
-185.346771284271
-173.554903809298
-57.17297979798
51.354146233541
-75.025502654897
-162.256313131313
-155.539764976777
-29.318014125631
-119.36734180533
-142.444264069264
-165.967261904762
-150.097923289818
-37.030122655123
14.311688311688
-185.969849161255
-171.712579900568
-24.760544197556
-34.925435296041
-75.013548571654
-196.381743636138
-77.573252756358
-29.467900968389
-158.407640157152
-207.067723129735
-190.935626493732
100.302218614719
105.458505958018
-161.043838919327
-35.830094330583
-71.817798168628
-30.886696203102
-163.449056694174
-94.490592306999
-183.662267907873
-34.872294372294
-22.251685380592
-29.633956755051
-99.154679467668
-138.908168600063
-205.749641715706
-37.813471630366
4.556568052174
-164.594246031746
-73.093156030168
-36.500108154649
-72.554125236742
-97.441896292726
-27.647095959596
-191.440045685651
42.590826653815
1.338724155619
-139.518931643443
-50.137064703959
-1.774072336084
10.975749754802
-186.048049552444
110.74033724522
-26.065734070617
16.586680490733
-202.718802844291
-166.075146695752
-86.142504142992
-80.938742193137
25.025785900298
-174.236680420274
-76.910020968615
-40.878677258072
146.558421125316
-36.557637620626
-28.690664316153
-172.666669132734
-40.306738210791
-137.509642321654
-145.24609375
-171.667540358947
-203.5930940262
-153.088203463203
-152.652795744837
-35.939654285602
6.276244588745
-183.529921846816
-169.126443001443
-56.50965007215
122.45870183419
-204.640610203598
-30.384948818543
-160.01424963925
-198.239550922168
17.480088975694
-51.285804473304
-36.219689219201
-28.09117965368
-96.6829004329
23.6381649221
-35.207451890557
-175.010912698413
97.097485034497
-61.430104617605
-33.841921587527
-26.860201484713
-28.28363997114
-196.319346506358
-174.053403736021
-204.8345882091
-155.997454314349
-157.650224341631
-81.663788414277
-161.718246217758
-156.377365310471
-37.816390749008
-186.495781616387
-151.566746567235
-41.10396585836
-31.664592352092
-36.277437460543
-85.16551466112
-175.602695481602
-86.838917213429
-193.720119724026
-154.336510332116
-158.289690290179
-139.185093118687
-32.774350649351
152.928769770811
-159.298881673882
-116.815857373963
2.681818181818
-36.64802601912
-87.144743331755
-36.185528555646
-46.259206884695
20.214568959686
-194.743777056277
-96.338213679766
-37.585941022953
-183.523920144526
-40.83917509357
-92.541666666667
-30.309150376533
25.892947330447
-48.128336940837
-193.869318181818
-142.645572987126
-65.287878787879
-158.119921311328
-189.992043058938
-174.845570661977
137.521804963699
-157.252677444084
-96.920995670996
-188.605962667974
-110.560979493597
-40.363816738817
-159.456259018759
-180.883920820933
-109.629607317596
-150.371482683983
-162.945075757576
-158.755862193362
-172.098381978265
-182.928128241117
-134.706509148404
7.63138041971
-30.179223174829
-32.979527417027
-107.878787878788
-180.815463507846
-166.35597041847
-153.219413724296
-103.724719291126
-30.195887445887
-186.653236466225
-185.575296421244
-181.242576433983
-148.496232554338
-87.609840734352
-92.285345784858
22.122013592961
-175.187402061914
4.288066913555
-204.416666666667
-147.732864357864
-87.553509424603
-53.06537825239
42.424180420274
110.283286971275
-33.406364848259
-41.834789017406
-41.46654040404
-85.112811992695
-159.330004142992
-196.215921773539
-93.240630707183
-86.254890562996
-34.810348180465
-104.218496347403
-145.902787994341
-207.52406740395
-99.664502164502
-145.581689523584
-154.460149767767
126.614628427128
-107.611742424242
-121.907258973665
-37.829344646239
-103.906926406926
-43.720799653905
-194.78172559862
61.981684168696
-18.537407416802
-139.057429061824
-21.429543058938
-143.147394705988
-176.373835311824
-49.764852768759
-174.29023141572
21.380411255411
-176.119871989989
-144.284964601371
-163.403839595734
-152.328012265512
-144.62769787721
-178.783611787518
-33.445096190702
-133.638881138393
-85.04547497858
-175.505514125631
-42.490718428707
-202.332681587076
97.434260997249
112.476182725694
-39.6681998557
45.163579855474
-99.79510154559
-69.757284761679
-170.820366753472
-95.359196738591
-153.290854978355
-32.700126262626
-119.986221731827
-194.185147372159
-137.830279637897
-94.372745310245
-38.115419682314
-85.362270867154
-115.286185656791
-132.306727994228
-163.719163594652
-100.058073057585
-71.753878066378
-91.316468253968
12.285423289818
-40.29616829568
96.377607689619
-163.132132570121
-34.391574083469
-24.782738095238
-36.790404040404
-175.486033606151
139.854089161706
-180.201937764926
160.094696969697
-91.634678255772
-29.703311011905
-165.743604431593
-94.880679352115
-28.97035646645
-185.563303937816
-100.30275974026
-46.191926942415
-121.409980102363
-111.187597938086
-37.5884944591
-9.5431998557
-197.51443001443
-82.206349206349
-149.877705627706
-198.94715007215
-186.339195526696
5.382215007215
-95.283119278725
-97.18063799265
-36.603056231962
-172.88160412721
-77.097825351732
-149.211379278274
-28.656225339331
-176.456189264295
26.543761414367
-30.585760647772
-188.661345598846
-163.115800865801
-171.937840317235
-93.000729251218
-158.856599265535
-85.883555138438
-200.191911441423
-186.933073057585
-39.835567589962
-179.684163059163
-162.113074804969
-28.688291255186
-145.215618095013
-119.430187054699
-82.701017921965
-28.462224082341
-178.607225294237
-186.830710142722
-162.790063723169
-159.157377344877
-30.038481917388
-23.403130777642
-37.82988577178
-195.5165120795
-35.746544687951
-188.578455452967
-147.76462307224
104.557088744589
-162.55554780506
-92.567210187816
-31.584145021645
-173.696518759019
-47.777597402597
41.062417562906
-198.061126753021
-192.018668831169
-175.17219629329
9.365981240981
-173.621420680014
-84.329465483518
-188.20078575938
-35.51842645202
-176.222763347763
48.599665037653
-95.67507454568
-199.005488760372
-43.137162642045
-205.999451123963
108.753329190341
-1.277860214872
-155.165875411481
-162.894689078283
-160.226308847403
-190.652306406701
-32.673340548341
-94.127705627706
-85.099407157513
140.132297444309
-157.695153262536
-201.54988148787
-24.980908414502
-37.513445701434
-33.945699320211
-170.959263392857
-77.712141645247
12.736381673882
-173.871031746032
-94.147719522231
-32.020580737622
-178.096500721501
93.86534992785
-32.869962177579
-151.132686378292
-198.99331836783
11.267504142992
-74.323863636364
98.063742193137
-172.368063306052
92.025342712843
95.573510636499
-25.915251848846
-87.86047979798
-41.182970187365
-183.902527648133
-39.064852627841
-83.676677489178
-162.481684168696
-101.531114718615
-134.946310200216
-157.251705813718
-100.00955988456
155.690906695301
-34.653707837302
-89.830627705628
-29.283029091135
-169.248544315927
-90.247273939168
-137.286804287293
-180.358134920635
-158.210039147051
-155.820624633613
-154.92863343254
-87.144550273945
-155.806998556999
-96.450126262626
-198.085199089105
-29.090249594156
-198.096750851145
-113.624069940476
-33.856122610029
-197.506194760101
-32.653942465954
-38.60577736066
5.854617604618
78.293462667974
16.77580140129
-31.979187099793
-176.374085441468
-197.19018519458
-38.824904316604
-35.488095238095
-82.149538775027
-108.148608715503
-145.47094691333
-28.205274705763
-44.246830751714
8.786275844381
-146.123659868777
-186.15604496415
-98.115911486517
-190.316767000361
-177.840249594156
101.522296767902
-150.491279987374
-148.008207070707
-145.000631313131
-158.02426046176
-25.65386002886
-198.863102988591
-45.932789812184
-118.025793650794
-68.652855282738
-39.792027417027
-29.604609854122
-40.675324675325
-180.293630360525
-173.730339105339
-184.706168831169
17.194093910647
-161.505223129735
-17.840239377593
-38.646727458739
-175.721853721365
-170.67697623557
-28.911824720418
8.05944137243
-88.769660894661
-31.995379999775
-37.582153144165
-72.982385236291
23.015339640828
133.613175209122
-41.259497880592
-107.615001860119
-83.828540708424
0.666063537157
10.311969091022
-172.635039006133
20.860690822849
-140.685868872881
24.980228484623
-101.060322815206
-31.287868571316
-41.075306637807
-180.613213609307
-27.35760154559
-136.168650793651
-1.654491341991
-87.914960852949
3.706537332026
112.991612554113
-174.13673213722
-190.591818717307
-193.982982729076
-135.204663825758
-185.565628382035
47.873208930826
-31.852210723304
-191.495761183261
15.348214285714
111.74243199292
-184.824286390693
-30.906114718615
-138.091442465954
-145.591610158505
-37.918740981241
-32.960987173634
22.923240144187
-107.193452380952
-60.900530838519
-187.240891053391
-180.998348439755
-192.424082482188
-191.734377113772
-35.01920995671
-41.524891774892
-157.183170995671
-159.302128427128
-98.870470187365
-132.738804056187
8.515074010191
9.957714702832
-76.748397056503
-99.459423334912
-189.599386724387
-157.263909322015
-200.121405531318
-140.69235744724
-73.352293512694
-151.826491759109
-170.669802799197
-93.107774170274
-177.456349206349
-199.461642090548
53.40577440138
-38.501373246979
2.752497068903
-178.898629148629
-102.185714215255
-152.355601917614
-166.954205137311
-94.477625727137
-162.034923030528
13.047528860029
-166.190996882891
-156.993256363862
-76.470598845599
-51.783279220779
-92.785562094156
5.769851486404
142.239285643827
108.841798284181
-31.991991271532
-26.192632942145
140.934794372294
-28.696150258162
-202.09441865643
-158.538718659812
-39.082681587076
-199.946817505411
-172.301857864358
-174.316931874549
-36.09919859871
-35.487401920996
-138.224093262423
-207.369580994093
-81.412685730069
11.968094026199
-42.421426175821
-178.997023809524
-163.933601500496
-77.942911255411
-36.425698108315
-199.143230575848
-183.437311874324
-19.251623376623
-201.018947144435
-161.252344877345
-26.34526627886
67.708493275388
-37.811848253743
14.713211213699
-169.828311011905
-35.702651515152
-117.245191874098
-32.557429061824
-37.925262671356
-159.897546897547
-113.70699320211
-35.618027371934
-168.769944140061
-14.310954128337
-97.103916537022
-159.112005236517
-122.976461038961
-188.322954009966
-40.163350158956
-182.495678746167
-155.981782106782
-90.702831890332
-172.80972461783
-185.656114718615
-139.308150562545
-177.465658961264
-86.917097171492
-38.233294862689
-153.583894892
-100.975025788014
-162.75037871742
-36.364628427128
-204.370212307224
-196.758928571429
-32.676218800731
111.97286128585
-81.433802308802
-42.070825441919
-171.882408065025
-144.473845598846
-156.945075757576
-166.150793650794
-107.085064864606
-83.36153386544
-192.802489177489
10.859848484848
-162.049394615801
-81.873757806863
-121.952130822736
-165.632297444309
-108.773538961039
-32.318472814078
-29.207691803639
-150.655470722854
-170.30572818024
-202.898098239651
-33.616599871483
47.664161847267
-192.070194128788
-151.308822741928
-121.662775917659
-36.644480519481
-5.659791976687
-152.077478890467
-87.548799236788
-155.068444630456
-180.998564749053
-39.207910579004
-171.688801026448
-85.363275613276
-90.484126984127
-88.141684704185
60.013097633703
-162.150314529221
-37.556354561237
-147.258941254058
-195.259552134064
-42.548623793741
-144.937209004104
46.007585974139
-170.03651822353
-166.41358760597
-182.134961853468
-96.273080272592
-31.970328282828
-100.610278989674
-103.724476911977
-27.833583462978
-174.401522902011
-122.123750056367
-29.552960548566
-172.735201484713
9.60523095069
-33.415105294012
19.565594561688
-87.496011312906
-33.833974863028
115.130148443137
12.856331168831
-165.20193001443
-180.359237604843
-25.439762440251
-42.271817646329
-33.835144835633
-193.760740073728
-181.960165268759
-34.219799839917
-25.689852627841
-101.196498325893
111.181444748828
-96.881833823728
-3.848832916216
-166.557101427219
-146.183178746167
-135.088564213564
-79.710698643804
-38.21130952381
-154.468602035985
-37.223312223801
-180.267488642
-17.366800679789
-155.293622257734
-175.648018268624
-163.125741933847
99.461770678323
-31.142885326479
-205.474296536796
-74.730158730159
-185.786353349342
-166.440947561553
-39.381555510462
118.043733230745
-50.852842036436
-149.801164547258
-35.500082437094
-33.378747012536
-89.851218659812
-34.927058672664
-86.103334545229
-66.057699624594
-175.630128010011
-114.886446073458
-83.135634385146
-37.137242613073
-112.936528369634
-164.614698181593
-89.546016104122
-32.700749825262
100.970039752999
-193.953623145518
104.000639063627
-1.623474561463
-195.347673160173
-29.896735209235
-98.50965007215
-173.020452149847
-34.814914631809
17.094516594517
-170.882222757711
-37.558609250992
-189.133116883117
-34.351440605835
-167.564226246843
-170.554934458987
-34.536726782332
-137.404138342127
-127.056810431322
108.183624399689
-188.000741933847
70.292305730294
92.540952916441
-91.491244053256
-171.826777822872
-192.403409090909
-91.316280128292
-41.758768629374
-81.416887908099
-37.08476858428
-34.245941558442
-28.476370851371
-194.93759018759
-181.208796953914
-46.944382440476
-107.22132034632
-38.984029046041
-3.516504329004
-199.152965903454
143.584595959596
-29.113989363501
-139.422812105429
102.129321253833
-143.262162642045
-159.135301818407
-173.320013753608
-173.557609437004
-99.322663014069
-79.180215238321
-202.080364893353
-192.926845181728
-93.654478659361
-30.674590491973
-173.668560606061
132.565939811057
-64.321358816964
-41.794011544012
-154.744289998196
-192.020652958153
2.17038479099
-90.653306220689
-36.914883347989
-183.113025483631
-142.188201067596
-103.873807128202
-100.931367243867
-83.254148629149
-33.477084601596
-190.236389424378
-188.328914141414
-81.769841269841
-137.238726551227
-153.785152727047
-77.835247705853
-33.027605153093
-16.707333519345
-99.717282337888
-47.097312409812
-76.392316017316
-35.062930504825
-201.147386955492
-167.797681051587
-41.432519249414
-98.753775196158
-33.926927618822
-36.802767490756
-166.455197200803
-98.509096263979
-51.155913910308
-187.377795815296
-99.18053512243
-38.93828350469
-40.881292698187
-202.265975886093
-152.417576293065
-31.074855699856
-33.851801356196
-37.324868382486
-192.27704852656
-197.297175860164
-39.982212611607
-28.566440070346
-23.008825701209
-99.321129825036
-35.439754689755
-151.836100965007
-156.543310476416
-71.538247288736
-126.085059580177
-146.346513404131
-94.013239608699
-157.695817691423
-36.442558255547
157.091109899215
-92.303308616297
-33.734557488952
-40.890692640693
-178.026978772096
159.911788786301
-35.72582972583
-32.930187054699
-25.398711585723
-32.756611877706
113.920356607368
-92.919905669417
8.696351066468
-28.50390625
-157.793678977273
-172.4248941705
-0.262636479189
143.263968859916
-88.341991341991
-35.877674978017
-85.567269725717
-102.00496031746
-30.625811688312
-162.143488455988
-161.84479737385
-85.046433926317
-114.138888888889
-38.347873968479
-157.96714353355
-88.677398989899
-81.016496578508
-156.786866291261
-143.149719150207
69.095709466315
-160.938381442776
44.373224431818
-52.086600519706
-155.122933435922
-107.00477994228
-63.854957921852
12.965548340548
-26.99331836783
-37.430014430014
-193.079372829861
-39.593774660669
111.617797675415
101.110049293155
-84.558011053617
-176.819514198909
-36.151314343209
98.374737187725
-205.904110158505
-77.625741933847
-196.475649350649
-177.941370315882
-30.951311383929
-174.542901109307
-88.980511730023
-83.905601776696
-215.217810780799
44.369789552895
-54.446706884695
-87.376074500586
-33.608343479437
-22.110216985705
-172.750450937951
-34.961198903093
-34.763069450081
-85.151785714286
-138.096292162698
-180.982586044598
-169.675775613276
-87.010461760462
-141.638458384064
-149.675803796898
-93.341388212482
-34.311250056367
20.234557488952
-39.079164271059
-209.858032050415
-168.705808080808
24.996851184839
-6.407758528364
-139.174873737374
40.423801702854
-169.21643753382
-32.166305916306
-108.329645858699
-77.358114487509
-95.938561817956
-95.556921052038
-104.172418239313
-146.331379856038
18.55581836783
-153.556576154965
-96.494748686643
-140.55266955267
-146.684613997114
-48.920516549423
-76.190829190341
106.079205137311
-38.551046176046
-30.721390100785
-160.32501564191
-164.531393031881
-122.999007936508
-86.834026650433
-150.181374994363
-185.981233230745
-198.756375135281
-196.159431226326
-151.360827865711
7.274190707296
-98.132227689845
-160.48729130028
-172.780114904627
-85.330738326344
-204.787147070594
-75.296729854347
12.769831053278
-123.402334590323
-154.945915629509
-135.942300375406
-92.567612509019
-84.784111342217
-98.570075757576
-204.728816132869
-205.01652476213
-163.68243681232
108.677378556773
-76.942241542095
-35.109951355069
-170.860417794012
-38.484487734488
-98.57702020202
-29.557990620491
-94.000458688447
-169.727695481602
120.456689523584
-137.156114718615
-20.634490130096
48.404032653544
131.875340317235
-152.337309337798
-34.019939207927
-173.847111601506
-49.268939393939
19.807150748557
104.394789482436
-208.678493923611
-113.508740445752
-28.945416074811
-24.371544687951
-135.395013894526
-159.881583694084
-33.271456895969
-146.020279525162
-145.790022856917
-185.750422754329
-108.294294789412
-80.65681578621
-170.619498556999
-26.048152422664
-171.746725063131
-33.837224082341
-108.02973372114
-25.148641831259
-154.123363940747
-88.52093127142
7.072580576975
-67.545745541351
47.832902828508
109.917851787969
-163.8943001443
-186.111041356647
-32.278339336445
-96.695596449991
-171.857385236291
-44.147534214917
-0.340450402462
-40.264319393714
-162.517316017316
-31.73060966811
-74.041596912202
105.852543290043
-163.887626262626
100.81328350469
-88.588744588745
-152.373106060606
-166.213834776335
-21.897186147186
-37.173258111246
-84.894570707071
28.016295770202
-188.468885281385
-29.747482497971
-186.332730203824
10.181006493506
142.66812235074
-26.838105525117
-194.337574616139
27.639041080447
-151.443985755998
-156.28641535331
-193.393591326208
-81.526545801204
-157.731802539908
-177.979264604753
-29.12777538217
-30.916604662698
53.455717893218
-109.081792393804
3.517787388393
-88.837842712843
-25.483926175821
-205.948059698548
181.436479752886
-31.130890376984
-35.563381442776
-182.081869898764
-36.435085368191
96.049221991117
-41.749180561192
-27.189935064935
-181.301066609172
-173.167006983902
-153.38195219494
-39.243326118326
-204.479978354978
-154.196779105226
-97.004682004194
-197.69122587482
-143.577643764655
-165.637363450352
-106.096578226461
-161.202733952246
-109.328393448999
-97.199031328914
-102.641491646374
-77.043101917614
-113.871823001218
-124.365710678211
-117.908660404266
-102.491764745671
-162.354457662563
-168.284263533775
-151.630493692505
11.003960503472
-195.438041125541
-196.922418239313
-68.400149655032
4.152855282738
-37.937690591743
134.643797418944
-190.311495253878
-202.593635151741
-172.70690301452
111.912239724251
-167.3357063943
-37.419704861111
-188.112095424107
-41.919823232323
-24.255230880231
-56.636072640467
138.559072871573
-40.764497302827
-94.568895568407
-32.238115671221
108.878800561418
-36.133367012762
-88.465610344517
-147.085928340323
-33.08169727408
-34.254406509289
-33.113203392744
17.885822510823
-195.686700994318
-38.87012987013
-179.125561558667
-36.813845063357
-194.034472092578
-35.291458107864
-158.265143764655
-143.695887445887
-111.362734487734
-84.538863100875
-72.512002699991
-191.76432714421
-48.351432855339
-165.458964646465
-32.674763116658
3.331070893083
-33.562131499143
1.231488644819
-138.109294676677
-40.818272005772
-166.739545990034
-43.242985801091
-33.263638759244
-104.468333939281
-168.423000231106
-100.111574731692
-133.82780370671
-179.496905438312
-174.275855654762
106.746593304699
-174.408106596095
-36.484206955154
-82.843725339331
24.103354978355
-177.157627474522
-121.320686637581
-191.638084951073
-29.21435546875
-117.394398082386
-41.41254622114
-160.384139596298
-170.341610158505
-172.229158916171
-83.371773679879
-100.213772772367
-171.985201484713
-120.91132516572
-158.952450706845
-205.710776148764
-38.369851556863
-35.637064703959
-186.871142366748
-38.692377880366
-145.691087070482
-26.8511002886
-104.350719105114
0.551133897569
-176.37700456011
54.162858354753
-146.742011704658
-40.781274660669
-137.014628356669
-37.304653679654
-70.371392496392
-184.707062956575
-84.192308125902
12.547000417118
-166.990697995581
43.474283854167
-185.791674417163
2.795634920635
-0.128767445662
20.191295629284
-186.516393708288
-151.961572336084
2.713113275613
-57.540744357639
-186.34796415607
-144.72123015873
-37.03154522344
-175.573753015648
-87.955705210588
-84.920266419778
-184.903499278499
4.946150258162
111.013716264205
-191.874930245536
-158.664855164367
151.031717848124
-32.528499278499
-29.051198367605
107.940816507711
-94.804583925189
-159.333887141504
-36.436958874459
3.851904226416
-65.628156565657
-39.781746031746
-95.441107503608
-31.519763764881
-172.49992249504
-168.650592842487
-181.924242424242
111.588757271374
-163.228908786526
-145.12204424265
-84.335956523945
-39.965187590188
-37.322961760462
-155.062028628923
-93.24609375
-28.18740981241
-84.477806102318
-161.492083925189
-50.413530534136
-25.74532292794
-200.491682308577
-118.657828282828
-30.521936017541
-191.268689264295
106.217192150298
-155.007694128788
-34.072588327471
-83.110850764904
-189.242133246528
-41.890885698503
-154.999667433261
-40.150002395608
-131.159181096681
-84.207993016098
-96.873807128202
-201.868764373647
-144.10283428594
-29.767836709731
-193.327852323458
-36.93081836783
124.711850649351
-43.444431761815
79.58866215165
28.173693548205
-153.922709235209
-174.17966143015
-35.218552714646
-75.703561141549
-183.57207256719
-157.244797303391
-27.837675020292
-196.227625727137
-50.467442279942
-154.223655007102
-104.065115440115
-203.433719871708
5.830176767677
-178.061605874594
-81.470987779582
-45.789133663645
-84.574945887446
-87.158972537879
-82.721132220644
97.663572104978
-28.82302376443
-45.844959781972
-155.468795093795
121.545091329027
-29.343594285489
-186.524510591405
113.863466205019
112.065177444084
-169.0498941705
-159.439422123016
-98.444431761815
-69.453571358112
11.513430200442
-207.000623562635
98.410714285714
-163.216339595734
-34.278208282603
112.681725528161
-39.628336940837
-35.601661847267
-102.130619814214
97.853156636116
-16.122181285511
-158.581418960814
-161.294823232323
-49.971111787518
-31.361922799423
5.935606060606
-153.369400618912
-43.020013894526
-31.172807173295
-103.398088023088
-154.92316017316
11.165646419553
-156.907495716089
-157.583214962121
-33.657820532332
-160.377164502164
152.384930851484
-35.514041080447
-79.912046666441
-27.990793115305
15.972312409812
-148.22410841112
-31.788141600153
-93.438401875902
-165.735209235209
8.957423706935
-30.441919191919
-161.958222712617
-30.088453592848
-116.353605108
-36.309163059163
-33.363005050505
-38.717774846681
-100.557178932179
-32.286087718705
-188.282635225018
-90.359119233631
-208.810987244093
-159.056658239764
-37.096959409948
-142.631145438763
-100.160271098259
-38.29347041847
-37.102973794868
-157.92010154559
-40.064857559975
-91.811708744814
-184.584312714196
-152.319472628066
-152.813028442911
-153.884399942505
53.991259554248
-174.0863997114
104.553741587189
-35.384011008523
-191.522477143083
-41.17162451806
11.382207256719
-31.786816969922
-186.292187359082
-149.9595882091
-45.282658124211
-31.014360259966
-91.747807314214
-153.744588744589
-37.727002164502
15.908299653905
-161.698593073593
-167.309183492289
-154.50556344697
142.258209536774
-34.900412467307
29.410291531385
113.314775122881
-176.826138759244
7.295274170274
53.371462250857
-126.054375366387
-6.047338268286
11.868145743146
-151.765955452967
-36.821248196248
-81.064095193001
-179.242326304338
-168.729715542704
-26.091422032828
-111.242965367965
6.000803937816
-156.204336895743
-194.323600824089
-205.303772236878
-197.445817691423
-32.506390636273
-189.622384559885
-37.477092352092
-157.861113577178
-34.49225161774
-202.467171717172
-191.139978890467
-87.287976725965
-109.687151932269
-116.58876502187
-31.581640202246
116.029671717172
-34.963834776335
156.246745496257
39.391061141549
-78.050713609307
-31.747113997114
-158.970578412473
-75.275685496144
120.583603896104
-39.157738095238
3.130792438898
-191.503587070482
112.993243681232
109.400330030213
-198.00936682675
-166.852272727273
-36.577471139971
-46.621933621934
-189.384387259876
141.987456174468
-30.913066913555
-115.183080808081
-164.571518759019
-53.501973910421
47.255148443137
-107.692029812635
-35.432637620626
136.268197460092
-113.371863867469
-162.960858585859
-31.935966810967
-75.49025974026
-41.275461084055
-160.014692826705
104.34939694095
-155.737837357955
-184.569797444309
-159.382374949269
-204.538481917388
-191.980256668245
-156.101370851371
-28.93893278488
-199.276744495739
-85.243583998467
19.927919682314
-66.192169321564
-178.68731962482
22.370789366883
-46.948232323232
-157.747655122655
-103.012383883478
-168.621031746032
-29.250450937951
-158.477904040404
-153.157186753134
-107.612456174468
-86.471964342082
-100.757485569986
-87.390622886228
-93.301677489178
-86.768578643579
-76.895390145878
-135.467810780799
-151.517032771916
-87.607315481827
-165.670823046311
-87.187770562771
-195.029372970779
-171.583992830087
-56.19974507914
-86.854084229572
-143.846570475965
-169.884170950577
23.82780370671
-85.371212121212
-37.115509869904
-35.276244588745
-141.05102574292
-167.76252832454
70.617145929158
-33.259539451434
-169.132603941198
-142.324945887446
-88.562672624684
-32.039571918966
-3.992334054834
-162.815053436147
-174.35073953824
-34.084948959461
-140.967684659091
-198.10361779063
-37.717885467397
-95.506776751894
-33.752447747565
-105.089819089331
-97.841798284181
-144.2672053966
-38.394931457431
-75.813963434569
-150.200659637671
-36.720426220914
-107.715037864696
-161.141221083604
-95.232495857008
-83.096070216676
-186.26173213722
-115.472541754036
-99.272817460317
-180.432990620491
-137.117035308442
135.033297187838
-193.252427314439
-125.169372294372
111.475406971501
-28.658251037157
17.134309754915
-140.744588744589
-81.856593981106
-77.909812409812
-149.465027648133
-147.606138111021
-26.012716450216
-38.700749825262
-176.62787825239
-57.672067705515
-96.909820160308
46.684922960069
-31.687147000135
-146.455607272502
27.254429408482
-76.893661080673
-105.456076177512
-168.439824444219
-38.865280173386
-195.888507705402
-140.380132942145
-37.23062235074
22.855932018286
15.069833378427
20.397977402372
-201.560954128337
-106.133026695527
-175.781774215368
-147.551206118101
-199.501360564349
-29.068431947826
-156.349747474748
-116.341901154401
-87.805473118461
-180.687520433126
-99.706539798093
-108.647797027192
-39.581960086355
-12.640422077922
-45.552566682449
13.142496392496
-36.893751268263
-181.774719150207
-182.520841083829
-43.200945701434
-157.582529395518
-36.407848715954
-129.661227227633
-163.984840734352
-51.385211630817
-190.215458152958
-86.650322279717
-198.732982729076
-41.363636363636
-158.156905973801
19.794372294372
-149.669220102814
-88.164113230519
-184.846611342217
-59.785922844517
7.112525928932
-155.04059216608
-40.681916119904
-177.679896058802
-30.669761228355
-39.38150125699
-182.049262857368
-90.116780246663
-80.35170341811
-173.648067589962
-104.922168109668
-161.702221010326
-36.870289812184
-189.652507215007
-169.578836636454
14.767233580222
157.61094870299
-159.438644255051
-193.791965413059
-104.838376087888
-42.582980333469
-198.278687404176
-81.864087301587
-193.481511544012
-170.097021413916
-183.667560792073
-37.501602943497
50.444145698052
49.779233461851
-167.322941327336
-126.169372294372
-43.140352323458
-176.856240981241
-33.808253432765
137.343813060854
-107.11734180533
-199.376733997339
-196.814664502164
-153.537427849928
-36.226571659677
-165.900141904536
-22.655815972222
-198.871593304699
-37.011904761905
-167.816107503608
-184.212953333559
-155.270209770698
-27.662427849928
-46.893959827065
86.098193852588
-176.640811011905
-187.987082741477
-107.318202251308
-192.114177489178
-78.83677314439
-36.193354442866
-37.636897011409
-29.327581760687
-36.756029885913
-89.677148860254
-104.66141535331
11.751881256764
-92.076679884785
-36.35292447353
-175.814025438537
-192.321268629374
72.712670088158
-86.930826118326
-36.791849507914
-199.304736116748
136.142836709731
-130.318514384921
-70.679383116883
-77.66351010101
-38.57682714421
-100.242514430014
-200.840831585949
-176.470939162834
112.327089956484
-203.262889074901
-112.96835190634
-151.309273679879
-37.486935482053
-163.566751499369
-38.938840131223
-90.50983044733
-159.54826304338
-176.2837174761
-148.566635946519
-110.825293955177
-35.075126262626
-206.41369047619
-34.308080808081
26.248479493597
-184.810245310245
-32.281475468975
-190.520841083829
-30.412886538375
-29.829365079365
-149.989115485209
-162.615612740124
130.916916796311
105.220939162834
-35.258678441784
-38.108585858586
16.536456219562
-186.294109482098
-97.774149841044
-198.387716450216
-144.275785900298
-178.250381183487
-34.278208282603
-157.775322279717
-33.332132711039
-41.8777880648
-188.557369523922
-195.806529651989
-170.95461520901
-157.290656636116
-216.355637851732
61.846959409948
-38.686688311688
-86.959207025613
-178.313880997475
12.549415048927
-8.930084184479
-165.459603710092
-33.325474330357
19.265360073954
-33.007026881539
-40.950036075036
-150.110111297123
-153.950639204545
-190.675311992695
-182.817648443137
-165.647969651876
100.884108946609
-28.98738148787
-33.040764790765
-1.298804168921
1.953803520698
-1.25200456011
-156.665326535444
-37.751533189033
-92.416223479212
-133.105547664141
-151.725371037383
-28.573384514791
-34.160714285714
-27.485507981602
-159.445805008793
-199.343253968254
-174.05494467555
11.576105643488
-200.613927359533
110.938291255186
-189.007653262536
16.686680561192
-77.842712842713
-96.735820115215
-102.274531024531
-183.723755411255
0.187131499143
-110.557609437004
8.579344646239
-171.944542382531
-154.364427618822
133.831557765152
-96.371933621934
-155.251370780912
-179.560515873016
-30.869859307359
98.130403504915
-34.427481426993
-33.257485569986
-33.403749408144
-32.355539913645
12.457521645022
-125.494047619048
107.631764069264
-48.600556696992
-102.126984126984
13.906465252413
-35.989731297348
-81.594426406926
-103.127623190611
-86.720238095238
-191.883760878878
-169.004717938312
-168.466978659361
-39.251352813853
-33.358585858586
-144.936317344765
-206.160263347763
25.857784386837
-29.497353910196
-45.162989408595
-37.04425392316
-101.57415463226
-52.337732092127
-161.330455080943
-77.074953637942
-185.901515151515
-29.330617489065
62.651056463068
-36.240058931953
-99.657287157287
-42.861209049197
-142.985639740034
-87.317432133838
-188.417408600514
-147.631320881809
-34.356261414367
-30.940025252525
-113.785984848485
-31.486721991117
-84.324121516504
13.650974025974
-205.84613997114
-196.154692150298
67.537105499752
-86.383748196248
98.935515873016
-161.227653910759
-166.078275077787
-91.676559117965
-26.643210142722
-82.206230835137
-192.332952149847
-88.530503838609
-205.515151515152
-33.791694850289
55.612734487734
-39.019472768984
10.63950751939
-151.564664502164
-94.83963871415
-184.616244053256
-26.233585858586
-107.077561327561
-197.47953763359
-25.913932855339
-160.51414676903
-146.182076061959
-41.442120000225
-84.722291976686
-141.20601663961
-163.860680606286
-124.576672134289
90.147216796875
-135.69190122486
-53.454467949585
-30.584165454771
-52.266213333108
-167.176386493281
-158.39505229471
138.307441744453
-176.201631268038
-28.160075222087
-196.040215914728
-51.259948818543
-35.91036128585
-153.051878297484
-133.724657287157
-203.306637806638
-157.706952335859
-180.438754875767
-30.968614718615
105.874979566874
-156.849574850063
23.601280663781
-28.65844691333
-47.491710492199
-76.885170764565
-39.786085252638
-163.821990130096
-209.871572871573
-40.788953288465
-197.292568542569
-145.426497113997
-183.645382395382
-167.177198181593
-144.145369712753
-151.127533003021
-161.958964646465
0.36553030303
115.24990981241
-115.673791486291
-194.817439884334
-165.233155353761
-36.669671040765
-35.930735930736
-82.068542568543
-79.062708558802
-35.803829308712
-36.650530838519
-162.356068356557
-13.481434039051
-160.560425685426
101.331640202246
-161.992501747385
-43.12795575735
-121.540210982594
-42.160152727047
106.241050995446
-25.2931998557
-199.987935296041
23.508575571564
-147.523185961174
-103.337288904672
-42.78659572849
24.340007215007
-130.71617965368
-158.815496623602
-180.336953519571
-34.783217216811
-38.294802799197
-159.78058134357
-41.952922077922
48.401347458965
-32.198342943948
-192.51252832454
-70.693480564574
-33.426324489313
-102.731859611742
-81.712121212121
-108.665146160263
-164.212654587166
-142.772198829816
107.607683982684
-198.91514122813
-86.79310966811
-179.900272958378
13.8079004329
-36.66142803594
-28.033758342352
14.636531328914
-57.176739493146
-157.119338614944
-43.755800189394
-201.025453333559
-28.137085137085
-184.480076293065
-131.037878787879
-172.990702927715
-98.129156379645
-41.437597938086
18.755403504915
-36.58650258162
-31.221562725469
-198.663863100875
-86.479138483045
-34.306374994363
103.866890867379
-202.531926406926
-185.611020923521
27.195977633478
-198.420544733045
-35.900690780574
-160.134387259876
-174.529651284046
-43.076110575622
-193.700917517812
-95.795732858721
-36.103452916441
-35.72095959596
3.338371155754
-172.707062956575
-155.560595844043
-187.890151515152
-126.856699669688
-30.124240099094
-39.445616883117
-29.037169969787
-24.319145698052
-190.8915120795
-38.228182353671
1.720238095238
-105.886466506584
-103.804924242424
-38.406565656566
-184.083055020067
97.96148989899
-163.087384024396
-177.257908324315
90.618707301813
-152.887167574179
-98.844704720193
5.084984893579
-184.794261673656
-158.984951355069
-141.383469882982
-42.269653144165
-31.718003838609
-108.280019784903
-80.641143578644
-86.671008353626
-182.290674603175
-28.274378832973
-127.706086394075
-143.616955337414
154.396284271284
-24.546737604843
-39.761113506719
-200.71158008658
-80.990079365079
-25.807096495085
-40.579176953689
-57.445949449856
-83.256596376714
75.760531514926
-32.112095424107
7.253336940837
-175.135933131539
-34.547186076727
-98.327380952381
-103.73566017316
-167.378517316017
106.938680189168
9.705169017181
105.804383116883
-200.167395917884
19.691638412586
-160.106769424152
-50.50018037518
-158.375721500722
-196.78191865643
-115.846758601641
-154.866883116883
-101.698855885868
-34.86353842555
-170.117043058938
-191.097755597267
-46.138909322015
131.661062353445
-38.652708023313
-28.856884977002
-33.585247705853
115.356704601822
-43.487631617514
-197.594668786075
-36.79321253833
-38.418740981241
-151.437950937951
-154.164682539683
-150.393406018894
-36.093947285354
108.078401199495
-188.541043104031
-119.404651284046
-187.690233811328
-177.96366215165
-168.755153375271
-29.899881558329
-80.631112323007
36.801164547258
-6.952569078057
-141.871560188943
-136.25259500699
-129.078901458784
-32.563131313131
-31.683632150185
-94.053821558216
-131.570596449991
-155.505960131448
-148.815025252525
110.622227083897
-36.883748196248
-84.673992294598
-32.98097041847
38.992882930871
-75.05945405506
-179.263089883207
-112.375711284159
26.973755411255
-198.183421125316
-37.984557488952
-37.618748872655
-19.574134199134
-22.214654215142
-114.280586275703
-213.361984803391
-29.075937950938
-41.979880416892
14.125159942054
-198.375
113.642566146961
-29.778922032828
-178.002726060832
-166.058261183261
-146.615239307134
-40.526056463068
0.554653679654
-162.79214578824
-37.544720362103
-36.651883652372
104.743604431593
-42.13083400974
-189.386453823954
-169.382235440341
-36.963306333424
-173.713412022006
40.698240073728
-31.564484126984
-152.088736838249
-25.927198181593
-166.841339595734
21.790491761927
-138.803190245085
-153.241890867379
-178.600566913555
-21.94627637987
-27.838752339241
-92.594684287067
-136.493609363727
106.7665120795
-169.541556045951
-89.614378297484
106.72382516572
17.771364242312
110.053190245085
-144.207181327787
-202.823613506719
-188.493617114223
-30.133838383838
-182.403228715729
-78.549164919282
-118.864149305556
-150.991993737599
108.261446073458
-43.379231066243
18.886724386724
-135.602465785083
-36.404380721275
-185.987914862915
-30.315576594629
78.570178627796
-167.255952380952
-26.444805194805
-143.318813131313
142.591442465954
-94.135273634785
-93.498438627345
-38.635842943948
-144.128579319986
-38.623799377706
-173.987000304383
-84.523629148629
-113.885724572736
-184.393370084776
-163.823404947917
-192.663391729798
-187.023075340458
-155.367604617605
124.835046897547
-191.070699320211
-31.8363997114
-165.880931947826
-89.360860981466
-30.956238585633
-67.507104386499
-194.713373621821
-234.024690966586
-33.205738326344
-27.200669854234
-173.991362424468
192.774469020563
-115.250881442776
-160.533828096816
-121.117895613501
-151.921815109803
17.853166852679
-170.122474747475
-149.109645210475
-33.438943001443
-179.234217171717
-194.655052900658
4.879790158843
-82.104810662428
-150.345848975244
-173.542581225198
-167.500270562771
-81.049976607594
11.320253666689
-194.562958688447
-40.253133666464
-28.514280288938
-25.136824790878
-38.849196132643
-169.070526695527
-31.577192826705
-157.454906204906
-35.469606782107
-175.07109600469
-193.86516955267
100.333243145743
-35.401522902011
105.993874994363
-194.18855406746
-201.822954009966
-173.260670319264
-163.498317085475
-162.228715728716
-175.508407879013
-68.965720965233
-78.075819579726
-159.758990575397
46.855408859803
-38.591519970915
-149.530663780664
-102.952741702742
-207.53145503585
6.547459105565
-200.724165130659
138.828184890197
-206.788780663781
9.038059163059
-94.181825932314
-179.139241888754
-47.088924963925
50.764061513573
-0.30312049062
-167.593011589105
-147.314927314439
-162.168282292794
-155.421737604843
-89.225677534271
-29.146547083559
10.294351861246
-188.956439393939
-195.162337662338
57.540223665224
-184.67849920804
-153.924901920996
-25.618789738907
-152.504591816604
-168.138528138528
-65.456271701389
-103.30084536774
-79.206341455853
-91.428190245085
104.136162828057
-166.215167157062
-147.267648584055
-26.730088975694
-191.85188379329
-37.996482683983
-89.019951890557
-186.129617534159
-136.561848253743
-84.052316552805
-21.244155773697
-24.485902552309
-35.994949494949
-148.917748917749
-41.230601917614
-164.785693852588
-36.773538961039
-0.781676277282
38.596703995874
-135.69255050505
-199.304403550009
-34.897899897412
-162.222139785128
-161.571990130096
98.501435250947
-117.120588558577
-72.729867734262
137.485860981466
-28.893550459957
-97.4347119352
-75.552571614583
-35.475309033414
-190.267774705763
-165.319235885642
-107.755960131448
-87.279372970779
-191.247933435922
87.765171948277
-166.823129453012
7.840540590052
-188.369068052174
47.767143392632
12.459477588384
-77.753086811192
-35.014241888754
-130.737616116522
-204.580349392361
-177.783812595824
-65.484119233631
-176.033737909226
-197.516934833829
0.559093304699
-28.742063492063
46.502705627706
-31.375651746257
-137.138979076479
-151.028040590052
-83.445165945166
-153.852280477769
110.03267609127
-41.722222222222
-195.316800820707
-196.286345598846
-143.787407416802
-180.630882626488
-35.008650258162
-172.441205441694
36.070006003111
-181.169913419913
-52.243346551452
-135.032209652327
-149.349476911977
-158.74244467555
-203.804305611923
-35.992334054834
-27.91073471884
-191.701922263934
-197.607954545455
-149.602182539683
-37.592171717172
-107.019869453463
-31.051123681006
-79.136441141324
-143.205890517902
-156.902695340684
-124.038932855339
-31.220972278589
-188.16361297123
65.460317460317
-24.049963924964
-98.43733230745
15.371593304699
-34.999920028973
-30.405753968254
-104.264798515287
-77.660624098124
-41.741432178932
-158.726911976912
-106.374811874324
-141.309343434343
-145.015880766369
105.652424777913
-161.906495902101
-164.954787833694
-105.579442584325
-36.541638483045
-185.597209539592
-44.671967301362
-151.627898685516
-33.844308035714
87.252226506133
-27.7261002886
-26.144660894661
-173.115808616297
-4.903130777642
-93.972021413916
-155.093815526921
-164.619158239764
-171.090630777642
22.332604082116
-26.982323232323
-157.105449726055
-137.666125541126
-157.443104313222
5.046807359307
-28.955565701659
-161.853813666802
-36.417818672213
8.973472165855
112.606351601957
-97.372387025951
-5.181367243867
87.357516290133
-203.495392682404
-88.226342667749
-179.074342757936
-124.802780173386
-50.467068846952
-61.982212611607
-43.938963434569
135.573211890106
-24.442197505186
-181.39333626443
7.925943305826
154.120699179293
152.374430690837
-116.789842481737
-42.880349251443
-27.091617909001
-88.873494994589
-50.071678701073
-102.504447375541
-37.865267490756
-25.782114532603
-196.079086766098
-73.497907718367
3.900162337662
-192.557622119634
21.482472957815
-81.51452020202
103.570526695527
-154.559413188808
-187.394841269841
-71.839056370062
43.955455080943
-99.2113997114
-138.875450937951
-39.313123562635
-193.185613811102
-30.801489363501
-124.380952380952
-205.153507028995
-105.61344823796
-163.221590909091
-36.875443187455
-109.668207606196
-152.98835805037
-214.054772403161
-183.312131499143
-162.765782828283
-154.385101010101
-91.904601962707
-64.811265557359
-34.978883421266
-25.886293881899
-50.111394356512
136.55294011544
-164.140311457206
141.378775196158
-79.123647186147
-145.783542033054
-207.828020016008
118.191370315882
-84.151522902011
-88.665473794868
103.259309754915
-161.095696783685
-195.242604617605
19.954926638032
-27.798410302805
-30.851571659677
137.503857633252
-114.201200763212
-27.300607920725
-28.589654215142
-182.061848253743
-169.770382395382
-48.986020923521
-169.745199624594
-39.308289366883
-92.220709466315
-36.498556998557
-27.612193362193
-160.578002048949
-142.080148584055
-29.560307314214
143.036994879036
-50.896312454906
117.28164809366
4.009449263844
-148.547237864132
-38.876185121302
83.018730835137
-27.042777101371
-150.14410708649
-200.886273448773
96.90865265377
95.93272005772
-158.355800259853
-27.248494994589
-162.413059163059
-194.446158008658
-200.510191197691
9.125734183351
-152.390692640693
-29.45393457454
-199.155844155844
-30.943542568543
-196.142779637897
-25.574507632125
-109.206501397908
-172.371815250721
-78.322801818407
-32.497113997114
77.960075081169
-154.555467834032
-86.973291790675
-147.255681818182
-4.177427173521
-34.843967718479
-28.921356421356
-195.539133663645
-43.18759018759
-37.849116161616
-40.728605108
-101.70471807923
-32.813659756043
-170.395271774666
-173.130230880231
96.078924357977
57.973665223665
6.743944748828
-178.068980823864
-92.531996161391
106.616079179067
-135.312700808306
-36.91046415607
-96.819653003247
-90.673771053166
-79.473124098124
-193.105769610164
-40.983946608947
-163.039391543786
-203.793563072128
-36.863914676903
-150.595398037293
131.806387676993
-33.738847388506
-135.294261673656
-153.545093795094
-194.595758787653
-38.386064889971
-43.11734180533
21.275711213699
-80.503718124324
-203.642756738704
-158.90185546875
-141.883387445887
-150.103896103896
-37.320694388077
145.241519900455
-147.383748196248
-152.064651819535
-135.446248196248
-83.656946840052
-94.220779220779
101.210755715639
-38.714466089466
-34.023476957071
-32.556655773697
-184.189303751804
-161.356060606061
-90.751803751804
-45.680395613501
-60.836920403815
-94.63265819467
-182.876373246979
-22.162615975604
-100.117153679654
-99.893640647547
-110.827901644796
-29.947621443227
-114.013458384064
-146.604228670635
-38.509108946609
25.338736838249
-72.302148860254
-32.945436507937
-88.59728422619
-23.137363450352
110.010098544034
-185.756735885642
-102.232212611607
-45.363796305691
-56.680658425776
-185.281573407062
-86.237270867154
-176.197539006133
-96.857073102679
-195.860299422799
-28.736984803391
139.99226430037
-38.07414194963
-30.538710909316
-93.076290950803
-188.932998370987
-154.057920866026
-191.385363822376
147.330916235457
-43.666153724747
-151.94246031746
-71.252337126849
-31.622462064845
-101.415486477498
-95.722394846907
-89.014177418718
-30.928009869904
17.614177489177
-30.645993275388
-49.815718569625
-171.691836754825
-187.662059349071
-137.042828888776
-94.37518037518
108.079094516595
-84.97792447353
-34.929645929158
-145.103896103896
-180.319547314664
-98.380604313222
-170.163788414277
-174.955705210588
-31.998724691108
-26.229986105474
-46.254890562996
-28.62996031746
-166.097222222222
-99.279942279942
-32.253156565657
-159.373404806999
44.63187468998
-169.811598124098
-32.005591630592
-94.428952612058
-153.913608039096
-180.134567635056
-36.888708513709
-38.723013477408
-162.693104313222
-161.714404085498
-196.024703649215
-36.247266188672
-173.199216636228
18.542218008771
-198.905733535128
-41.97591991342
75.791494041982
-0.888979076479
-151.870122119634
-193.105228484623
-35.055027112644
-137.313221500721
-43.076035889024
-171.780045150162
-186.817751313357
-42.799610925099
-103.082160894661
11.712950867492
-34.386366102431
-30.879571383478
-103.111213981331
-163.993777056277
-38.930916305916
-40.685155122655
16.753239002751
-193.652507215007
-64.210747965142
-104.352633477633
-189.53851010101
-156.038030979437
142.703743982797
-36.414321789322
-86.062311874324
-31.777589652101
-97.208075453193
15.277955686891
-114.901043780438
-201.46895503585
90.323330261319
-138.602904040404
-51.091422032828
-53.24627412518
-189.768009334416
-34.278311152823
-174.032660590278
-152.20966571406
-178.091782783189
-191.773386769481
-180.376631127119
-147.009297072285
3.438680189168
-34.759108946609
-32.047801888866
-158.455738326344
-82.316004633387
-31.327749453238
-89.202914327426
-30.261335452742
-36.561159868777
-194.544650607639
-28.101162292569
-156.773608715503
-28.096353462076
16.806176652124
-117.919302539908
-68.583403087798
-38.802388773336
-170.574716543222
-203.507042382531
108.570446724499
70.319264069264
-150.439857559975
-198.87308562748
103.769039798093
-166.787177720283
-97.086680490733
11.669983174378
-79.126633593186
-145.498634503517
-92.187652191558
27.119470373377
-77.28181578621
-201.756313131313
-138.529962713068
-40.964375901876
-195.136376318993
-177.100177979573
-92.053854673972
-40.020750896239
12.198863636364
-46.223685656791
-31.63246513686
-191.820689103648
-32.84232390873
-41.98929586039
-35.225837476326
-97.260031607932
-185.700134013122
-148.085755715639
-189.616640737734
-46.162267907873
-91.998819810832
-188.505042754554
-148.754349437455
-41.90404040404
3.297557043651
-87.941277662225
-28.443903318903
-93.731233230745
-131.633588254194
-34.747953869048
-126.005882626488
-25.871683492289
-31.358142671131
-189.693779663262
-135.943985755997
-104.584235209235
-35.518911210317
-34.408258787653
-197.115071614583
-130.838924963925
-89.847843318791
-175.064935064935
-150.543748731737
-99.472673160173
0.314762440251
-30.840978845373
-170.174693362193
-173.235201484713
-200.434593563988
-94.302329235435
-27.845135225018
-32.318702510597
-40.074291675122
-40.344807590413
81.157029277146
-95.940927128427
-174.027867965368
-168.672258297258
-182.432699624594
-43.008588254194
-98.304292929293
-40.644500952606
-102.071781571293
-93.77694565634
-139.119310431322
-139.865087115575
-37.462301587302
-29.660333102228
-167.096771284271
-59.934601314484
-110.760884514791
-188.688930318813
-168.329635642136
-159.387994763483
-155.828823953824
-150.502066564078
28.798799236788
-149.793282292794
-177.302870360976
-192.928112740124
-15.187618371212
-98.075043825532
-35.183802308802
-91.62997300009
-204.250360750361
-55.69217707206
-107.178558745942
-28.55502218051
-30.933629684118
-29.555563306052
-143.978347227859
-38.200113579996
-35.735951169057
-5.40933328824
-166.745678746167
-38.924360795455
-29.758665759154
-7.898891960904
-191.181970373377
-205.19246031746
-36.194707256719
-43.105890447443
-30.1829004329
-34.023891960904
-34.10797497858
-36.496023995536
-143.315205627706
-177.980539913645
-160.570964950848
-150.809613997114
-22.433060374955
-175.347402597403
-163.462314269931
-110.212765207882
-148.04329004329
-164.990813548431
141.959606176159
-151.799865986878
-32.8795995671
-32.951458643353
-141.687229437229
-172.102264976777
-88.037317229212
-27.815676998782
-177.885531514926
-27.042318412924
-35.302148860254
20.757583508072
-177.395812900207
-31.707861962256
-132.606942048837
-159.503808311914
-148.944792512175
-28.261453823954
-36.155753968254
6.263278008883
17.416653984037
-27.124348253743
152.015852582747
-32.390630636724
-146.392689450307
-149.977754314913
-171.408840779446
-188.383990575397
133.903216033099
-182.592635337753
106.586340173498
-149.148641831259
-39.729076479076
-160.97486584596
-209.366001674107
-183.579192454681
2.791032887468
-38.509732509244
-84.887343017226
-141.617694805195
-78.510072826479
-105.852543290043
-43.763007446113
-34.156467718479
-91.43740981241
-21.376069568452
-1.552226365215
-150.363808988321
-34.800762930646
-25.733869103986
-33.13292875744
-95.316127936733
-139.645304890422
-94.707702020202
-93.955455080943
-162.311580157039
-73.532459781972
-191.54336754825
-42.286708815273
-195.830336709731
-60.208964646465
-170.832632265738
-197.031746031746
-35.623126493732
-192.997482497971
-68.410345784858
45.615798399734
-38.665071473665
-183.700680070797
-32.643766769255
-104.990239307134
-86.370941558442
-117.640770145653
-155.735098614493
-43.531565656566
-89.587211399711
-37.881506189123
93.712301587302
-69.305936739042
-65.984036796537
-100.908980288375
35.519050014655
-170.223296722808
-160.496510867605
-34.928190245085
-31.025621026109
-55.990911486517
-43.99704424265
-115.619701831372
-95.426316738817
-40.599727041622
-170.3798828125
-159.16839291351
-162.69914194963
-92.825138945256
37.052499394052
-154.678481240981
-30.206910765016
5.441981195887
-108.63255532445
-160.281655844156
97.589203277192
-26.576396639385
-99.399108270202
-30.654852092352
2.959054834055
-33.555395613501
38.013437950938
1.840978845373
-144.512889074901
-29.60464578824
-29.279491341991
-205.748765909655
-197.989357864358
-180.869490806502
-197.358773984262
-141.40672559862
-91.3511002886
-233.229249103761
-109.403659220554
137.756854256854
-103.742887863005
-149.108044733045
-40.377823998918
-109.551948051948
-28.47983884605
-34.207611832612
-84.916035353535
-30.021825396825
-81.096590909091
-138.643418701524
-84.837842712843
-106.661546407152
8.334415584416
3.277076710182
111.273518527913
-2.288953288465
-170.457980333469
-193.125340317235
-101.902347272953
134.589716219111
-186.646665454771
-200.820977633478
-174.135108760597
110.346750851145
103.099196132643
-110.223935786436
-30.882866753472
-175.689241747836
-29.380321067821
-155.453746448864
-32.215298210904
-164.829004329004
-45.030962527056
-150.398621398133
-127.061265557359
-185.545183982684
-28.924353044959
-158.084428267045
-162.121384745896
9.559433621934
-39.10111297123
-86.955385326479
-32.595709466315
-32.551427359533
-174.108134920635
-27.218802844291
112.405746217758
-89.782570402688
42.33276402417
-163.638778268173
-86.526327025839
-169.352875856782
-48.490079365079
-20.823134385146
-87.027076710182
-30.425232021668
-165.049775799288
-40.389077014565
-104.746851184839
-29.040342036436
-81.091548154536
-40.064566564078
-135.094065656566
-193.938845063357
-188.087670088158
-153.291674417163
-88.692640692641
21.375971630366
-150.594717402823
-28.04921424062
-145.761515827922
6.767849392361
-192.816370315882
-104.26661494972
-57.147735023223
-194.995490620491
-156.922716985705
11.738185425685
18.028519711625
-204.496330492424
-40.235106364989
-94.879231066243
-184.24062049062
-77.797278730384
-141.368568497475
-201.867978050595
-162.298077736066
117.74034992785
105.422410488817
-74.845390286797
-39.256055251172
108.020111832612
-24.877406881313
-92.413309292704
-185.706689523584
-35.5226473017
-201.089646464646
-76.436848253743
-182.032655658144
-103.63570942404
-176.4009944591
-72.124180561192
-209.532085996686
-155.928091954703
-154.552107994003
-121.427218614719
-173.410443722944
-193.076468859916
-101.818071197466
-66.275059467442
115.682990620491
-33.165313852814
-180.170745541351
68.080063680894
16.446075571564
16.05390399531
-177.880952380952
-97.530573593074
-130.450425009019
-192.838724155619
24.69208688447
-198.341527721411
-189.877427314439
-88.792367734262
4.948162568768
-159.901715959821
-76.705988455988
-89.726072104978
-77.081689523584
-163.952082205988
-92.249458874459
23.981060606061
-24.714819089331
-31.964996998444
24.191669062275
-169.520111832612
-152.010822510823
-30.544795048701
-148.229449912067
61.338105525117
-35.80972461783
-69.227715914728
-76.888626076614
-32.306560301677
15.34326171875
-40.657820532332
18.374268282716
-168.402437460543
1.058343620355
-87.520853766459
-36.7019173318
-135.549811733406
-33.595980029085
-190.780220593209
-37.074237069354
-172.164752294147
-200.528388657783
-34.566669062275
-191.898641831259
-162.23270441581
-50.110410043516
-30.104707792208
-172.935322815206
-194.981503793516
-114.211830216225
-144.166756854257
-161.28823953824
-189.720619278725
-29.224845412834
-79.793913605925
-90.49044011544
-27.366439929428
111.1615055409
-70.11049248061
110.713734372182
-104.587649655032
-164.395279525162
-202.56067581507
-119.451757389746
-86.777965903454
-39.450639204545
-38.301857864358
-160.286628844246
-77.492527112644
-192.387054487396
-39.850747288736
-150.121753246753
-147.948309828193
-61.416777287383
-145.736933015986
-104.043810735705
21.350108225108
-95.914309106692
-168.816488687094
-58.298131989538
-74.548348298837
-32.589814157197
-40.115723360841
-170.108676046176
-179.410435972448
-126.048513173025
-31.720951845464
-162.5144173318
-41.419753477859
-37.341810966811
-82.730728039322
-38.960858585859
-78.889007260101
-41.340375715864
-193.344766724161
-170.398441022953
-194.784381904987
-31.61038961039
-47.793748731737
-33.513770517677
-24.818895568407
8.034369222358
-201.125811688312
-98.159193779311
-142.553563678075
-32.539674789187
-161.944186564304
-31.357343665449
-73.624258066153
-154.312167433261
-36.777404344787
-178.829372829861
-89.441988946383
-158.669560420049
-89.426046176046
-82.264257389746
-141.213932714421
-186.049242424242
-31.186696062184
-38.544282106782
-159.412157287157
-167.509998139881
-88.791607128765
110.968282151876
-184.401154401154
-51.259642321654
26.724845412834
-164.654463158369
-165.498564749053
-193.259039192145
-28.234766047754
-180.497093563988
-146.266692454681
-29.27216571406
-183.588806592713
-39.715117835723
-35.30476430037
-33.33648989899
-173.919039727634
-49.569514198909
-166.980179163285
-181.022817460317
-193.371905438312
12.436971557089
-89.26702502142
-35.726072104978
3.487005236517
-145.159438976822
-18.784101125654
-176.037989408595
-44.851461038961
-35.079643392632
-33.565538194444
-24.355261600379
-162.7113997114
-203.333776520788
-25.535915094021
-34.874549062049
16.840187590188
-84.511994949495
-111.596521154627
63.191045499639
-53.217900968389
-188.717421846816
-154.207619583108
-38.034750405844
-156.481503793516
-139.850759971365
-31.445900128517
-172.775440650929
-37.363927359533
-37.259838197826
-33.818630290066
5.534472092578
-27.548098169192
105.44158662518
-145.034173346185
-170.864648860254
-85.978272541261
-78.610369177264
-39.015241702742
-154.795003607504
-137.391414141414
-71.980511730023
-160.321699134199
-88.790035539547
-42.405331213925
-206.924520737509
-40.384951284609
-56.073593073593
15.621191688086
-28.301476680871
-76.327852323458
106.608065166171
-154.454094516595
-108.317738630727
-23.414924918831
-114.79998435809
-75.460776148764
-30.575584951073
-163.925693176181
-31.656024531025
-39.560716681322
-167.012072454455
106.088190780574
-148.139499768894
-162.431645557134
106.858137386702
-103.043720548115
-31.854535167523
-200.853282757824
19.107681516617
-34.361131544237
-158.568522135417
-97.206168831169
-36.876435250947
-161.129607317596
-36.93454424265
-2.28354978355
-37.613968930375
-35.101002350514
-161.674394615801
-170.912538470644
-82.773982148494
-164.651515151515
-187.305723248106
-34.110541801948
-151.559503376398
-28.780393217893
-35.242091675685
-39.628885816874
-172.020812900207
-160.205197200803
-29.779852092352
-193.603605108
-168.758920820933
-82.030483405483
-34.176857864358
-199.867166362284
-24.113914676903
73.776445397051
-91.34882516572
-33.847332842938
-42.401994273088
-32.993748872655
-199.039870665359
-102.905906159812
100.741091861697
-189.539141414141
41.103174603175
-85.143148138754
-171.582070707071
-178.79788961039
-116.889700577201
-172.649252711264
-189.027236652237
-137.402605153093
-161.401224155619
-1.27035421176
-176.148879278274
-98.471209725604
-95.429132987238
-181.844356652462
-161.125530908978
-173.12490981241
-30.697853605813
-140.713211213699
-84.129329004329
-151.191635946519
-39.684773939168
-210.442452566964
113.943882885777
-87.161353349342
-28.244039868552
41.609397546898
-147.109286926181
-164.342635337752
-31.95967839669
-197.226432855339
41.695506262401
-178.993679118191
-190.400182770788
-40.018135456124
-27.499631499143
-192.017656334551
-145.931727994228
-34.307171181683
-56.781266910173
-39.281357097763
116.203661545703
-152.189742007125
-172.936515687004
-178.456537332026
-184.839839522457
-185.49340855542
-106.1555940262
19.766073824179
-93.839383652372
-170.19428450239
-134.165757040269
-146.864590026944
-35.555194805195
-186.962391774892
-136.009948818543
-101.299131803526
-3.09805434366
-170.505862193362
-23.745552624459
-154.698683261183
-116.316120186237
-1.794642857143
3.130132942145
-157.534013404131
-35.84909572849
-101.560856190251
-177.06536556976
-31.617406275365
-106.718372339466
-103.826128542681
-32.095606596095
-72.318550319039
-160.87872587482
-27.020230203824
-95.415223665224
-31.064955498061
-97.295093795094
-167.410693852588
-40.315726320121
-139.103334545229
-93.93264255276
79.073711444805
-149.979076479076
-204.614427618822
-26.495289812184
-179.241411745806
-188.315386002886
-190.297147676542
-192.263097633703
-7.57971807923
-182.777494532377
-158.743596681097
-41.150863405258
-170.655491155979
-171.383047128653
-150.584969392587
-183.484389796402
-26.452228760823
145.55581836783
-155.227481286075
131.890040894435
-210.811417748918
-28.8903938943
-99.463474025974
-103.133678441784
-32.17715661075
-66.640963203463
-83.920704675099
-45.958501025884
-49.287046666441
-157.161976911977
-176.325950633568
-35.290772541261
-167.738205858811
-31.351120721726
-26.069524415472
6.400785900298
-162.346410533911
-176.148428340323
113.969717402823
-139.581369639475
-1.805655959709
-167.137987012987
15.596781500834
-182.949397011409
-70.807962436869
-100.691919191919
-134.441759249865
2.284992784993
143.3909529869
-205.137278194895
-25.963445842352
-98.759588068182
-33.044552669553
-83.910652281746
-2.768959827065
-141.575218916283
36.89229558419
21.67985448796
-170.713574430127
-36.885379323368
-184.308011053617
-29.423180606286
-38.687159682765
-30.880300634695
0.198330261319
-185.71227340368
-189.631222943723
-80.727715914728
-27.732683982684
-189.172155427038
-109.748286435786
-164.581521831034
24.737621400951
-211.834956709957
-15.259990389385
43.684704184704
-21.072062350627
9.027965903454
-156.493416305916
-88.946420820933
-25.932879999775
-148.579184704185
-83.68273274035
-28.632145252751
-182.065906695301
-150.948773448773
101.471382350289
-52.808232999639
-196.87899643759
-90.556797748692
-33.907588369747
-196.423438486427
-156.546827792433
-31.96914809366
100.70200751939
-181.176775427264
-193.016073824179
18.260551948052
2.343614718615
-167.395021645022
17.101030534136
-21.412997159091
-173.889909136003
-31.659083158595
-143.085588023088
-177.69036556976
-80.542486105474
-25.163121167027
108.879038008433
-24.716429783324
-63.577769886364
105.170073361968
-100.715470835588
-143.139680144075
-125.46626984127
-166.236020923521
-0.769091585498
-163.326499509605
-86.251796001308
-96.75974025974
-44.34975769131
-28.725296350785
-152.354888167388
-30.407537286932
-35.17515205064
-32.275633708739
-171.39593127142
-142.909972351867
-179.51155176204
5.128254503743
53.02626502187
-113.903437274531
-37.435515873016
-163.563319438808
-81.03363997114
-207.744220243732
-170.828311011905
-35.826860259966
22.798368731962
-77.126976376488
-145.061257806863
-184.830800330312
97.249618816513
109.596212191671
-1.850767721861
-152.191017316017
-95.730318672213
-126.674873737374
10.122675555781
20.00747781949
-36.195616883117
-40.871462250857
-36.538958572894
-36.142614763709
-195.378004374098
15.663211354618
-192.329434833829
112.219554994702
-152.323773448773
111.24494949495
-188.253615254104
-156.801378742785
-32.668308010349
-143.130529626623
-165.570346320346
43.16838023088
-32.859036796537
102.72593259605
-32.74169252514
-140.310786435786
-21.048492739899
-37.855331354843
-4.762023133117
-202.634080762987
-38.172459105565
-91.886716636228
-20.866334240846
-51.070616883117
-75.843988151605
-39.346701529807
-32.311257806863
-161.115079365079
-76.601669597763
-156.155906159812
-171.631751386634
-194.696235513618
-189.282578153184
-37.35387567077
-33.297611297123
137.577311197917
-168.06355406746
-35.129058441558
-156.903491528003
-183.418101917614
-3.165404040404
-187.599567099567
-159.764069264069
-96.955738326344
-187.188311688312
-30.813762626263
-33.757305194805
-88.74016955267
-36.836121398133
48.277386377728
21.592442279942
0.85387567077
-200.901342526831
-147.787615975604
-185.451326884921
-32.297716985705
-98.81537825239
-152.592261904762
-180.438394125406
-87.697608760597
-193.889700577201
-159.431186868687
6.539662106557
-73.775613275613
-97.306096681097
-159.7566943148
114.017313551249
104.080545268534
-2.723021227904
24.860652422664
-28.959034400929
-15.138819134425
-189.706238585633
89.988303796898
-33.39315588925
-162.316017316017
-169.135198948187
-180.895361962256
-72.207521645022
-38.747765743371
-179.556908369408
-153.688053808171
-81.092803030303
-108.826278268173
-161.998556998557
-184.808982683983
-167.28947398088
-182.778311152823
-189.433650117244
-183.686660128066
-200.876192871798
-85.27138220937
-199.027535398629
-107.485369177264
98.824021112351
-2.315393753382
-170.900425149937
-86.537074850063
-177.296917980023
-36.23357810809
-145.752533003021
-106.308892496392
-42.25105406746
-122.509261138167
-38.174242424242
-156.651141718525
-194.874077690972
-197.257021949405
-92.089917027417
-29.712481962482
2.060758252165
-181.049332611833
-199.528220965233
-40.033529350424
-30.133578037631
-32.490509869904
-43.900703463203
-138.983467487374
-34.87938854223
-202.932449494949
-33.882665945166
-164.601017851506
-75.862907112419
-179.457062956575
-114.650141904536
109.232073102679
-105.154741471636
45.215117835723
-23.741321558216
-106.604457662563
105.504329004329
-155.834436017541
-177.250803937816
-32.464708468615
-105.669179236562
-35.938963434569
-77.470426220914
10.902635802782
-165.100378787879
-32.126881256764
-154.525232092127
-151.566087070482
-170.473456664863
-152.309856376263
-38.981331168831
-34.614370546988
-27.134108946609
-185.773629148629
-197.364004864493
-78.86804780506
-88.948232323232
-140.578373015873
-34.305132801227
9.931625124008
-28.726481472087
-34.903241398359
110.872495180601
-77.972472351867
-24.933802308802
-108.117854747249
-98.862401920996
-171.2980826682
99.390524948142
69.943903318903
-37.494428802534
-179.082349020337
-33.364275427264
-156.698072381178
-29.588641718525
-166.198302077697
4.500450937951
155.938865496483
12.961830216225
-26.598015943475
-30.405663780664
-188.332861962256
108.447974443092
-33.739788369183
-85.055583739178
98.574172599319
-185.634441513348
-30.572448818543
84.217372525478
-179.649690966586
19.752607689619
-93.026605339105
-32.976610764453
-142.268127705628
139.007944258433
-152.636737069354
-167.662620907738
-70.968864848259
-90.530553159948
2.734557488952
-42.826138759244
-32.946518759019
-151.396165900072
-59.291666666667
-126.815816507711
-98.210595773584
-138.779859842848
-164.814331935426
-153.051615485209
-77.072771168718
-39.102831819873
-34.022997835498
-34.352613044508
-31.28920341811
-100.627983940972
-141.839015151515
-37.584338079455
-161.554292929293
-195.160325351732
-29.925788295905
-162.453373015873
-170.791749103761
-33.995199624594
-35.89888702877
-76.32664676903
129.751515221974
-83.404491341991
-165.802870360976
-181.579393262987
-145.536776103671
-178.229790229302
-207.486572265625
-56.453852137446
27.690496623602
-30.751643809749
-142.980797793786
15.597312409812
-174.811069681187
-36.156926406926
-32.230900664006
17.518390517902
-180.651973839962
-162.345258528364
-35.843602035985
4.876200622294
-31.778236466225
-29.643586394075
-162.634621888528
-200.840728715729
-170.176857864358
-32.31106721512
-183.382112136995
-106.942552971117
-187.275244774756
-149.677917216247
-190.944604386499
19.437056812545
-33.217290088384
-27.137167574179
107.335580272592
-38.567480750586
-60.635469510958
-0.75877637987
4.743248613366
-29.455635456124
-84.357351415945
-160.378218569625
-136.216880721275
-74.939303751804
-33.797186076727
-37.737373737374
-90.180735930736
-170.764499768894
-164.862213795319
-156.268759018759
-160.095147907648
-28.701216264205
-99.900224341631
-37.662628658234
-42.174665178571
-170.790842295725
-29.870511053617
-181.574752829636
-88.07224025974
-89.065996882891
-175.294926102543
-11.130243562861
-37.103555786661
-37.590986595869
-32.356942048837
-33.319632570121
-40.578102453102
-175.211227086715
-33.737554112554
-87.143029767541
-154.849476911977
-76.524829770924
-34.405393217893
-4.742942468773
-198.895562770563
-79.646742959731
-35.410345784858
-147.235747894683
-26.531856652462
-27.031142902237
-152.511353419801
-115.565955312049
-31.358696479302
-33.911497790404
-149.629218383613
-86.602465785083
-26.125373432991
155.529463158369
-84.455738326344
91.633846134334
-160.603723479212
-195.915556231962
-154.001190405731
-36.549144486156
-174.708887141504
-149.417117604618
-21.996354096208
-32.267795138889
-91.568001443001
-153.711642090548
-171.424963924964
-148.093905714511
48.93662630772
-34.783129495288
-184.726731601732
-57.175587487599
-153.416694850289
-137.207320836715
-33.024330216225
-35.477169857053
-180.335046897547
-182.185093118687
-141.886897011409
-37.628529998647
-39.719877344877
-37.605689639137
-191.120761183261
-199.894320577426
-190.092782597177
-38.129841946248
-83.539662106557
-99.548430735931
-91.306735744724
-29.912149536661
-18.098116347628
-187.577290764791
-29.994485874369
-152.87299543989
22.567192220757
-31.122724877119
-173.352453102453
-182.400592842487
-136.790105294012
-38.498306868912
0.839035584641
-163.273358585859
-170.505140692641
-26.368297934704
140.046619233631
-91.403216033099
-109.205426897321
-187.328713333108
-89.703344832251
-97.969537027642
-64.017316017316
-163.297590863997
7.602896289908
-22.208083203689
-79.851801356196
-148.915883161977
-176.850571845689
-166.722742914637
-191.161788786301
-159.982155539773
-159.636884328779
-176.571268629374
-37.549402366297
-2.134101196113
107.324412512401
-190.529388471771
-158.325286204681
-99.72113997114
-72.475497159091
-171.924443232549
-81.239066868461
-179.365973490485
-27.655032467532
-123.62949669688
-38.107323232323
-163.122266188672
-44.887904575893
-200.434052438447
-181.422410488817
-30.982944328892
-30.308108991703
-35.683974933487
-32.466901154401
133.290834545229
-126.981228298611
-76.589708468615
-192.719516594517
112.480761859668
-136.849469161481
-183.903130777642
-27.676074359668
-29.777839781746
-29.194521949405
-95.177329235435
-35.20002832454
-160.224817229212
-64.151667343074
-160.062430245536
-95.938865496483
-188.062582437094
-174.597402597403
-188.316676812771
-156.279463158369
-181.773379018984
-161.773067589962
-102.712752525253
109.832140461535
-149.911366031972
84.667658730159
-44.220980029085
-194.180174372069
-39.570895196383
-93.125208558802
-113.968905714511
-39.055563306052
-25.091061282468
-34.526773031656
-188.433273865891
-30.773621398133
101.168019480519
1.341790533685
-142.926960734578
-157.221959409948
-51.016233766234
-89.618514244003
-136.291007169913
-26.935147372159
-178.222590723079
118.174994574653
-163.638146955042
9.848015943475
37.113706118101
-111.659541847042
-164.122294372294
115.164138948074
8.02302601912
-193.994130056142
-110.946330633342
-156.138445701434
5.084846089241
-100.525350463339
2.618936998332
-35.107676232188
-27.544274356286
-34.72801466112
7.800582555465
-190.716708096591
-38.49113343254
-107.99313799265
-170.69046843998
-189.613553926542
-186.411874041757
-159.46941865643
-33.767047920612
-90.2506933171
-124.339195526696
-39.369318181818
-41.65177796379
-162.096841038736
-83.237554112554
-116.361314385484
-47.859758297258
-169.167658730159
-100.090638528139
-33.059191242785
-96.091991341991
-177.059363867469
-3.612213795319
-164.689963248557
55.41072203621
11.959134805082
-203.934072871573
-32.285784040179
19.325334821429
47.361283735795
-32.685253060741
-118.309010867605
-46.169454731466
122.900876087888
-28.009289321789
-197.300082296176
-192.705016825622
17.673941211783
-81.832251082251
-164.510904947917
58.455529767541
-36.744289998196
-66.860992739899
-122.736368991252
-83.967705092217
-26.127246939259
-37.352453102453
-72.475399221005
-173.452102639114
54.37768519458
-168.119949494949
-37.994769119769
-161.396735209235
-175.027584719968
-177.33954852656
-197.83485877187
115.441816321699
-190.83876502187
-156.821248196248
-179.496129684118
-97.46167027417
-99.163883534001
-204.086379278274
-178.414695222312
-169.684551993146
-44.797626798115
-50.187049062049
60.308642366748
-147.114718614719
-144.423611111111
-103.06144593254
-142.250741933847
81.598013477408
-33.586600519706
-160.970758787653
136.529831659226
-29.272797027192
80.010642135642
-161.110778544372
-204.878697691198
-159.081230835137
140.082230649125
-3.853697761657
-34.116161616162
-88.800386679293
109.864870806277
-143.843065842578
-167.314484126984
-93.715991528003
-86.03173828125
-32.381493506494
-147.718094026199
-23.49791793493
114.80331883286
-82.858946608947
-172.737554112554
-25.652610085227
114.324144415697
-29.121993159835
-70.974915167298
-109.571809754915
-92.959616392722
-141.745949308938
-170.586940836941
-29.440143623737
13.94524838226
-163.174270607864
-93.769050014655
-89.989169738681
-118.128226320121
-175.38770869972
-181.758477633478
-37.091810966811
-192.260794327201
-113.017648584055
-34.015672207567
-40.398178210678
-82.857756203215
-56.535235164141
-183.44627637987
-42.288772913285
-176.951581946699
-144.777499464511
-187.090007215007
-28.47601010101
-45.61038961039
109.103174603175
-99.766756924716
-169.613386233992
-167.167668946722
45.689775122881
-158.356962481962
-24.130032537992
-183.978277473395
-30.051388959348
-198.265241702742
-39.41838023088
-33.01146157445
-135.303772236878
-163.051837431232
5.332248616184
16.446441254058
-96.133588254194
-28.799221991117
13.59613997114
-149.566931874549
-30.979174417163
-147.82520869972
111.879509379509
-160.343336405348
-181.973284040179
-92.267795138889
-34.147436276831
-23.483114487509
-162.848116347628
-5.46617965368
-160.584423334912
-36.220799653905
155.773829956935
20.971951659452
-155.163309292704
-102.938930318813
-171.677218614719
9.103164386612
-36.699585137085
-37.59623015873
17.876886188898
103.234588138641
-28.103056231962
-158.410886910399
-27.349755225244
107.19256318768
-30.546176046176
-141.718983219471
-180.393558210453
-172.741001674107
-92.700855513844
-158.120498370987
51.295787112193
48.554916491928
-94.976288414277
-167.551607734713
-21.429230925325
-198.503705441694
-99.562028628923
-34.24523274035
-84.483835988231
-147.567061166915
-38.643418701524
99.071060070572
-37.22286128585
-103.776695526696
-40.842733275839
-155.142664085047
-36.928128241117
-42.09585672574
-68.207148212031
-93.519753548318
-189.889870735818
-158.468045409452
-35.91332972583
-188.583415770427
-1.331779711174
2.178419237013
-21.292200041712
-32.953213073819
-172.643861888979
3.474567099567
-31.428841991342
-174.337461529356
-93.487193362193
-27.353813666802
143.166756854257
-191.102355164367
21.454164271059
-27.88924963925
-37.333070521059
-95.97304166103
-186.261093073593
-165.235369177264
-183.516754458649
-158.185057184569
-47.727875856782
-155.82233044733
-86.497835497836
-95.233405483405
61.417646047529
-36.904659034542
-142.404972929631
-67.098214285714
-79.697601010101
-171.527777777778
92.383026695527
-179.730146047529
-101.639081946699
-153.798873923386
-40.084415584416
-33.504426942415
-185.231864543876
-33.980499047394
-86.413059163059
-93.578573824179
15.067903504915
-139.100587346681
-37.71167027417
-33.516442325036
-195.94428450239
138.915313852814
-93.628427128427
140.409178630614
-110.422799422799
17.95661976912
-98.512273262762
-39.63552376443
-154.694606852566
-197.066669062274
-31.681088930601
-38.754529812635
115.785732252773
-212.398590748444
13.229687359082
-167.724276103671
-90.601079855474
-98.580086580087
-86.464633782017
-41.944534632035
-138.581058210453
114.893029767541
-172.903589466089
-33.533737909226
-41.830975773359
-194.243416305916
-150.786907157513
-34.309683751578
59.75468975469
-43.415563982459
-128.661719031836
5.369506307495
-89.470606596095
-35.633407879013
-192.071268629374
-177.012278194895
-178.623619002525
-37.13187468998
-26.183191428797
-91.745933807946
-174.17296711535
-115.650974025974
-109.721861471861
-158.044294789412
-177.836822465729
45.928210678211
-209.185966810967
52.141676953689
-40.178779987374
-37.034181096681
-163.120748500631
-158.222853535354
-33.41456416847
-163.173332797845
-185.736729741613
-141.114878556773
-38.175226737238
-27.81248731737
-12.065213378202
-32.329803334686
-169.939241747836
-178.074384328779
-179.985106364989
-143.357495857008
-164.501803751804
97.230859797754
-168.969905528499
4.91332972583
-159.780872339466
-206.572178255772
-41.748466810967
-90.013368196474
-156.300765396713
-193.48060966811
-35.790486477498
-176.15645503585
-106.867777242289
-35.55313317325
-135.616522366522
-36.750430504825
-136.128525066513
-30.716429783324
-169.683428875812
-148.973023693971
-93.064664502164
-95.597971906566
-185.411914908009
-169.446616697105
-35.88474025974
-29.346328096816
-113.198080131674
-106.726551226551
-158.008567821068
-33.305555555556
-78.21664327426
-78.521103896104
-94.942169321564
-166.430277242289
4.800886233992
-144.483503421492
-179.639770331665
-97.615370360976
-94.646707025613
-144.25172131471
-195.95462789164
-160.088814343209
-172.297619047619
-98.154761904762
-22.827729020112
-35.742334054834
-105.687402061914
-145.534541847042
-197.401896335002
47.452831890332
120.793251643105
-102.787255225244
-87.206230835137
-32.120289812184
-138.407047244205
-30.489339897299
-183.071248196248
-137.774531024531
-184.808093490711
44.297425989809
-158.51261851213
-25.468253968254
-182.671446608947
-166.114249709709
-27.093225784632
20.360126798115
9.920696924603
-151.242236116748
-171.262167574179
-86.375639063627
-69.983876854482
-52.526507401019
-156.252504819399
56.879426942415
-79.389368010462
-194.715991528003
5.562538400185
-76.411433320369
-31.742625050731
-159.514770331665
-1.497662873151
-42.4806998557
-196.8605826682
-198.21130952381
-113.176659522118
103.598111415494
-179.565844691333
86.193805380817
-108.30102574292
-86.670737790855
-179.924956174468
-136.881882440476
-110.780205092217
139.337492179045
10.451090142496
-103.256050319039
-127.444784761679
-98.426378742785
-134.505784688402
-33.501713564214
-187.61075036075
-179.208403087798
10.679022366522
-31.090909090909
42.658750591856
116.219253782242
-159.507395382395
-179.537871037383
5.983974792569
-150.458320650703
-132.161984662473
9.463484242537
-32.788350158956
-39.75937950938
-39.627705627706
47.105248917749
-30.551226551227
27.355441975559
-27.594336219336
-178.858683796672
-199.464986781881
-162.343053159948
-188.053751803752
-206.969614532603
-42.244789552895
-166.100461224973
10.84632034632
-120.05684636544
-95.571899942505
-150.915223665224
-37.581960086355
-42.412247474747
-185.241792929293
10.625270562771
-36.707524111089
-145.20940783392
-40.158008658009
-148.944707256719
140.611018457454
-48.61256186305
89.980532163149
-39.293207606196
102.327311197917
-180.465839336445
-65.755681818182
-157.350396754938
-41.237935296041
-199.383645326028
-30.244949494949
-33.534451659452
-196.886925195031
-38.698600824089
-76.86352574292
8.941919191919
-167.958632079726
-196.815829190341
44.634907952291
-141.317550505051
-123.17002404063
-40.101370851371
140.158840779446
63.704372829861
-138.503525066513
16.349224316265
-178.997835497836
-75.588043521149
96.544454731466
-32.900914488073
-41.657016594517
-27.0627832454
-30.989919423025
-161.26939033189
-174.350948097042
-30.457173577291
4.021485079591
-37.526605339105
-172.223033910534
23.112453708401
-172.235580202133
-137.062881183487
109.558639900681
-49.238005050505
-91.106338919327
-110.348124098124
-147.551304056187
-131.727285409903
-146.251422568317
-150.243797489403
24.295364357864
-138.383351159474
-168.813043591608
-36.389056581439
-179.593462527056
6.115612740124
-201.445155728603
117.404970463564
-33.410874227769
-145.933519063402
-120.663169783775
-172.953184890197
-185.208596145608
-49.089728901741
-119.40386002886
-123.468344155844
-181.508054879149
-140.697670764565
-55.154393403905
-32.545093795094
-178.461961270067
106.582062956575
-146.356032422439
-103.929576174693
-151.23835805037
-197.226579410173
-152.446518759019
-129.993388122294
-184.26815588925
-32.077643764655
-91.308982683983
-31.323404947917
21.151527834145
-3.474727041622
-144.538718659812
-104.495470187365
-113.308920680014
-160.285902411391
-31.499080157039
-219.654499092487
-156.935856190251
-78.251505005411
-175.904651284046
-76.38457256719
-30.775425149937
-162.683449308938
52.501262626263
139.90558134357
-142.858503421492
-191.639332076344
-36.831091326209
10.070596449991
110.318364659429
-84.386842757936
-188.248569681187
33.439906881313
-126.244929061824
-189.843447026064
115.675033679428
15.568351976799
20.741813362419
-149.667748917749
-112.676927618822
-178.187610620716
-39.398719336219
-104.71158008658
-166.345238095238
-40.874479307585
-177.949515382621
-30.189084976438
8.68902297247
-170.954713147096
-189.924672929067
-172.881411069399
-61.366785178797
-121.822794067911
-116.112211329252
-164.511420355903
-32.660062539457
15.639873201885
-36.888860705267
46.568921285962
-39.532196969697
-159.643197460092
-85.580364893353
-163.79941258286
-101.325597633703
-29.059446304563
-74.921526579974
-29.600649350649
-28.423868991252
-96.538662292569
-4.029501558554
-165.357240795229
-80.080369825487
-126.349219031836
-70.875610880005
-95.202651515152
139.817112249729
-154.558178746167
-156.659820160308
104.803481240981
-149.641684704185
116.223575036075
-115.687049062049
-41.191447820842
-146.254210633117
-29.24339587279
-146.719897778003
-25.434150376533
-40.713984501826
-159.322232509244
-168.511536261048
-39.938845063357
-169.962760275749
-101.806174186057
-45.457251082251
-104.4329004329
-194.5558056852
-150.796626984127
9.542999047394
-195.066988946384
-153.307109177715
-168.144820836715
68.621920939304
-89.411435786436
-33.632918540878
-173.892163825758
106.726899294282
-80.993493810877
-12.716249408144
-25.872364126759
-35.331952335859
6.16646585836
-188.344717402823
106.820359002976
-93.768398268398
-31.96835190634
-175.255439439033
112.035603664998
-153.046827792433
-40.137729132846
-168.988476421582
-38.579184704185
-21.095328282828
-185.516967949585
-72.998003190386
-126.219614532603
-100.931194619183
-105.377988873106
-175.445624633613
-34.1422053966
-192.150793650794
-38.346410533911
-135.784341038736
-18.156864402958
-186.638430200442
-161.882374949269
-94.781746031746
-163.273080272592
-153.160796722808
-152.174713795319
-164.69716275478
-153.940643883027
-164.617666621573
-160.749196062184
-145.425345108451
5.337772958378
-49.724456478851
-174.667187359082
-144.125450937951
-81.133367012762
-204.631872576208
-181.853473349567
-63.662871037383
12.224767907873
-186.185044501939
-34.097124284136
-36.570173695662
-158.478056231962
-34.20001564191
28.598853349342
-163.357534257192
-37.125618630501
-25.787788600289
-187.321449004554
-156.606220548115
-126.922987548476
-164.777527648133
-37.485387144323
-149.685077617695
-42.026695526696
-144.842171717172
-113.530380535263
138.835119118078
-35.607225294237
-29.744851556863
-177.978161920545
-164.859570171582
-178.018205210588
-172.435708930826
-10.928411486517
-172.760559698548
-96.281004097899
-144.611479611968
-91.472833102228
-169.957619583108
-52.285915094021
-39.010093259605
-166.724234532828
-87.078761949856
-35.393390517902
10.080877835272
-188.116231370626
9.927321484939
-155.782006377954
-21.815774936869
-200.145472582973
-150.652499464511
-35.474304287293
73.466151470058
-33.756313131313
-135.892344200938
-180.02695833897
-37.2068001443
-175.679555741567
-84.079385512491
-118.120062581732
-36.525543521149
-148.525894054947
-37.955016825622
-183.948850953734
-188.879488946383
85.195874763258
-20.793931572984
-94.673724197894
-136.558954500361
-172.437569754464
-173.614690431097
-182.648837707431
-192.389540635146
-193.616148933532
-23.855401109307
9.75352753258
-152.387729132846
-150.7327946034
-165.541396103896
-86.172881859894
-101.699737328644
112.989898989899
-206.117050809434
-156.66168591608
-148.996400246889
-141.546073175956
-187.930924056412
-138.571330633342
106.104604921988
-117.537157287157
-118.35397854099
-84.412518037518
93.449286390693
-164.696047387942
100.766684704185
-185.347763347763
-28.838383838384
3.589285714286
-36.318460131448
-9.435879089444
-152.183183678301
-36.941610228964
-42.874871412225
-192.134088513483
-95.29520441581
-33.746412929518
49.99864472008
-145.563832380727
-187.666584229573
-133.589113089601
-154.589736652237
20.696797072285
-137.65645503585
-156.269751082251
-191.061056998557
-193.199487198999
-165.7665120795
109.506975094133
-178.659250851145
21.075469045928
-179.001020247114
-193.484459550866
-147.081266769255
-41.744949494949
-103.429563492064
-139.222871502413
107.397735023223
-165.024711399711
4.486213981331
59.639700577201
5.953545640557
-93.789842481737
-187.693091630592
-160.763535889024
-180.516684704185
-181.30484180533
96.719439089556
-34.141594516595
8.608864171852
-195.875422754329
-178.945998066604
102.372843248332
-142.395915770428
-38.923799236788
-140.493769305781
13.128176998782
-202.086858399847
-80.341893403905
-37.899912208018
-159.453262395157
-189.571588513483
-42.248709190115
-166.343704906205
106.783902783414
-135.01233526673
-142.990161802174
-40.605339105339
-212.840661779627
-155.497204184704
-194.791125541126
-65.817377880366
0.025342712843
-35.764081946699
-146.933982683983
-33.590257344652
-41.818563001668
-90.521256087662
-185.25868619228
-155.96569806604
-89.645480333469
-207.98756186305
-95.213654401154
17.232405669417
-170.997745310245
-174.945456941062
-165.756583694084
-24.232774170274
-35.896026391144
-87.750999813988
-57.601440605835
-29.957243331755
-226.718266650884
-144.270111832612
-43.706980519481
3.018606827201
-181.504058441558
-33.372191502074
-29.051164547258
-72.44715007215
-30.609828051723
0.422897360886
-91.637072454455
-85.406106968119
-12.118867243867
-32.596590909091
7.435595844043
-158.756421285962
-183.658091095103
-81.191009565521
115.577027952516
-83.904671717172
-197.265233952246
-180.497273939168
-86.415406506471
43.683341154288
-43.842344341856
-151.158709725604
-17.74053030303
-102.84145021645
-30.029594212211
-174.403318903319
-33.590916841405
-167.199224386724
-176.440295815296
-21.258670691288
-31.671438858451
47.198420448909
-106.391852396735
-30.330266955267
4.148358585859
-117.436417748918
-34.19722757711
5.321348600401
-31.524198457792
23.164200952043
-90.428218428707
84.647997835498
-153.404942279942
-43.741805611923
-32.420642671131
-37.079656075262
-89.198925640332
-164.422000417118
-177.635371572872
-81.651757530664
-175.541756854257
12.90367965368
-33.921446608947
-19.215736466225
-22.727182539683
-1.05637746043
-30.072969510958
-35.512285945391
-159.92019173318
-26.467380275974
-78.852653910759
-171.748577431683
-13.120289812184
-195.001693131088
100.212925149937
-21.99034992785
-152.546204229798
-28.706918515512
-141.664571918966
-92.354695109578
-168.980900664006
3.118846810741
-203.431034677128
-177.7212174761
-77.113365800866
-37.642053205041
-148.726092538104
-96.641205582612
-155.385642135642
-163.322039451434
-183.365710678211
-162.16637567077
-31.410915094021
-27.849587532693
-197.421433926317
22.181006493506
-27.519042264159
-178.967622655123
-190.852633477634
-187.580529767542
-129.962481962482
-173.270279525162
-33.246261442551
-33.519508703102
-130.238288295905
-33.14620183419
-82.624167878562
-192.545704675099
-147.690927128427
-27.674080016121
-177.013721196338
-34.584428267045
-180.060758252164
-136.616854933261
-36.775239842623
-171.2720882091
-120.376693131088
-78.801870546988
-128.345495975379
-57.587100778995
-94.868617114223
-91.37768519458
-121.14439033189
148.635438861269
-35.063600218141
-129.604707792208
-163.407390027507
-125.479710258275
-40.390582019977
7.215159406566
-15.854084229573
-169.129238816739
-152.343717588835
-182.403589466089
-157.858843738727
-79.444624819625
-71.714285714286
16.937247404288
-36.893856956845
-171.427821744228
-159.126270376759
-164.751631127119
-190.230957735841
-155.266865079365
103.465478586084
-79.589293464782
-163.799422799423
-27.89087548194
-34.719799839917
-37.969405973801
-35.691295629284
-105.965285528274
-159.028241398359
-92.533890100785
-140.276527834145
-35.601904226416
-168.614239493146
0.217885467397
59.060544056638
-167.480852047258
-77.176788109894
-35.138185355226
-76.830274705763
-33.377151819535
-187.908000907513
9.100468975469
-190.772817460317
-136.807158499053
-90.500381183487
-36.726842222448
-193.187979121573
-164.520936203553
13.742063492063
-138.118436739042
-41.625270562771
-171.064942815431
-85.696616697105
96.342975654987
-44.288309292704
-124.586933086445
-158.484868917974
140.958784271284
-193.295183982684
-166.611008240891
-171.730339105339
-198.368867243867
-172.852703232098
-39.153507028995
-28.350399221005
-187.243699551317
-145.491071428571
-171.269820836715
-28.434093304699
-41.540556231962
-141.841011961129
-35.156032281521
-34.364357864358
-207.050064329117
-178.067112249729
-160.853272541261
105.29051466112
-158.802038239538
-29.485126798115
-166.23356542546
-136.609959105565
139.14908008658
-28.971603591721
-40.549685611697
-157.711969020563
-204.890970953959
-89.470668600063
22.140865265377
14.168818486201
111.756050319039
-144.231421356421
-182.508555138438
-90.011453823954
-36.175404646352
-101.863067054473
-171.562249870355
-170.994921311328
-179.725077575419
157.394542523449
-148.854970604482
-126.518558210453
-173.237907112419
-174.379877880366
-183.76061395202
-171.989836985931
-39.167215542704
-155.881215193227
-111.419751011792
-160.604970604482
-153.813912351754
-39.225198412698
-202.059966996979
-193.777589652101
7.267864893353
-109.257768815386
-33.907529536436
-105.496023995536
-44.113288295905
-161.898358585859
-51.039862914863
8.172230113636
-153.6461116466
-48.98347523787
-190.996240304834
-115.88246513686
-187.466803216315
-165.632395382395
-191.986361240756
-94.710235023223
-144.812229437229
-139.161103219697
-171.184683751578
-80.062479566874
40.488608180014
-27.44707256719
179.87490981241
137.669892986788
138.316197691198
-134.326548830943
-193.330898268398
-143.029130591631
133.247142180736
-34.360057043651
-31.356441789547
137.007292512175
-41.620823187229
-88.729707792208
-75.700605384199
-172.075950633568
-193.391754458649
-28.745691428797
-65.526592656475
-25.921717171717
-190.120011498918
-200.79788961039
-187.039592352092
-36.764069264069
-93.173811919417
-193.931379926497
-78.784201529807
136.768488455988
-118.607052669553
-96.294532236427
-36.505230880231
-143.366643203801
-32.176149046266
-38.282217402823
12.417728484623
-144.430284992785
-175.453303261409
-38.753525066513
-190.331181513799
-177.073580390963
-93.528749408144
-143.831771960678
-100.691385816874
-154.072899756494
-37.44524838226
-38.64612432923
-152.398469206575
-166.399108270202
-178.547358701411
-96.681068497475
-154.118575895676
-192.072219826614
-83.753795629284
-198.768328513934
-27.393496206484
-110.138819134425
-158.93922131471
10.747204184704
6.500631313131
-1.354506983902
-173.046369103986
-163.84535646645
-92.404019970914
-157.373023623512
-147.719073407062
-183.326770072376
-194.62970243732
-165.791937229437
-127.553653865666
-132.297175860164
-26.370969742063
-82.555256809163
-33.06928450239
-32.223394660895
-157.463105525117
-151.885363822376
-107.723214285714
5.917748917749
113.250252595712
-33.246503117109
-27.315295815296
-185.423930642925
-196.748466810967
16.357864357864
6.323224572736
-0.127066564078
-36.961850649351
30.244060301677
-173.130153375271
-36.432449494949
-149.254349437455
-117.721137505073
-89.173278544372
-154.943735626353
-36.657099031611
-46.572410418358
-189.677689985795
-149.638077200577
134.382575757576
-174.90176528116
82.532635225018
-34.008047128653
-99.692349696744
-104.356954731466
-33.01633170432
-150.312311874324
-93.009497880592
81.368436739042
-30.955975773359
-34.505148443137
-184.185577876984
-37.065483940972
-155.763778268173
-171.210330142947
17.704986175933
-193.837051457657
-83.245673461738
-137.617243867244
-183.538953288465
105.266032957927
-38.854444979933
-98.166658916171
-91.727535539547
19.560064935065
-132.996052179158
-151.366009424603
-162.78582490643
-34.949876132982
-174.170336174242
-34.396083462978
-170.208513708514
-34.1868066829
-198.532828282828
-151.860770793876
-36.603896103896
-29.927947865936
-78.34441865643
-34.361131544237
-186.841684492808
-101.216388212482
-77.224216565769
-152.667019666531
-96.549873737374
-27.857786852904
103.678321298927
-34.537345412834
23.549319929203
-37.692570938176
-155.808523995536
-197.000708818092
-94.364077085024
-16.204267141279
-167.330545268534
-43.829267141279
22.602043030754
110.296183796672
-176.708784271284
-166.941029998647
17.202130822736
-95.57474507914
-169.54538479099
-33.277216219111
-50.898420589827
-40.986113577178
-10.828823953824
113.523510777417
-193.08161976912
-127.634900201795
-37.784742655348
-141.135268702652
118.659000721501
-140.668552855565
-179.651896335002
-40.702839640828
140.599025974026
-40.829643392632
-52.449044011544
-160.028208282603
-194.068001443001
-90.76652476213
-191.21905790607
-73.382104386499
-132.740087115575
-79.267857142857
-32.815295815296
-59.208686333198
-33.016061141549
9.875450937951
-154.827723735683
-113.766684704185
-28.117514430014
-194.682331123737
111.525033749887
-35.045163549558
-25.840007215007
-34.946949263844
-102.130952380952
-177.174525669643
-25.553911745806
98.56519787721
-33.2778059614
-205.555924056412
54.680653493642
-32.939205813718
-36.355872480384
-156.677045990034
-160.184065121077
-79.523170460182
-186.530032467532
-129.017504142992
-64.582882395382
-191.233926175821
-38.367140997024
105.151417213429
-166.5020947477
151.3795995671
-31.272546897547
-189.746080715075
-133.902146464646
-107.465089652101
-72.499757620851
-151.682261369273
-152.817934154604
-155.188213750226
105.514089697195
-118.986832611833
-154.229424546807
-189.830426897321
-146.67305730294
-112.817269725717
-38.079635642136
-37.140983636589
-38.317259509154
-189.112443491838
-40.931588485299
-31.744879740485
-147.763257575758
-36.049492553887
-30.473472165855
105.364499839353
-138.613644114132
41.61343555533
-153.850399221005
-93.014991573097
-142.973116347628
-158.374549062049
-110.055465367965
-162.145763578869
58.411407602814
-36.927107994003
-160.142697200803
-137.08953584393
-87.842442279942
-149.883395196384
-33.454094516595
-41.959255642361
-28.058163245175
-199.184273679879
-156.467795279807
-110.439754689755
64.149190707296
-176.602806102318
-42.825286204681
-37.106892727498
-102.483954359443
3.149879092262
-79.111652236652
-29.462481962482
-18.909734904852
-29.488816738817
-100.231269164863
-9.396116578734
-157.916458107864
-36.763801167366
-158.426296305691
-192.735848298837
-10.932970187365
109.582982799536
-197.708575712482
-125.007317877435
-176.995670995671
-102.168908673791
-28.125200808306
-27.163981472087
107.746129684118
-170.448335193452
-36.75965007215
-155.638257575758
-27.694846061057
-82.269460086355
-87.423729482323
-33.07033856985
-174.915043290043
-145.338772772366
7.056818181818
-50.040764790765
-155.388257575758
-83.826548830943
-148.058273865891
-155.842532467532
-151.867604617605
-11.22573953824
-205.589917027417
-91.235832797845
22.929035049152
-29.033529350424
-26.403040590052
-80.259289321789
-175.326290950803
-34.574203953598
-135.346688847177
24.837219150207
-178.508387445887
-110.753960503472
-99.397477143083
-152.693060980903
114.181658239764
6.780052900658
-39.471938976822
-151.373003190386
-207.352535539547
-171.769751082251
13.468697155709
-179.787489853896
-177.689754689755
-153.340638528139
-134.75955988456
-133.829816017316
-41.039411976912
-41.592545150162
-154.124937996032
-35.347382164277
108.249188311688
-29.537448283054
189.862476607594
-71.394217707206
-183.387175324675
-99.734475051858
11.741514616026
-116.86046711535
-147.468344155844
6.754537563131
-200.490883302895
-95.688873246979
-26.13733526673
12.860216985705
-22.900175020292
-142.505030071925
-145.366239121122
-105.283451845464
-169.156717848124
-33.563041125541
-32.060876623377
-33.867722988817
-166.1856884977
-176.515512265512
-36.729326608721
-139.932240936147
-41.65167509357
-81.539259785354
-160.358606291712
-77.386966765873
-35.927649119544
82.764870735818
106.442628010011
-174.313118630501
-54.582750989245
-133.975296350785
-190.983778916396
104.482964762018
-192.015991387085
71.111191082138
-198.643766769255
91.247482497971
-158.809433621934
105.463273217668
-35.386786390693
-96.138708513709
-187.87194137243
-159.116432178932
-186.288788414277
-28.645861516955
-173.605088975694
-40.56729262491
-79.582611832612
-149.492411559794
4.860951169057
120.877084531137
-157.183170995671
-150.786263161751
-165.429390867379
-112.021812714196
-161.440363103693
-159.313504746122
-177.577749453238
-91.855449726055
-198.185438368056
-136.639540635146
-38.897108642226
-41.298691082138
-118.905586275703
-94.760629453012
-107.996946304564
-149.900322279717
-186.676046176046
-154.153256899351
-114.30381380772
-105.71636002886
-150.636994949495
-35.582418774802
-35.626435250947
-167.736819929203
-91.16035600142
-95.662760416667
-98.679099871483
24.464834590323
-34.664772727273
-94.4573592369
92.133735513618
-193.153138528138
-78.10856542546
-91.857511358
-98.383838383838
17.99034992785
-188.559170809659
67.706447144435
-144.995768933757
-129.431740676858
-163.986721991117
-206.07875419936
-191.888728946834
-49.179292929293
-157.037997159091
-174.866530117018
-206.48547979798
-190.157928686981
-148.700757575758
-46.826649235096
-93.256575943588
49.753143883027
-173.204635642136
-158.887564258658
-33.383567821068
14.025625958243
-167.5539941829
-38.615502119408
-160.36839587279
22.161616161616
-149.656014314462
-39.579385512491
75.145001211896
-84.42297979798
-80.531385281385
-88.455980705492
-27.321250662315
-35.535714285714
-183.066025066513
-161.054813621708
-134.759822696834
-112.049422799423
-185.700327070933
92.501643809749
104.855179163285
-35.654679467668
-27.374188311688
2.945998066604
7.388770517677
-30.393565960949
-179.943292438898
-200.286255411255
-101.138950892857
16.642653868484
44.893869639475
-57.873286435786
52.231491110886
-176.573211890106
-41.303100057495
-198.420552483541
-171.986028674017
-181.219627215233
-185.673152422664
-185.47132034632
-191.980449726055
-37.732124890084
-165.616419496302
-109.626741747836
-116.801857864358
-40.863546176046
-90.433634616252
-186.023817274306
-28.690476190476
-34.135451543899
-98.487255366162
-110.229367474973
106.306825932314
-149.402146464646
-105.794364543876
-154.949023578418
-192.160624098124
-32.798683331642
-141.509359076254
-155.513084951073
-34.415120795004
-36.947969510958
-134.62023274035
-35.241432178932
-102.609279175685
-94.190836940837
-170.528326653815
7.944874949269
112.220807404401
-34.077499323593
-194.204184704185
25.293228039322
-120.757493320482
-176.477916723034
22.247036492154
-168.598943536932
-166.277216219111
-32.754078874684
-112.364816552805
-187.257117069129
-200.351628731512
-82.069444444444
99.075144229685
-35.552867894909
-169.72192347583
-104.298180606286
-41.340618095013
-158.875
-183.465986595869
-27.008379695391
-195.292650979663
-31.605769610164
-148.270763578869
108.974497345103
-190.504620000225
-31.608884604978
-189.198404947917
-48.583333333333
81.84270262615
-35.664404226416
-29.015705323323
-14.201597447691
-40.349226782332
29.071881975446
39.411067285579
-81.151432714421
-176.397817460317
-98.465097402597
18.01164194963
134.694715007215
-173.32222757711
-52.704697646104
-161.95985877187
-144.962190966586
-90.017857142857
-96.885500160647
14.862736953801
-101.180346996753
-35.82224025974
-112.04538479099
-36.210304777688
-37.277228901741
-199.384941068047
-174.846132220644
-186.407918470418
-81.343594285489
-32.221959409948
-136.505120259515
142.038149350649
-35.135940882035
-28.586046711535
-197.783431412338
-159.523085557021
-88.651798396916
111.920542266978
-38.906106968119
-160.590187590188
-99.177649119544
-164.758379695391
-95.961948587437
-157.063414558532
-130.272289017406
-151.511884328779
-162.93769305781
-121.604617604618
26.623807128202
-42.427579365079
-111.266857328869
-138.777326839827
-136.916326349432
-55.409021154627
14.328352582747
-54.293130101236
19.189040939529
107.875450937951
-49.335054648043
140.272807243754
-44.880259063853
-179.519099335994
-127.495560374955
12.678009869904
42.527965903454
123.601919727408
-161.07225294237
-186.353257040269
-33.953365265377
-33.102190290179
9.159168414051
28.713814343209
-196.538981472087
-71.875188125676
43.930764114358
-30.873106060606
-163.607851675234
-194.958083203689
-150.912435600424
-87.495049899103
-31.469787157287
-27.496191688086
-96.439143809749
-38.674319929203
-54.759461946474
-101.655032467532
-39.149240028635
-178.477563723169
64.893029767541
-68.694354256854
13.659070475965
-181.518115022998
11.137716450216
-146.424582741477
66.547611297123
-152.235008426903
-156.673041801948
1.09126984127
42.375881442776
-143.912670229076
-32.459317646329
12.974899666306
-190.068895568407
-144.082439207928
-35.200154446248
-37.617362238456
-195.171626984127
-32.475821975334
108.531315526921
-191.328553391053
-193.85550679789
-42.835337893443
-181.026605339105
-162.961371527778
-34.942161571068
-175.508124633613
-91.265229020112
-182.462121212121
-109.482712166306
-86.857593795094
-102.582534327652
-180.30666599026
-46.606589048972
77.22764122813
-93.736402107008
-59.474858095464
-149.350719105114
-77.31031506471
-33.546196479302
-37.74503968254
-180.490612740124
-139.10082972583
-188.9773526983
-165.669926102543
-149.056014244003
-37.072441068047
22.538399480294
-30.612894429789
-31.654864774982
-32.052386307269
-112.88961038961
-154.967803030303
-102.428100057495
-196.493235930736
-151.433691688086
-136.041847041847
-36.878978470531
-43.843053159948
-30.840167157062
-37.239190171807
-106.572178255772
-29.312881183487
-34.603973608856
-28.727202972808
-169.4375
-175.016135828148
-83.591713028725
-190.989087301587
-119.297626798115
-20.428769770811
-35.460866336355
-130.001443001443
-92.354978354978
-30.907709911616
-75.393488455988
-3.431186868687
14.403589466089
-98.234126984127
-177.175082296176
-112.262736883342
-91.702138573232
-29.626976376488
-38.84613997114
-176.655553159948
-181.040301170184
-26.839674648268
-152.647817460317
-90.708866708378
-168.70689033189
-171.316620445527
-174.300304242199
-172.140344572962
-90.831181513799
107.735608385755
-41.852092352092
164.669830982819
-163.513355513844
-0.208222712617
-77.937340057946
-159.879591816604
-171.194707256719
-34.906666060719
-86.970408253856
-151.02876984127
8.678591861697
-147.952721269616
-28.457050273945
-25.885067894345
-35.158036841631
-42.249368686869
-33.222776030393
-149.75287825239
-160.670271704207
-90.885982452877
-35.339716219111
-38.867424242424
-101.879787692776
74.037345412834
-45.64490327381
-33.029929597312
-33.530393217893
-38.457310620152
-168.941259695166
-101.536734532828
-39.052308802309
-29.400711213699
-149.939393939394
-34.904954962572
-37.560515873016
-193.588626217532
-21.555132801227
-74.051156796762
-186.087219150207
-31.078643578644
-82.755161125767
4.432248686643
-175.182429061824
-21.838383838384
-156.999479307585
-132.140159265648
-40.667736235119
-162.663309292704
-35.170732858721
-175.127324444219
-140.748938182044
-37.182289552895
-166.713556463068
-193.013827237216
11.157024345013
-80.164502164502
-29.319555065161
-31.411556623715
26.623737373737
-156.388626076614
-76.975649350649
-177.354138483045
-184.912510287022
-39.730949985345
-33.49303512243
-96.688950751939
-29.238005050505
-148.321861542321
-27.825064258658
39.809351184839
-177.754231066243
-36.527958152958
-25.522809709821
-192.440857373963
-183.621823001218
-134.156127401245
-161.432116928211
-38.293019480519
-106.798811919417
-30.77886002886
-173.731212797619
25.859660359172
-190.926239233856
-177.862463924964
-159.878066378066
-141.864254994138
-104.939762440251
119.233044733045
-192.885108760597
-201.899420403815
-144.993777056277
110.470889841495
-161.390610203598
-99.786103219697
-175.206738140332
-29.662345412834
-158.992140997024
-194.16514122813
-146.599669969787
-167.546106291712
-36.082882395382
-85.028617649711
15.558912929518
-152.509178701073
-34.388159637671
-38.910201343795
43.871222337775
-183.494601427219
142.071861542321
-33.861755106872
-188.263806451795
-162.104339291351
9.366612554113
103.684240564123
-37.257395382395
-36.211108715503
-184.195817691423
-193.958181141775
-199.168269610164
-31.750721500722
18.728342295725
-195.411984662473
-179.59919859871
-158.871212121212
-155.379787692776
-183.999729437229
-36.627525252525
-90.241244053256
-27.070534446023
-165.113886493281
-93.62005236517
-152.634018759019
-33.24313799265
-46.285784040179
105.904310966811
-189.40882034632
-25.61056998557
11.858106737013
-186.045452079388
-175.205890517902
-43.517313551249
-185.031946840052
-154.660345784858
107.825126262626
-100.607233044733
-42.781905973801
-90.696511008523
-29.801226551227
-54.79330272592
-188.180395613501
-26.355068542569
-32.587904716811
-6.753795629284
7.600476725965
-186.577729020112
-83.232441603535
-107.521276520788
13.58485877187
-101.384477447466
-203.722776030393
-178.030122655123
-169.01146157445
-194.582160894661
-133.326306451795
14.120650562545
-37.450007891414
-31.504238816739
-142.979256854257
-191.377615440115
-197.778749408144
-145.380411255411
-40.436134503517
-152.743707301813
-157.26815588925
-106.722332842938
-36.634268888663
-115.204455266955
-140.369941744453
-29.582091140197
27.896467112532
-102.387167574179
-138.232490924874
-35.728535353535
-21.575138945256
-158.635649886138
105.318875135281
-170.660513477408
-166.059954314349
-21.809864126759
-18.313118630501
-38.475280849793
-149.808351370851
-28.287136854031
-152.580787647682
-187.619227994228
-32.221382350289
-181.352715914728
-48.901355209461
-38.73538961039
-31.57492545432
-148.431014244003
-43.792581225198
-87.899989712978
-27.687659942054
-52.278228715729
-142.13255532445
21.736652236652
-192.447322696834
-101.494055369544
-31.415612599206
-145.719594099477
-137.60713264058
-142.647928081034
-35.611193548205
-183.761613766008
-188.876352813853
-121.945153262536
-32.7665120795
114.741050995446
144.946428571429
-199.804645929158
-43.816009565521
-190.776577155483
-47.469987965593
-159.636093073593
-40.395632525027
-164.133567821068
9.296529046041
-108.061778499278
-174.544823232323
-29.625984312996
-29.429300679789
-200.54979130028
-33.454545454545
-190.263049016955
-102.10370797822
14.738976680871
-91.881333564439
-139.687922754329
-165.207549828644
-32.073142135642
-150.642759204771
-111.153118095013
-207.469343969832
-30.542916610299
-31.580259204771
-23.786075036075
-158.684606246618
-79.265360073954
-78.04816017316
-32.188221500722
-156.351288414277
-33.474657287157
-154.94974507914
108.878086811192
-71.649510591405
-30.037518037518
-111.73260154559
7.384389725942
-151.237816924829
-195.86353842555
-76.520402828508
-162.967885467397
116.435698714263
-185.809080622069
-186.692668876263
-23.034570030664
-157.748093377976
-152.640512265512
-40.297799422799
102.615973490485
-100.253780128292
-79.941599660106
-200.488476421582
-194.711969020563
-161.523379018984
-170.511002886003
-195.30076786278
-34.306008959573
-114.088842526831
-23.47656919361
-154.123306868912
-86.502332194715
5.864107734713
93.145555020067
-79.617694805195
-171.956238585633
-109.513798701299
-199.482843924738
-95.026682844066
-149.598866031972
-145.079447516459
-49.168282292794
-173.017967763573
-43.083956895969
-176.419031977137
-88.492813176407
-38.224226782332
-77.896665454771
6.371302308802
-106.465728715729
-164.144001397908
-186.269472768984
3.935245310245
-35.522637085137
-156.71167027417
-139.212932900433
-26.011894545342
-143.848582786571
-38.257014198909
-99.738914676903
-191.720668600063
-159.010732323232
-35.154782337888
-107.566004633387
-34.638229392136
-29.252264906318
-16.875360750361
-123.485381859894
-193.614808802309
-182.582972582973
-151.00877637987
-150.251262626263
-41.974116161616
-183.117875180375
-184.156655844156
-22.755230880231
-163.620227808216
101.258730229189
-141.04826304338
-114.897997835498
-41.212760275749
-175.463912281295
-34.385211630817
-169.615723360841
-120.075827330222
-43.575579666644
-33.25678450239
-162.962002840909
-42.04042447353
-82.015893448999
-155.517885326479
-194.130792438898
-140.089904344787
-159.754246567235
-33.804014616026
-166.480048109443
-179.074044011544
-108.641955266955
-158.283271470283
-168.691821253833
-39.89638220937
-34.681449680961
44.762798887311
-151.361500045094
-154.43253968254
-29.271394892
-201.130960131448
-33.22323471884
-166.202741702742
-32.263458384064
-191.926149046266
-26.569444444444
9.234188988095
-32.566197691198
-136.00983044733
-30.501254875767
-150.471299913194
-151.971580692528
-95.751172438672
-201.137466320572
-92.428022552534
-204.2433056852
-200.48260154559
-115.846410533911
-167.586469465864
-54.044392727498
-109.633949004554
-105.99321549761
-150.716810966811
-41.167089420996
-165.152326839827
-131.885912698413
-38.252414631809
-36.131513939619
-34.638064517947
-176.17115561305
23.56067581507
-200.390143764655
115.732954545455
-84.641885512491
-30.635982452877
-35.291847041847
-204.398010518128
-181.279117909001
-106.059704184704
-161.586598053639
46.589564027552
106.094253782242
-31.051053926542
-161.578373015873
-184.941197691198
5.609758297258
-185.270091399486
-40.124098124098
-184.433822741928
-121.983044733045
-33.754336754825
-33.867166362284
-142.251505005411
-24.94933500744
-93.593897964015
-26.656753782242
-172.208874458874
-189.133026695527
-111.916674417163
-174.000340317235
20.351358168741
114.651322093705
-0.643039984104
11.28669859871
-92.329365079365
-103.769202206214
-27.893328513934
-146.791847041847
-34.729187099793
20.395374644886
-168.53641535331
-32.066808571203
-155.741632987238
-29.950827330222
-6.962932900433
-32.074314574315
-163.575646955042
-161.732114321226
-83.657008844021
-110.550311992695
-119.852002164502
-34.121412929518
-75.521915584416
6.738927359533
9.24131380772
-37.036714099702
-141.319797444309
-37.654220779221
-207.518488455988
-126.281292627728
31.155573593074
-38.162698412698
20.419362077809
-159.201378672326
-138.812848067731
-32.603645974251
-196.060876623377
-33.647559580177
42.366545265715
-162.163760230655
80.917047850153
-34.430826118326
8.294573102679
-156.494400618912
-152.265811011905
142.90089158888
-29.003226320121
-40.567751313357
44.980241167253
-35.045815295815
-186.144578457567
-94.884629639024
-33.034714471726
-38.145119583108
-26.7585058171
-38.776076896194
59.26155176204
-155.264221455628
-84.576040821158
-81.747294372294
-85.056650489268
-39.162147070594
-111.106441789547
-30.877628122745
155.189331935426
-32.064935064935
25.765782828283
-30.457050273945
57.88944269706
-188.236500045094
-33.955447330447
-183.464473839962
-72.172147676542
-178.954455266955
-172.208854025749
-185.305362497745
-38.686848253743
98.62605406746
-121.781467718479
-199.80076786278
-39.274989712978
-147.881513939619
-173.476453288465
6.319534632035
-0.787899221005
-98.487644300144
-26.813131313131
99.568645438763
-36.43662630772
-34.419712611607
-169.42403386544
-30.095160590278
-197.738095238095
-118.670732858721
6.386191011679
-177.162600474612
2.829336895743
-81.973327372497
-185.304653679654
-157.462932900433
14.246670809659
-81.622552252435
-28.844454590548
-31.91810966811
-35.137979262491
-93.42125848327
-167.903236466225
-104.064832194715
-33.57023569963
-173.453795770202
-199.836752711264
-107.481040172935
7.25583400974
59.358142671131
-188.440656565657
-93.892676767677
-31.24981962482
-185.324134199134
-173.345869408369
-147.110507981602
-33.533619538014
-88.863262930646
7.557998370987
-204.922077922078
-28.492334054834
-38.057269119769
-88.681026926632
-198.388244893128
-134.441017316017
-25.122482497971
-177.856220548115
-135.767496392496
-11.842331659226
-152.087108529491
-51.245420866026
-146.976370851371
-32.918089234984
-143.307879999775
-153.284173346185
105.797410488817
-124.861812178707
-22.997564935065
3.966287808329
-93.229084229573
-191.074031328914
-193.531024531024
-40.089273031656
-151.117604617605
110.905212842713
-26.338023088023
-93.011974516369
-71.601752034858
-36.991772496167
-33.495740750135
-157.672799422799
111.025703463203
-203.503336940837
-93.905766650884
104.527875715864
-84.778499278499
-34.927566682449
-31.563762626263
-193.582042523449
-82.738546176046
-24.48214532321
-167.940303565792
-33.045565166171
-159.981068356557
-94.977801170184
-157.95843127142
-186.525412467307
-133.48157354798
1.152978586084
-26.474505095599
94.298288760935
-176.576118326118
-175.516053391053
-183.426566868461
-165.712133894751
-38.553300865801
-187.003148815161
-105.065208093773
-155.297619047619
-28.77694565634
-141.12403612013
138.11534992785
-191.837592583198
-41.604991037608
21.971871688424
-30.020472582973
-203.394050014656
-184.849559349071
-143.974144345238
-48.345057720058
-44.588682584776
7.896562584551
-29.918893172799
-174.755583880096
-73.715478586084
-166.480441975559
-158.885178515061
-105.687139249639
-158.603514920409
-105.979236421131
-88.601821789322
17.724268353175
-35.106601731602
-92.472513218119
6.406625194467
-189.202290764791
-43.487041170635
59.660180910669
-44.434351184839
-84.290396289908
-98.108676046176
-174.471688847177
-89.741800679789
-40.55666599026
-150.198621257215
-199.644632711039
-34.712481962482
114.787518037518
106.378406695301
-78.14221807923
-164.101210909316
-32.487804242199
-222.628164316153
131.878336940837
-169.3511002886
-161.636175510687
-28.104805730294
-24.865460548566
-81.70879202178
-155.607330982819
5.299250174738
101.56259018759
-141.986853044958
-160.620601241207
-29.498819810832
-37.17994467555
-32.895735395247
-78.982039986923
-34.542859538465
-191.566120186237
-182.361819929203
-193.357065352183
25.620761183261
132.677190431097
-31.156184473079
-206.678388587324
-92.014818948413
-29.885003072015
-82.453205323322
-154.379501629013
-36.292748917749
81.451569264069
-48.064291069174
-23.283647721636
-136.735036610525
-112.262085137085
-88.478437415449
-122.594052973936
-90.472791531385
-35.711858399847
-156.77379684118
-77.801837431232
-151.010289135777
-103.259920634921
-35.296827792433
-92.818612323007
-38.565734070617
-88.210206839601
-37.609126984127
-93.365107548701
-35.571789321789
-196.308011053617
-199.998757806863
-192.295464762017
-182.966571053729
22.458977329095
-36.016612483654
-136.784632034632
-178.132854070842
-77.158619538014
142.981802539908
142.5618066829
-5.6645694529
-169.418934039051
-143.532307590413
-146.726814038826
-37.503234070617
-113.868609363727
-84.68740981241
-205.114996927985
-72.630341500947
-146.646923334912
-93.309163059163
-94.578463203463
-112.088412022006
-161.538502350514
-202.539154096771
26.338646650658
-116.108704229798
-144.199974071068
4.125242379149
-84.785992598981
-32.487110925099
-196.002896219449
-43.441378066378
-118.414141414141
-42.433864312771
-77.040404040404
-84.815115440115
-99.4593049637
-5.686105615305
-194.4163883534
-29.827721269616
-107.975275917659
18.124278499278
-94.209325396825
-189.552641369048
7.026412281295
-35.99529756268
-29.268099522006
-88.881292698187
110.984946422935
101.581259018759
-161.909443908956
8.026244588745
-43.098755411255
-31.955537518038
-172.64143457454
-76.621364312771
107.553190245085
-160.707714702832
-169.533570216676
-167.671606551001
-73.959784085272
-89.501435250947
-143.136015568633
-150.959894705988
-164.59134734623
-156.442743562861
-77.49034992785
-194.811778499279
-36.562131499143
-73.319707256719
-208.860188802083
-152.314303751804
-182.353507169913
-97.908727692663
-105.374007936508
-202.94733044733
-201.917408600514
-80.517566146961
-195.19532588722
-194.293410880569
-175.518939393939
-86.528957966946
-79.206259018759
-78.285907343525
-38.489726365215
-175.717171717172
5.585678210678
10.79519173318
-83.413891284497
-31.437971371077
-92.65414327426
-47.062111066017
6.641323953824
-25.322219826614
18.612193362193
21.339486522592
-184.453996578508
-104.852445351957
-39.587031024531
-87.092545150162
-36.618769305781
-38.404339150433
-67.487456174468
-103.451126076614
-178.833596145608
-167.724366291261
-82.366522366522
108.683982683983
-171.96426528116
-39.800033679428
-29.224636854031
-75.848963970058
133.119235744724
-36.551414676903
-76.436708744814
-32.445797258297
-116.558060374955
17.16647854099
55.256403318903
-34.241903550009
57.041596912202
-88.226801356196
-80.707619583108
-189.643310546875
-150.214035584641
-63.575770258387
-38.236381673882
42.974363825194
25.376963693858
-166.369658499053
-37.516774891775
-191.967890751826
-100.217692409587
-91.549144486156
-82.213092842487
-189.735459364854
-167.935683565566
139.534570030664
-120.371023995536
-164.391947516459
-47.619380185786
19.519021831034
-136.757665945166
-179.75010287022
-29.056547619048
56.733818021172
-192.64419727408
-94.876471185065
-31.553911745806
-99.952048385642
-87.051927266527
2.907717662112
-30.487816924829
-36.034369222358
-33.98843555533
-165.872273939168
62.542901109307
-165.992452426046
-35.396722526605
-92.326741888754
-33.684423405371
-172.466187404176
-149.45298408189
-156.085848369296
-88.575466579861
-72.606171226777
10.244957245446
-137.143468022863
-105.198946073458
-97.106872294372
-160.245773865891
-149.047008167614
-38.45888220937
-196.333132525027
-36.993145743146
-195.717643088249
0.661894474883
47.281102035985
-165.701126076614
-90.395624774531
-32.066079319986
4.047155427038
-208.238262930646
-106.31440168989
-167.066197691198
-183.078901458784
-36.131320881809
108.080898268398
-138.785431040314
-117.692210187816
-177.431088930601
-41.020833333333
-162.657905787789
-188.595340965458
-151.733225108225
-160.654852092352
-96.659985034497
-146.422049738456
132.688953218006
-172.200036075036
-192.108794417388
-33.170565166171
-149.538350158956
-99.327471139971
-84.376512755907
-26.594717402823
-169.223152281746
-111.14134438695
-34.191648629149
-179.351814038826
-113.880140692641
-83.009461946474
-173.55990499301
-57.368604431593
-32.838564213564
-188.397616652011
-29.048041801948
-69.733317761882
-149.781836219336
-197.706820577426
-88.207964832477
-28.429473304473
-178.07962789164
-40.998765557359
-89.633931037495
-44.286984662473
-173.179681863276
-30.040153910759
-39.918207606196
-145.520575453193
-143.43768037518
-153.182080994093
7.87573946778
102.177677303166
6.745137620626
47.875741933847
-205.161082786571
-155.52226858428
-203.013167388167
-208.668733230745
-119.236500045094
54.849935600424
-39.289419727408
-194.153220965233
-143.327483822601
-162.223484848485
-29.64202502142
12.058018804113
52.261912512401
140.210459435313
-157.64411976912
-36.17097523787
-171.414141414141
-187.4834879205
-103.602703232098
-87.928300865801
-185.506581228017
-30.809966996979
-163.484840734352
-89.457952149847
-167.590658961264
-166.449785945391
-192.550025928932
-137.151613089601
108.278056091044
-23.53623497813
-155.089105339105
-175.090818903319
-87.448683261183
-27.737714054609
-21.069075943588
-172.998376623377
-39.734675860164
-164.69906444467
-191.798964110976
-35.75792875744
-202.671073175956
-50.278020156926
-55.153491528003
21.834325396825
-140.142797604956
-67.060613811102
-92.331980519481
106.665785223891
-177.336600519706
-172.010191197691
-137.263688080583
-194.05877412518
-35.702228760823
-20.247232368326
-33.182547433036
-100.992256549874
-136.426845181728
-29.964909276921
152.920634920635
-197.839388584506
9.216898688334
-42.152687590188
-27.033812595824
-104.438922568317
-150.964285714286
-158.490267490756
-168.051344922439
-184.909521413916
-205.605527231016
-41.497683306277
-197.331612018624
-35.644050014655
50.446727317821
-36.660273564326
-82.456259018759
21.205630171695
-91.336850649351
-159.912497604392
-119.618055555556
124.644738399621
7.176308988321
-150.478522670905
-162.284889914773
-166.891426824044
-162.30850356241
-179.156578339196
-41.845869408369
-179.609245355339
-151.676775427264
-35.797085672574
-89.248987503382
-190.214739118304
-51.244568311463
0.491063678075
-204.114074618957
42.799041615936
-90.892065887671
-66.881743636138
-41.665563982459
-117.52198533888
-113.985820115215
98.149693432652
-45.020910838294
22.944645252751
-36.360119047619
3.284451659452
-83.342532467532
-26.219184027778
-27.536726782332
-43.13962307224
-120.89152476213
-139.960518268624
11.981954731466
-195.494039868552
-150.649160057607
2.064473910421
-152.004128196023
-169.86238148787
-77.940909161368
71.525621026109
-190.673873923386
8.343065842578
-154.377373060967
-25.411054602949
-44.026966089466
-30.079194920748
-182.729166666667
-182.59307605914
-191.361283735795
-34.88646157445
-37.577852323458
-150.457042523449
-115.587932900433
-138.391774891775
-211.148268398268
-30.640615135732
-205.71366215165
-38.807269119769
-154.358856421356
-83.294975423882
-85.556998556999
27.832982799536
-133.049623607729
-44.848845598846
-195.97619047619
-35.711961270067
-167.445817691423
-81.462211399711
82.85300197849
40.286533724522
-203.076200763212
-59.982142857143
-2.628357373963
20.045995670996
-27.824432945527
-84.553293115305
-34.777223969607
-162.368424056412
-164.916236161842
-172.309593563988
-28.478986291486
-140.490079365079
-73.55753968254
-206.757277011183
166.547709235209
-123.43671649531
-117.752164502164
-32.150683030078
-35.30362074991
-25.556918585971
-195.567390562996
-162.470536841631
-28.666045570098
-84.444431761815
-182.926927618822
-24.809065121077
-43.958152958153
-91.810613811102
-159.836961270067
-28.211740028635
15.953821487757
-132.876152005547
-157.017828959235
-38.815045685651
-145.127886002886
5.491231370626
-157.873654936643
-33.010912698413
-107.269562956575
7.499451123963
-186.325687821293
-91.452283014295
-45.212211399711
-87.894911024306
-42.116620304609
-135.224087977994
5.106220548115
-28.414239352228
-31.791756854257
-162.628968253968
-37.485098614493
-162.819521949405
-31.084415584416
-46.164391543786
55.666916796311
110.251391214038
98.710577806525
-193.131295164254
-33.869576061959
-194.997204184704
-185.990981240981
-103.8731884977
-34.496204370716
-152.117715238321
-29.145214702832
-151.638417517812
-197.346763533775
-31.361922799423
106.748917748918
21.387536075036
-171.780872339466
-28.839396335002
-34.919655539773
3.943514384921
-92.480179163285
37.399628962617
-103.826659451659
-193.231511544012
-93.587239583333
-150.032988224883
-40.582000952606
-101.610366711197
110.919380044868
-86.288079596185
-149.606331168831
2.791125541126
-31.63933982684
-143.242774776222
-179.414875597493
-194.567071383478
-187.314316434434
-28.328713333108
111.890444977115
-86.814914631809
-180.422807173295
114.532176536571
-144.179001933396
-173.998536565431
-99.917658730159
1.404782337888
105.397699089105
-92.242887863005
-84.323121702516
-151.825577200577
-92.986930549919
-90.954844200938
-26.213203463203
-31.517656334551
-34.945769074675
-31.157836033324
-34.148095773584
-39.104076479076
-26.573863636364
81.288409696857
-166.165654170049
-166.161268093885
-186.100288600289
154.192638226574
-84.261273448773
-139.776453147547
-170.524448587437
106.098484848485
-157.662886538375
4.899198457792
-44.507596190702
-84.51931282693
-42.048979611968
-37.743795023336
-36.286247660759
-157.896354025749
-153.842684659091
-195.09126984127
-54.422077922078
-183.214203277192
-190.168720548115
-196.501803751804
-38.131403318903
-160.663608039096
-96.164973535579
-163.913157101145
-187.236381673882
-84.685487689394
-184.484508167614
-167.674492553887
-188.072892005998
-37.385912698413
-0.748286435786
43.466960692302
-35.864906740395
-37.755571197466
-80.242792743281
-85.840339781746
-16.832418774802
9.062832566739
-63.49550330312
-161.024502840909
-26.642135642136
-149.714814157197
-167.156135151741
-117.274350649351
-88.659820160308
-93.989648860254
21.227272727273
-105.476690383185
-198.908487779582
-157.049340362329
-102.618707301813
-151.849003074833
-184.674963924964
-166.733766233766
-33.574757761769
-154.230449726055
20.154133057698
-174.320969882982
-46.029754154266
-172.315205627706
-172.873348439755
-130.505874875992
-35.665965599071
5.380890376984
-132.978174603175
-42.699765512266
-194.740723360841
-153.646575267181
-72.016754458649
-35.874208744814
-198.835879018984
23.636994949495
135.63255532445
-32.438311688312
-187.671897546898
-103.438229251218
-156.898185961174
145.335067330673
-175.993534677128
-36.94993813695
-164.477453102453
-70.982052669553
-157.154220779221
-158.620397966834
-78.030323463429
107.480416610299
-29.17585805037
9.630772005772
-178.358959291576
-30.37022005772
-146.912706163194
-35.943460131448
-75.903421773539
-50.271542151425
-35.13160412721
22.816259695166
-162.570949449856
62.171176046176
-200.486845294462
97.133650258162
-33.374000186012
-156.902409276921
-29.919933853039
-152.702027952516
-265.906114718615
-170.474206349206
-171.735237418831
-32.171910229527
-79.354638037744
-83.962100778995
-168.372946118552
4.078726015738
-28.149899525388
-137.551857864358
148.010188731624
-159.356609482098
-120.629529812635
-190.148891960904
-38.801948051948
-158.124208744814
-170.416999233405
-166.130854442866
-38.333493275388
-165.247825281273
-167.230318672213
-36.398245499076
-85.644959641053
-101.346750851145
-173.682379740485
-98.839404085498
-197.016934833829
-78.560273493867
-173.879988501082
133.821588513483
-31.159111342217
-38.198031514926
-49.763966393849
-90.214999464511
-150.570063074946
-168.381063001668
-34.491341991342
-27.849206349206
-37.273657332251
-38.068071197466
-31.892676767677
-188.671459291576
-28.775432900433
-140.064151560245
-28.152507215007
-30.280594026199
133.331779711174
-188.523095773584
-30.976801356196
-178.424873737374
-178.439533096027
5.889151701163
-187.907377344877
-150.385544197556
-67.897284085272
-41.031746031746
-111.772567330673
-155.398747519841
-141.736631803526
-37.83963871415
-94.088834776335
-26.756433968592
1.358052483541
-160.821240445752
-109.325744893128
-87.339084905979
-71.96167027417
-154.272103710092
-113.876891473327
-46.489718614719
-27.332433923498
13.545052928842
-32.914223851236
-12.413948356331
-104.41332972583
-145.256132756133
-38.507374949269
-37.055284992785
-200.121322741928
-78.491251803752
-189.681026926632
-195.731302985209
-195.474636854031
-195.750992063492
-163.673693548205
-153.562790995896
-83.28345959596
-172.956078643579
-147.748544315927
-158.066004633387
-118.253615254104
-197.129682004194
-158.007936507936
-199.026502468885
-140.999556812545
-41.927391239403
-187.857774170274
-171.443460131448
-40.074134199134
-201.613976680871
-160.461317274306
-80.205607272502
-37.290682353671
-194.793269610164
-43.986381673882
-136.09066671176
-30.476453288465
-99.255591630592
-33.493658685065
-200.849760157377
-31.47391535331
-114.051955802444
-164.342163966676
-113.390311457206
-34.92623676779
-30.160255597267
-155.202180144075
-3.243248613366
-82.669995857008
-160.927210864223
-32.70248910703
-153.685994994589
-158.135018573007
-113.642766955267
-110.125659496753
12.968516780528
-84.292470604482
109.227174789186
-198.324966320572
-160.744137806638
-83.062507750496
-119.536546407152
-81.772917864471
-34.942300375406
106.750701067596
-45.828746448864
-30.709523739065
-191.523526278409
-83.376352813853
-170.382763883252
-36.681738210791
-185.556186868687
-46.3731884977
26.206730389836
-95.297438672439
-150.185613811102
-42.050414862915
-80.590646278635
-99.912136854031
-177.581779711174
17.94218975469
-144.551213868597
-33.458395337302
-35.69306344697
-37.195900128517
17.518421167591
-30.430222988817
16.56240981241
-196.475378787879
-32.172539076592
-96.679112554113
-88.886433390828
-141.022464460453
-164.81441437252
17.355437043425
-152.886072640467
135.395299958288
-146.848193852588
-36.690015035962
-135.119158239764
-87.057289552895
16.663187750834
-169.306970373377
-33.443640506629
-149.25191437252
-71.341991341991
-34.690414186508
15.882588440206
-175.765164197781
-71.424131803526
-89.985131730249
-163.503689940702
99.279519525613
-34.852375597493
-142.70096613456
8.837830030213
-165.722402597403
-35.213556463068
-38.274781154176
-31.602793419688
-39.121843434343
109.944833378427
10.245060115666
-99.413440346546
-207.998917748918
107.069354256854
-165.255854442866
-186.688061558667
-187.340205557247
-32.076589697195
-85.454107199224
-31.878336940837
-35.685946377841
-177.839285714286
45.383846134334
-66.596057534046
-158.670807545319
-183.153589466089
115.162507820955
-177.983237790855
103.881583694084
-168.758650258162
110.763340012852
-196.994338614944
118.875438255321
-23.921529046041
-89.483232858721
-180.919282106782
-178.620663245175
52.035701603084
-159.30274705763
-32.611832611833
-95.283647721636
-33.484036796537
-79.103527603039
-39.273698903093
-37.058990434479
112.661969161481
-31.327089956484
-34.613984431367
-41.563103129509
139.889179884785
-158.50078350469
-31.3511002886
-27.677239047845
153.059771473102
-140.252635873241
-189.24225161774
-37.246722597064
-165.993769305781
-33.56746031746
-176.979449912067
-144.09154040404
-150.881382885777
-137.855707606196
-28.583784271284
-101.112992367875
-192.212203649215
-96.923077736066
-178.328553391053
-151.32205988456
-121.412147070594
17.014311643218
89.553481240981
-33.443833564439
-31.582238399621
-102.906946840052
-123.074613320707
-24.982503607504
-183.12299543989
-194.884629639024
-175.882665945166
-20.824294141189
-196.840097402597
-34.635309568903
-33.942821067821
-142.891032957928
-27.932892682404
-166.593253968254
-33.923701298701
-68.76328575938
5.303932178932
-167.428280432675
106.876561372655
-33.62996031746
4.762147141053
-106.838564213564
-96.642669017181
-206.964298396916
-86.231782106782
-176.958861776245
-166.414571918966
27.781367314326
44.975499625158
-95.216089466089
-32.645361962256
-181.436216588316
36.029138342127
8.549603174603
-40.911616161616
-39.051579551091
-23.045336174242
-158.281467718479
11.815483940972
-43.043650793651
-89.323314760326
-138.730720288826
46.293733230745
-98.885642135642
-71.831259018759
-190.999840057946
-69.76633170432
-172.829184704185
-90.805838800956
19.441669062275
-33.267323767812
50.007949190566
-34.4441943148
-107.956266769255
83.143398268398
-100.532898037293
-158.675332425821
-196.901445397051
8.55772005772
-142.618506493506
-160.826381138393
-157.279401154401
-162.639347577336
-146.863997113997
-30.359938672439
8.065517056728
-140.771013708514
-161.589383652372
-31.75687468998
0.701672134289
-28.912420099432
-114.79805730294
-35.422466856061
-26.202082205988
5.04482569839
-174.310606060606
-198.390963203463
-184.389971139971
-41.222132034632
-151.709315180262
-36.623987503382
-40.594086089692
-28.280924126871
-84.438391659339
-99.544725294237
-92.891123145518
-19.508207070707
0.25612253957
-188.203623145518
-100.402479031385
-190.533106596095
-33.434150376533
-84.426847647795
-152.236361240756
108.288961038961
-149.175311992695
-162.083415770427
-106.761572195166
-30.616050995446
-45.671987734488
-33.13943001443
-92.354416796311
-34.12023274035
-33.51738577178
-28.931715311598
-31.548268327809
-39.409070475965
-32.85309216608
-33.250569309163
-115.661177906295
-34.287239724251
-30.922157893105
-178.094807590413
-198.955524835408
-23.662046666441
-98.922716985705
3.605269350875
-40.079455266955
-207.209304963699
19.955710142722
30.274788904672
-47.826195831079
-199.177919682314
-114.393640647547
3.112636549648
-96.572572826479
-189.167741167253
15.697420634921
138.572801818407
-179.315213378202
-113.460129334641
-116.12510287022
-31.377144069039
-105.056297489403
-183.176566868461
12.260830261319
-35.051865614854
-94.447338197826
-27.102535539547
-153.714154308148
-145.056457431457
-146.169171486066
-88.034910347899
-93.694817877435
-37.46626984127
10.509276639159
-106.988906926407
-181.067710447105
-35.306444748828
-130.070194128788
-40.891955266955
-173.898781340188
42.506673881674
-67.619666249549
-32.777695340684
-160.077478890467
-43.662615975604
-184.589909276921
-210.774440836941
1.915494227994
-30.246302308802
99.780895943249
109.849997604392
-187.321325701208
-89.717179467668
-100.44696969697
-33.630078688672
-175.783799913194
-85.354437229437
-147.996031746032
-192.000708818092
80.162948542343
12.974469161481
-150.463285900298
-31.184425871438
-193.023829956935
-156.947892005998
-177.839273031656
107.392656334551
-163.844779406791
-175.374709004104
-149.221943908956
-195.608217357729
-32.182429061824
-35.00650125699
-159.253759695166
-190.39333626443
-75.408279220779
-166.525244774756
-89.401785714286
-43.02138220937
-148.224366291261
-138.009629639024
-194.470266631155
-176.798513173025
-170.977842036436
-37.663357909452
-126.035155193114
-198.171266233766
-89.164169597763
-29.96331408392
53.841151470058
-40.551108180014
3.372364126759
-31.867436925054
139.985820115215
139.381465322872
-45.515061327561
-93.268398268398
-9.690403969945
-183.272624402507
9.38160412721
101.553050736156
-110.815914445797
-162.551489363501
-147.403491528003
-28.187950937951
-171.060245310245
108.221779034767
-150.960608456214
-194.38483044733
-206.244859307359
-193.674693362193
-163.042650979663
-155.063291255186
102.874639249639
-83.621219871708
-20.08161976912
-148.850551412563
-63.902777777778
-84.888899105452
-24.508547387942
-184.020923520924
101.027605153093
-148.754609783663
-192.599144345238
-135.699974071068
-39.774551457657
-34.36187383038
-193.7479052523
110.252234256629
-161.098062094156
-190.140422077922
-86.903671903184
-36.150896521014
-120.049312178707
-179.319895382395
2.198773448773
27.040481545364
-87.096931226326
-163.620642812049
-140.978826349432
-39.180382930871
51.72183328824
-37.332812640918
-103.242694805195
-149.432712307224
-162.451401571519
-187.493256363862
-37.601842222448
-126.697703880321
-91.405565842578
-129.446789321789
-176.921294417388
2.147549363614
-98.322539006133
-50.657738095238
-187.239808802309
-189.130078688672
-110.320817691423
-35.104687359082
-192.452283014295
-36.433523995536
-151.982052669553
-130.963174927286
-24.160624098124
-64.361229482323
-189.458861776245
-171.320284316378
-202.243145743146
-76.103244005344
-153.027056277056
-36.910812223801
12.385010822511
-94.638888888889
-173.680645743146
-187.342803030303
104.313381442776
-32.623376623377
-75.537337662338
-176.827388702877
3.260093259605
-192.803689799784
26.370199624594
126.246925871438
36.846408067844
-38.471160404266
-202.758214821203
-81.744408369408
91.219594099477
-188.25965007215
-175.755300634695
-193.045544733045
-91.112811992695
-38.460116652011
-190.721771284271
-29.7931998557
-199.940898944805
-117.590458152958
-192.179903809298
-85.121322741928
-181.635309568903
-164.756833823728
-32.544720362103
-33.262646695752
-96.876352813853
-32.076569264069
-96.11525974026
-152.879419191919
-36.157217402823
-42.629349437455
-33.14419727408
-92.224268353175
-177.147915398404
-28.964909276921
-77.197608760597
-165.822719381313
-27.70823292918
-149.269653144165
-36.658070661977
-170.543011730023
-112.731712352318
-171.431555369544
-179.774371082477
-32.741043244949
-92.374298932404
-200.7074934614
-45.433621933622
-172.756305380817
-146.264360259966
-145.479527417027
-90.26471325983
-165.114009796627
-98.844614532603
-70.507485569986
-42.239919423025
-167.982310549693
-106.439193131088
-196.135904947917
-34.081099076705
-143.97582972583
-155.765780362216
-166.03085190634
-149.344995716089
-84.537775917659
-14.271554834055
-94.306006493506
-48.228166852679
-29.993133060516
-37.552226365215
-195.331161080673
-30.235868731962
-191.677919682314
-81.07961520901
-178.431158685065
-94.954434833829
-46.303210678211
-24.574404761905
-120.897699089105
-32.720951845464
-28.75764551204
-186.346771284271
110.62480694219
161.822521039074
-125.68549543989
-32.22113997114
-176.079246708153
-46.233032050415
-192.8462174761
-102.1684831011
-181.347943722944
-76.22656919361
-170.065107689619
-183.754697505186
-148.671299701817
-182.454352396735
-37.866370174964
-87.670343924738
-199.965646278635
-165.213113275613
-145.101904226416
-139.575546550888
-171.95939515129
-39.017496392496
-175.588646650658
-161.547008167614
-96.448425381043
-187.841622841135
4.782266724161
-35.495420866026
8.460420330538
-176.352806102318
111.373466810967
12.925765396713
-169.6426228665
-200.425214054609
-164.617133246528
13.918359797754
-46.562327375316
-28.737000304383
-48.075499695617
51.240267490756
-95.333936462843
-31.683248500631
-34.528942465954
15.040143694196
49.319096376714
-113.229617604618
-33.781397964015
12.104326608721
-30.215097402597
18.071608946609
-109.050525483631
-91.840167157062
-158.081439393939
20.49740499301
2.978705512153
-94.631230694219
-166.231589048972
-112.035611415494
-35.577373201885
-36.354244171627
-119.875152191558
-158.484938672439
-160.656302844291
-29.485106364989
2.694645252751
-37.752525252525
-106.801587301587
-142.590658961264
-28.905403434456
-126.958083203689
-148.36135349026
-179.957251082251
-106.164301356196
51.025533304586
-28.532196969697
-159.656926406926
7.911533724522
-26.418810735705
-160.021707025613
-166.959977143083
-33.611028674017
-187.538231787744
20.816718383613
18.737656982774
142.973106131065
-27.22973597583
-129.740079365079
-153.770472582973
-55.698412698413
-173.779761904762
-70.4022468688
-136.764221455628
-197.821686451569
-26.41809698548
-21.015865265377
-187.02704852656
-163.929924242424
-112.694985569986
-33.259822696834
-30.467364774982
-94.050105899959
-90.107385236291
16.629769725717
-191.372855930961
-173.119867057855
-39.872835497835
-90.999541311553
-119.309433621934
87.974214099702
-32.952901644796
-28.646936017541
-102.519959641053
-129.753615254104
-101.623299118416
-156.034291717397
-149.690857373963
99.857333448886
-91.494310431322
-40.897248151154
-9.494707115801
-41.975461224973
-192.758817950712
-187.845049969562
98.755290418132
-157.607581112464
-35.53335672574
-206.122554718502
-92.871995625902
4.394570707071
5.902409276921
-192.648100705718
-97.475198412698
-96.364185239674
-32.52713871415
-157.22248256843
-32.049873737374
-153.128615254104
-85.671459291576
112.384920634921
72.029699900794
-37.424564774418
-7.631555510462
-164.943284688402
-156.871760997249
9.583964646465
-174.680617559524
10.876283059389
-160.50687468998
-153.015249453238
-35.307990620491
-173.067127750722
-40.322052134064
-38.377607689619
10.77616215165
-159.770943954049
-26.539154096771
-127.907114532603
-181.123634503517
20.987463924964
-39.961219336219
-93.217983405483
-159.921524113907
-150.376010030551
154.185686031633
-28.949134199134
-99.219253782242
-38.711690707296
-143.33992724398
-106.164071659677
-145.039143880208
-176.275162337662
-87.491800679789
-108.069735440341
6.714834590323
-167.650796116861
-171.038760230655
-149.854970604482
-151.953664011769
106.19784338925
-189.005669135552
-37.693264255276
-30.387064703959
-94.617424242424
-91.098214285714
-82.964888843795
-164.447052134064
-52.412087532693
65.525966275478
-156.130439439033
-197.019789482436
-180.30571549761
-40.100399221005
-102.86326786278
-177.872675555781
-87.036886724387
-48.297791672303
-35.268779451885
-42.793663476281
46.491903550009
-27.996364312771
144.472054529672
-87.250062003968
-39.96890360074
138.334227458739
-42.244769119769
-21.557116928211
-186.318702510597
-157.150051716946
-10.163793346411
-157.74313799265
-86.532745845734
-181.208070521059
-30.603342295725
-37.969676536571
0.373348439755
-158.96292268387
-165.932367057855
-35.489419868326
-123.955800330312
-25.320624633613
49.395013894526
-38.349064374211
-43.16159572849
-28.61735448796
-150.786997345103
-195.245560374955
157.201051037721
-187.909980102363
-35.799512987013
-189.293900923295
-36.274232278139
-36.266517011634
-151.748654936643
-26.64891239403
-37.691738816739
-55.56554594494
17.617403809298
-100.383539637446
-179.066385816874
-32.179493737599
-171.583505958018
21.496101500496
11.118042872926
-50.722041847042
-146.576491759109
11.646665454771
-115.516762209145
-85.121121933622
-109.971861471861
46.898538961039
-27.881029885913
-36.47897854099
-150.51856067652
-30.140331890332
-181.200098079004
-89.184343434343
-188.424435482053
-30.000257880141
-174.878525066513
-40.299402366297
-162.601489222583
-169.694096376714
-107.640524948142
-30.649059653454
-85.248454128337
-188.241182049288
-37.289953102453
-171.728625541126
-36.311319810832
-151.249208744814
-180.087100778995
-152.024814269931
-145.836933086445
145.730248917749
-156.724366291261
-90.76174481985
-30.261093073593
-205.260634385146
-150.625548876037
-155.955517084912
-169.04737666847
-159.47879816581
-80.097410347899
-26.720586162969
-172.851481472087
-28.692091816604
-167.67575518015
-162.326741888754
-162.462752525252
-37.022477143083
-161.994789552895
20.637175324675
77.34813184862
-127.385482193588
11.563048876037
-117.261453823954
-28.767926897321
13.642135642136
-192.087855395473
138.107926361833
-31.803501674107
-176.170364357864
-89.751893939394
-40.52112432923
6.183732554338
-108.687971371077
-115.000159942054
59.121101500496
107.754529812635
-81.474657287157
-174.483294862689
-200.285340852724
-164.277257085363
154.465259810719
-28.518398268398
-199.453032698638
-73.16082490643
-94.11343555533
49.33297504904
1.692362379374
-170.141303520698
-192.482962295951
-39.384900201795
-84.063332121438
-147.492576433983
-101.392135642136
-102.369699365305
-29.321809754915
-39.244576061959
-129.101994414006
18.588113275613
-178.600100474612
-20.333902642496
-159.849927849928
-10.955697460092
-161.685064935065
-165.433719871708
12.175407112419
-185.365239307134
-172.613017733135
-38.006145438763
-93.978916537022
-195.789141414141
-30.886904761905
-94.859029046041
-120.69514551204
-91.135559698548
-117.157266724161
-105.703012265512
-143.150272958378
-152.694957386364
-205.114357864358
-33.836427895022
-38.784070475965
-35.270091399486
-155.574855699856
-42.114746798341
-161.622585368191
139.457501211896
-158.307928616522
-194.859766047754
-203.077478890467
17.686786249775
-158.522920330538
-33.445153262536
-37.208235395247
-157.33258364899
-174.454844200938
25.150141904536
-99.711863331981
-158.165764790765
-33.113025483631
-75.929194991207
-37.136606015512
-165.83857196406
-34.916937229437
-43.546335988231
-34.970488224883
-183.238087487599
-33.271624588519
7.458042337437
-155.530601776696
50.709853839737
-35.419019294508
-34.320678887085
-110.883387445887
-26.990870620265
-200.680575988681
-85.057658053752
-176.214187776199
-159.602901574337
10.514818948413
-117.645209770698
-79.321351066468
-85.131473073368
99.758018945031
-27.512976796424
-49.82388406949
80.698051948052
-36.208160708649
-157.642516825622
-35.750188125676
-94.368514244003
-99.348866031972
-128.981138111021
-161.911448469066
-39.963383838384
-27.979174417163
-187.561987058081
-26.782830748895
-162.018730835137
-106.132415815521
5.861554298566
-36.823260506854
-168.151453147547
105.661714099702
-23.063672438672
-84.09422559862
11.395743145743
-126.525551271645
-162.888515455898
-203.135080576975
10.397033955628
-152.33658008658
154.956702206214
-55.570588699495
-193.745212307224
-97.546356421356
-87.975669783775
-111.451401571519
-88.782184287067
-97.695075757576
-39.063852813853
-193.996670809659
12.974123912112
110.074855699856
-98.54625848327
-39.934225063131
-157.981671486066
-148.332189078283
-36.970245845734
-91.001984126984
-196.889540635146
-34.709075267181
-152.188381442776
-174.791653984037
-61.277486781881
-104.795524299919
-194.892947330447
-197.605248917749
109.19122587482
-48.541847041847
2.035423289818
-174.164764976777
-155.35847523787
110.806444748828
-123.133168670522
140.109838268286
-194.214215959821
-33.573162568768
-50.986804428211
-194.696158008658
-184.760198948187
-32.594967532468
-173.017065887671
-33.159825092442
-87.766053391053
-34.357233044733
-33.077102639114
-0.809433621934
139.155220593209
-32.963303867357
-185.00974025974
-165.893668831169
-79.265893448999
-37.845328282828
-169.643998579545
-181.367083925189
-127.199487198999
42.750811688312
-35.443722943723
-190.528978400072
-39.155656030168
-182.875278313267
-32.634678255772
-59.173520923521
-197.394269494611
-16.84701366342
-24.487221545815
5.045073361968
-145.359024113907
-36.567911255411
-145.533647721636
-195.231393172799
-111.945977633478
-30.456168831169
-197.23051948052
-202.22187943892
138.487020737509
-36.695243450126
-37.202102639114
-28.199502699991
-89.021657704275
-128.009449263844
-83.056127330786
-99.247753060741
-132.66323953824
-144.882665945166
-94.983225108225
-186.166937229437
-37.775613275613
-139.267233580222
-140.390924803278
-191.959505772006
-38.320359002976
-153.283897851281
-77.787587791982
-160.624561744679
-39.324654891549
124.007485569986
-40.515151515152
-46.250097938086
115.069694574089
21.666125541126
18.571320416779
-139.68453156002
-37.965540590052
-146.506325813943
-48.417187359082
-178.243859493371
-204.07270916475
-34.854527417027
-186.628787878788
-37.17088505028
52.16369047619
-149.479805730294
-36.499389119995
-152.859109017068
-33.412698412698
-76.058712121212
-121.653326653815
-87.908178816626
124.374007936508
-157.0045995671
-98.96427796379
-195.789793160399
102.176664806548
14.293748731737
-177.138077200577
14.090347532242
-177.37786556976
-33.76920995671
-70.41322685561
-39.505792438898
103.972783780889
-31.571420820933
-32.846521154627
-192.520452149847
-27.080259204771
-156.134371758883
-170.377886002886
-149.582534327652
-36.648178210678
-34.781354631696
-108.39717839669
-29.752823998918
-34.366244053256
-32.881611877706
-32.640713073819
-36.000360750361
-33.010449077832
-154.777597402597
3.20183982684
-101.525621026109
-28.333716982887
-145.352190290179
-182.148891960904
-100.139893635011
-154.773247965142
-161.72897854099
24.985271239177
-96.765442511048
-211.572961760462
-42.823515568633
-92.892689450307
-38.163427663916
-29.76137138686
-54.307740490846
-193.315628382035
-163.29014122813
111.529831659226
-150.177509610615
-46.20392189191
-88.526793464782
-143.114906740395
-140.987103174603
-31.425685425685
-41.316017316017
-113.633207070707
-170.398198643804
97.769307894796
-98.283279220779
-116.108127170139
-26.19705988456
-178.935134689529
-25.556650489268
132.989448051948
-35.729555600649
106.1829004329
26.282024345013
-36.796266233766
50.625819438808
-41.227994227994
-27.777777777778
-187.20461520901
-45.038259971365
-175.275974025974
-46.131261343908
105.644109552557
-145.311064749053
-32.552489177489
-105.128053695436
-36.229277287383
-31.609016363411
-199.982946794958
-35.544795048701
-77.174139554022
-162.250172624684
-95.455996206484
119.210858585859
-26.265272352431
61.982864357864
-204.403478845373
-39.689546130952
-148.431630056142
-35.747943652485
-21.626976376488
-103.485229668335
13.606769424152
142.268661080673
-159.573059698548
-182.663079596185
-94.378878066378
-174.445096190702
-180.210518268624
-31.474324720418
-184.692903504915
-170.048513173025
-89.114716148652
-122.144292393804
-133.819055510462
-33.708673650568
46.067009379509
-184.653478845373
-40.715450402462
-142.325546550888
-39.02695833897
-42.879620000225
-21.867083925189
-151.766476145382
-33.87029756268
-53.625257880141
-35.070689103648
-174.418310476416
-76.977723665224
13.78433328824
60.10387567077
103.783760808419
-195.277319089331
-37.747382093818
-139.734959105565
-39.320165945166
-129.157204720193
-35.347049597538
-95.431470114087
2.577311197917
-147.717782597177
-163.832243331755
-119.907537286932
-40.206447144435
-34.705078829591
-173.692377880366
-27.169823232323
-30.293753663871
-87.608225108225
-100.501733997339
-37.848742728626
-136.28344691333
51.50010287022
-113.285242914637
-90.324935670883
-150.233225108225
-89.511425640332
-139.234209421221
-165.739538239538
-29.801406926407
-79.736729741613
-38.173142206101
-31.018127705628
7.630661385056
-127.550046362058
-40.453344832251
-165.413391729798
-140.739625961061
-37.360307173295
-27.187868500857
-91.580697460092
-38.710407647908
41.220336033324
-140.538788414277
-200.755223129735
100.674543636702
8.629406509289
-175.548500490395
-36.223644790539
-27.81746031746
-92.448946073458
-84.791105108
-177.00660412721
-159.852252294147
-139.539494414006
-176.814844877345
-48.495330678436
-29.724824979708
-97.025154587166
-35.128218569625
-74.276133968028
-36.663030979437
-163.028589466089
-104.132956941062
106.769771515377
-167.956341455853
-34.966089466089
-205.098062094156
-191.267238512356
-40.089105339105
-33.668449985345
-38.724216565769
-197.395222453328
-92.982475423882
-24.465167157062
-181.901432714421
-141.278220965233
-65.913842667749
-169.302120676632
-181.654130591631
-2.921877113772
-88.590535657918
-64.801246984352
-102.168921356421
-169.818973073368
-158.025592842487
-25.10847523787
-9.260191197691
-176.787157287157
41.723935786436
-197.154421587527
-151.893238326344
-165.085665528048
-17.711837966721
16.659221962933
-90.169359611742
12.119769119769
-169.20211038961
-93.504050691062
-101.44054594494
-134.597291976686
-49.719356652462
-35.132287227746
-162.220398037293
-34.344246031746
-32.918712797619
-159.64629202178
-185.292851787969
-114.563852813853
-90.554264745671
3.362943046537
-27.851030534136
-161.426136363636
-39.22373497813
-181.535513477408
110.217089280078
-162.409832842938
-36.660013218119
-150.407655658144
-20.033511383365
-159.048131637243
3.828352582747
-185.068632756133
-32.982052669553
-185.866965553977
-170.172160359172
0.395640275523
-33.900314529221
-21.960698643804
-145.794019294508
-151.177793208311
7.459075267181
-27.787059349071
-26.464375901876
-165.431096681097
-71.885039006133
-144.657356911751
12.868333868822
24.998619002525
-29.495317995806
-30.304576174693
108.589736652237
-33.334608642226
-35.191558441558
-109.541937229437
-146.314200881584
-33.017738771645
-118.140524948142
-90.401494718389
-40.551406926407
-106.382395382395
-33.755223129735
-160.942522321429
-36.996683492289
-159.407475282964
-126.058158313041
-184.695346320346
-102.201507260101
-157.142697553098
-137.777298656205
-40.167318412924
95.948866102431
-110.046003421492
137.304834054834
-202.147817460317
-89.17421424062
-137.317468067956
-1.8511002886
-148.539141414141
-95.020755828373
-114.642766955267
-34.005308385191
-192.12194137243
-162.964618281025
-39.092331659226
7.829743796785
-43.65854978355
-160.088744588745
-31.473276289683
-175.407299839917
-146.497294372294
-177.630132942145
-137.475731787744
13.359209421221
-157.041584229573
-183.201937764926
-177.445075757576
-103.67316017316
-167.760101010101
-185.701298701299
-35.568792698187
-164.838945397051
-39.216839150433
-30.184714401267
-109.777115814958
-160.904761904762
46.482245727363
-107.843704906205
5.94199141245
-104.822601010101
22.452200577201
-137.967991155979
-200.158737909226
114.995941558442
-118.95966571406
-175.028236466225
18.534098659587
-31.709776334776
-32.190107689619
-207.313118630501
-143.03786082082
-38.32911494972
-134.598873782468
-46.10310484871
-96.565656565657
106.649690966586
-31.032848715954
-87.354707792208
-95.457861962256
-112.739365614854
-55.448691011679
-42.247564935065
-185.44784338925
26.91893932348
-33.786165223665
-113.842532467532
-159.28345959596
-110.365891053391
-100.121204370716
-37.838842526831
-38.23365561305
-156.149280894886
-99.441911441423
-40.730339105339
-156.218766910173
104.795557415675
-48.833505958018
-149.681547619048
140.57883170432
139.917328629487
-183.072621443227
-40.722693593299
-90.107135106647
-143.636453823954
-174.384291787856
-171.454094516595
-166.896833147321
-151.595300099206
-98.906393031881
-37.25304594494
-39.653842061801
-168.852084601596
-207.169560420049
-162.557276870265
77.532545037428
-93.528581715593
-194.361631803526
-158.785784040179
-191.035333102228
-43.768225643714
-26.431016710069
114.353535353535
-35.968356838474
-37.125118371212
-29.237623867018
-161.35884867086
-171.605728039322
-191.033286971275
-198.138778268173
-103.92890399531
-169.98097041847
49.720238095238
-205.429583925189
0.969877344877
-163.668810735705
-15.377533003021
-153.32952502142
-77.49981962482
-58.538961038961
-170.172626798115
-41.756390636273
-49.466720779221
-179.194915815521
-159.973116347628
-86.214105339105
-33.539669857053
-105.582619583108
-41.770936203553
-88.212031024531
-37.208902642496
-105.359377113772
-62.284000721501
-73.395001211896
-87.765782828283
-176.779774587392
6.85073953824
-189.431269305781
-56.826396639385
-185.862283549784
-97.236201298701
-197.525342712843
102.135371572872
-32.540416723034
-161.532044778139
-75.511703953598
-38.299139554022
-154.088190780574
-198.029331399937
-118.789800910895
51.219696969697
-33.964806406701
-162.424332611833
-44.435966810967
0.592875250834
96.409714471726
-30.726711168606
-35.602182539683
-25.627873320256
-150.23269173318
-152.63962307224
-92.439386188898
-107.16551466112
-109.46158008658
-158.700036075036
-93.425505050505
22.313672438672
-92.584255642361
-104.255944630456
-26.941277662225
-157.536425569873
63.088654401154
-139.945006003111
-32.711830216225
-74.742965367965
-64.711740028635
-36.894099335994
109.198149886138
-165.18541793493
14.551035959483
-37.006243376849
21.69896157445
-156.017313551249
-95.599448728355
-29.16818717307
-133.021637271149
-176.712814529221
-175.379710187816
-177.668130101236
-199.69246031746
-34.847683376736
-191.239981426993
-157.548611111111
-113.310435901989
-136.217282337888
-43.08783249628
-125.629808125902
-187.994756437139
-32.373306868912
-163.370843620355
-86.932178932179
-194.58648989899
-146.542040099657
-24.029380721275
-184.101468789457
-138.804645929158
-169.775592842487
-52.771165900072
-152.519923706935
-140.229970604482
-119.275855654762
40.40194565634
-70.151154401154
-29.752708093773
-159.635920448909
-32.820825441919
-158.448142135642
-30.573294327201
-154.774440836941
-127.047531326096
-184.933482776989
-110.51730826682
-50.737193362193
-34.540223665224
-178.014618140106
-140.699966320572
-154.685224877119
108.491682308577
8.996310059298
-144.135018573007
-30.941931874549
-143.988935110029
-161.820526695527
-129.016676953689
-36.502012310606
-42.528298470193
-181.187229437229
-37.902625586219
-29.242493996889
-79.464744402733
-83.919745727363
-96.082181327787
-191.790916982323
-156.341708096591
10.173611111111
-142.426566868461
-79.325847763348
-166.705627705628
136.791305916306
-201.993333868822
-154.086871082477
110.704998858563
3.691558441558
-198.279310966811
5.695769074675
0.327283014295
-202.869588744589
-10.629066192054
-44.949404761905
-163.234577922078
-114.862894429789
-185.471619092713
-157.074494949495
-142.213396521014
-35.438221500722
-190.410090723079
50.071449004554
-163.493256363862
-166.898600965007
108.532738095238
-157.295557415675
-35.49053030303
199.372384559885
-32.075298887311
-1.126180189168
-36.668282292794
-195.545634920635
-32.593975468975
-175.66759672619
-75.476819323255
83.307441744453
-168.30076786278
-37.296418425325
-82.07136656746
-33.289584601596
-101.356418890354
-30.848513032107
-193.193903318903
-164.153421773539
-26.871142366748
-37.731421356421
-71.627948006854
-37.290854978355
109.394408298949
-128.74369708525
26.283297187838
-33.123840243957
-99.393217893218
-192.754050691062
-144.25974025974
-38.361742424242
-31.920717357729
-39.601821789322
-148.79816017316
39.809340968277
-210.964757085363
-154.698706160376
50.052468744363
-136.373113811102
-163.676394243777
-32.117777242289
-85.196526509515
-36.376164688176
-101.15386002886
-117.396735209235
-86.860667923656
9.758580503698
-83.468885281385
-149.34431578621
-34.699252570346
-81.592955221861
18.796717171717
-187.891684704185
-10.260363822376
104.075396825397
-11.80085805037
-91.007673695662
-36.109029046041
-36.605158730159
-78.636093073593
-40.053744053256
-203.728445165945
-181.356712352318
-53.075577200577
-32.217421846816
-155.695797258297
-164.203383232436
-1.590360214872
15.392344200938
-76.617604617605
-142.313430059524
-85.762806637807
-37.332619583108
-174.052128427128
-151.320969882982
-32.796176046176
-35.183261183261
-28.687597938086
-163.127615440115
-34.038592538104
-145.832681587076
-161.965818903319
-189.708603896104
-94.364816552805
-180.736459178842
-147.218795093795
-156.713822093705
-29.694624819625
-41.326659451659
-44.67116829568
-169.981810290404
-70.260490296379
-137.337579900568
-67.930993810877
-94.390589770473
48.04310966811
-30.271526650433
-91.161616161616
-1.137729132846
-99.675615671221
-161.643017084912
-164.836329956935
-47.133928571429
-17.978272541261
-205.409521413916
55.877517502029
-29.866883116883
11.311798932404
-98.766414141414
11.477162106557
-161.183351370851
-37.943612323007
-28.448760766144
2.250749684343
-144.134490130096
-38.315295815296
-87.646575267181
-201.903499278499
-47.373314619408
-92.908910533911
-166.623827561328
-127.002795815296
-183.416494041982
-30.817730880231
-170.93279756268
-28.940308497926
-200.815218310336
-25.6615055409
-161.534701789096
-107.262363450352
-3.200494763483
-154.241071428571
-171.854638037744
-196.166097357504
-159.371482683983
-105.622322555916
-178.128757229099
153.433150562545
105.011195943813
-187.962329770924
-7.887188007305
-173.897116392722
-139.272559580177
-30.471147721636
-179.903409090909
-147.920815295815
-94.368333868822
-75.516877761995
-189.846500721501
-101.385023505141
-41.62979262491
-101.283918284407
-154.233052483541
-195.167297979798
-152.668021946586
-177.352432669327
-147.965751614922
-29.735451614358
-193.953726015738
-34.395021645022
-148.041494041982
-149.105782292794
-147.198953823954
12.250270562771
-148.920274170274
-142.630333750451
-34.768308080808
-34.523441022953
9.83867483428
18.215991528003
-31.91647854099
19.052592047709
-192.266844646239
-159.888340012852
-36.069003723056
-150.75955988456
28.122775959934
-197.295482729076
-23.565112974049
-171.287157287157
-181.778561282468
-45.431477864583
-99.439463693858
-201.907467532468
-202.513618326118
-89.954447516459
-191.94220243732
-96.324404761905
-40.809134875541
149.086129148629
-92.98966929338
-172.99226430037
-170.46941865643
-32.787628658234
22.272657518263
-96.022920330538
-189.119318181818
111.907619724026
-75.778478845373
-29.286796536797
-23.219606782107
-138.597111601506
-181.659090909091
-37.48269173318
-90.378517316017
94.705998672551
-31.604336825284
-33.131403318903
-91.387376132982
-171.816488687094
-196.632055065161
-88.718635151741
-13.739788369183
-200.71167027417
-193.086379278274
-38.80868393759
-9.283910533911
-38.210428081034
-39.392738771645
-192.445616883117
133.729006724612
-164.765324139836
-78.18748731737
-128.969849161255
-86.280823722718
-43.790682353671
-26.526224155619
-51.377435064935
-192.081550014656
-91.346848789232
-113.81631606241
-27.230949985345
-40.313332121438
-35.278870245423
-145.036804287293
-30.225587346681
-38.625631313131
-163.448322510823
1.160433506381
-96.998466810967
-31.727272727273
-87.603244357639
-193.106393172799
-176.786706349206
109.764760115102
-86.696871758883
-26.609475051858
-145.905310780799
-192.844967532468
-20.037260157377
116.581447144435
106.24520737509
-191.073853419801
-161.517746522141
-6.421606551001
-202.804916491928
144.284000721501
-82.051406926407
-55.025551271645
-33.236652236652
-88.859750546762
-40.699945887446
-94.346500721501
-175.066836754825
-152.435335497836
-31.948662828057
-142.830176767677
-162.425507516572
-41.98825518015
-189.427301051813
-85.113275613276
-32.065306031859
-155.365058931953
-167.63961038961
-66.215847086941
-33.631764069264
-172.996670809659
-187.222935972448
-163.260108760597
-46.389798515287
-157.283668154762
84.348858281475
-168.500734183351
-38.267326233879
-108.698703694309
-37.098381978265
-29.14411976912
-78.405503838609
-32.602453102453
-39.688249684343
138.103473349567
-158.386273448773
-90.382186823593
-67.519181773088
-167.492133246528
-21.974775658369
-109.129682004194
-90.113005050505
-193.004579133974
-160.404241212347
-152.846258342352
-117.616862683757
-148.147338338745
-24.835588023088
-64.636572195166
18.235098614493
-194.787157287157
-84.038870851371
-84.967331659226
-177.497655122655
-135.793101917614
-27.787056883004
-32.036623912112
-149.790404040404
17.178411486517
-35.975206163194
-155.369047619048
-181.094155844156
-29.65568421379
-39.946498325893
-81.7971061057
-157.599755225244
82.92115561305
-143.087288904672
-196.794470232458
17.957243331755
-40.110219451772
-36.889139018534
23.412608225108
-158.963646650658
-86.043650793651
-37.099226782332
-88.804563492064
-34.194887631899
-84.759760692866
-168.539502164502
-160.412136854031
-201.735021109533
-139.368243681232
-15.73594870299
-42.496235020405
-153.789321789322
40.529684399802
-174.327749453238
-189.26433982684
-28.071338383838
-30.409791976687
-90.15176528116
-125.643661080673
-20.329336895743
-168.085297027192
-182.016053391053
-132.321358816964
-37.485930735931
-201.134088513483
157.909611601506
6.579274891775
-88.607233044733
-145.306887936282
-170.425337357955
-194.718524531025
-192.657988224883
-37.017053205041
-196.73338505028
-147.637064351664
-21.122634689529
-43.691460503472
-27.189404155957
-37.448724127435
45.412796350785
-38.621933621934
8.951507260101
-26.573585323097
-176.184954314349
9.110562235074
-195.411185656791
-25.090027648133
-84.579565887671
-105.698793881899
10.955385326479
-167.285706535218
-45.71905790607
-53.524461270067
-108.621310059298
128.962943116996
-179.570629565747
-157.525523088023
-104.243879926497
-176.571941513348
-31.182531932044
-160.632673695662
-143.309405438312
1.816926942415
-157.101002350514
-205.778035657918
-33.437708558802
-214.458062770563
-33.741913766572
-167.845758787653
-175.357774170274
-61.578184890197
23.100899480294
-43.502988873106
-89.338646650658
-21.904151024756
32.844233349116
-159.928952612058
3.422070171582
-198.145395078012
-187.484299608811
-35.404110158505
8.247284155731
-33.199322324811
-102.785415539322
-186.155212842713
-179.772186147186
-196.551759926272
-173.621946304564
-38.616439929428
-164.058359121347
-143.477182539683
-171.036456219562
-36.644573173138
-33.136343203238
-189.600211095328
-181.476811572759
-197.164334471952
-33.121400246889
-105.71845477656
-191.263507705402
70.523185961174
-73.811778499278
-85.207279265873
-183.380030071925
-178.246856116973
-183.099775658369
3.372495180601
-96.980521946586
147.216460433013
-29.455529767541
-188.216901154401
-50.318382626488
-168.798458919553
-151.105401109307
-161.817179538127
-47.763355513844
-176.308170995671
-36.256132756133
-134.51624151673
-144.281176722583
-103.603174603175
-88.922067705515
-184.046897546898
-41.532640157152
-147.512175324675
-178.52617483428
-106.548451169057
-162.45262333153
-156.437848067731
5.287497604392
-190.716692595599
-94.938430059524
-100.166576479076
-183.577048385642
-99.75449669688
48.784191313244
-31.452491573097
28.912337662338
-38.670634920635
6.921356421356
-124.823863636364
47.697760952155
-107.537337662338
-180.559786621798
-20.035804473304
-194.100649350649
-70.703581574675
-175.604625355114
-191.465741398359
-34.399809337798
-85.56432418493
-74.133619608473
106.411082786571
-40.483232858721
-75.637786204681
-27.75783856985
-155.881866939484
-13.813061558667
93.529651284046
3.634657822646
-11.480068542569
29.200827330222
-154.971250591856
4.520946420116
-155.592872784767
137.57548454692
-164.707243331755
-99.789411976912
-198.92190776346
-141.830898268398
-202.307699624594
-152.397830142947
-47.590999278499
-146.950466579861
-151.46617965368
-24.10282160331
-28.924422799423
-32.642795138889
-60.446699134199
-204.112365986878
-189.385371572872
-122.359147417253
-34.602981545364
-127.515524948142
-35.486992553887
-76.028659220554
-27.218704906205
7.163149350649
-67.47783428594
-173.414571918966
-91.947510822511
-50.642684518173
8.665695036301
-118.696145326028
-89.270042078148
-33.326497043538
-193.207952149847
-182.206972768984
-89.8490055409
-192.097049597538
-198.200937950938
110.517107458514
-38.646173650568
-71.700404575893
-148.517516825622
-179.079434833829
107.430094401042
-31.407898037293
-34.632854070842
-30.525966275478
-30.476280663781
-36.42421424062
-185.154561096456
-88.934523809524
-28.258186637581
106.737654516707
-38.062790995896
-162.086850649351
-192.627844784339
-45.221500721501
-110.892524576118
-166.937868500857
-138.064463693858
-192.276043780438
-151.226530793425
-73.973402411391
-197.834325396825
-33.387095353648
-167.535090723079
-145.631465322872
-191.168019480519
-36.424963924964
-167.236562049062
-86.720869408369
-152.915854978355
-156.166653984037
-172.472034096546
-138.670913233902
80.091720779221
-37.352751848846
-28.445165945166
-107.152319089331
-61.470049969562
29.114911672529
-86.248446377841
-195.636876578283
-33.220586162969
-115.650244774756
-27.070186378292
-197.164855164367
-72.642689450307
-33.347873968479
-72.753136132531
-89.230617418606
-139.509941068047
-172.17975161774
-40.408098845599
-37.355158730159
-35.223575036075
-67.388015196609
-39.344696969697
-194.241153865666
-24.978548036165
-138.376275308892
-14.116068962505
-163.84642321654
-32.651064213564
-203.585415398404
4.737894429789
104.474917633365
-3.352071918966
114.053290649238
-194.955975773359
-176.612935296041
-101.545065611472
-196.494727901222
-125.195547128653
-177.328553391053
-107.962038775027
-134.3743066829
-147.532204720193
-153.573753015648
-141.682261369273
-181.467833679992
-30.758235254329
-29.110958919553
-210.765790578779
-113.909521413916
6.139971139971
-113.468315972222
-141.963015337527
12.79588505028
-158.59632034632
-140.566349882756
-48.332431457431
-27.344449306119
-35.085758181705
-159.770846015963
82.492192079839
-73.126602943497
10.481140577088
5.848021227904
-200.90482390873
-205.673077736066
-79.328926824044
-175.469336219336
-164.496219871708
-171.82388406949
23.359320041937
-32.006493506494
-50.979888167388
-37.183271399824
-48.352334731241
-184.259657822646
-35.955197200803
-6.422521109533
23.994650748557
-163.145400362441
-10.457822857481
-28.895652958153
-199.241063678075
-165.599033724522
-42.709214776109
-167.136363636364
-38.15874284136
-161.130751572646
7.469333753269
-207.671446608947
-160.517516825622
9.22228951062
98.167818672213
-183.885904947917
-152.416097357504
-69.48816499256
-172.661165223665
-86.172270979888
-52.788850418245
-50.215195340684
-30.316849437455
-147.635482193588
-84.247176001082
-39.160263347763
-35.071506076389
2.881764069264
-33.015481615823
-102.397095959596
-89.710588023088
1.444235885642
-72.506666131178
-39.848755411255
11.772095959596
-111.142656334551
-31.015754644661
-91.07224025974
-162.193993506494
-77.40595477656
19.779429338023
-150.51174481985
108.792999047394
19.30312049062
1.606248731737
-197.360098614493
-203.023448773449
-187.865071614583
-175.204823767812
-190.560335497836
10.185425685426
134.808163245175
-145.515692640693
-181.604158916171
-159.430555555556
-30.42376330267
-175.34909572849
-179.143872105542
-38.412435600424
-35.866153865666
-149.405220593209
151.622737559749
-127.320047573954
-149.265795510913
-31.049242424242
-195.628148815161
-32.69695701434
6.955176767677
-35.507124819625
-33.729089161706
-90.967429597312
-179.777146464646
-154.006235626353
-206.185786435786
-28.103244357639
-62.213924963925
-31.245573057585
-199.197580576975
-48.987373737374
-31.086608270202
-54.400793650794
-35.095336033324
-159.349755225244
-27.533258787653
-36.781495902101
-155.645292207792
-35.920557415675
-188.164321789322
-191.577721269616
-180.786858540765
-100.300226737238
18.054112554113
-104.71580093626
-152.851301096907
100.601561443114
6.47123015873
-20.36562049062
-38.791458107864
-197.855248917749
-46.462121212121
-99.555916305916
-24.602092352092
-187.775425149937
-165.672701484713
-170.962551716946
-191.254038008433
-91.672028953035
-168.909090909091
-155.378250363026
-36.290742435841
18.129683971835
-147.619134228467
119.674441546589
-34.956886711575
-36.972334794324
-87.403593086405
-44.701295080983
-5.900887458699
-149.22853173322
-38.156926406926
-32.433783544606
-36.972477641113
1.881155140644
-27.202294385106
-156.312477615489
-144.724642143277
-34.129580802904
-161.655663780664
3.794263376646
16.524012165152
-164.990098095215
-177.730425756903
17.808503616768
-51.450374559235
-154.052417720035
-76.873553462531
-1.404397618375
-180.487080908441
-169.899437300915
-152.725559163059
-158.281836219336
-174.553661616162
-26.414787921383
-168.55467240979
-139.497854227972
108.825558470441
-92.776943823304
114.019555512961
-36.966739509357
-176.589992121357
-141.122294372294
110.203666081504
-13.020936488417
-184.036184021921
-92.324761807661
-33.113993409392
-16.157106782107
-41.041054151791
18.760893900157
-28.497027514129
-97.540655804919
-168.380140692641
-90.648986194385
-28.607868062469
-92.88221871182
-27.828106157707
16.401067918169
-31.726915681517
-101.329650735786
43.118686868687
-90.075036075036
-162.885555652657
-151.720347081084
-152.389989938227
-71.267150735786
-147.238527377791
-42.260010822511
-138.79825036075
-0.629039643303
-70.694354256854
-70.056724289623
93.686322003044
63.818452380952
-101.102723665224
7.924328907228
-32.470769821651
-177.326099527863
-40.657381049482
-161.040588120189
-152.275970321369
-46.376375316713
-106.713541710704
-160.5011818378
9.158824050925
-55.344512889912
-179.552331305169
-200.924152236652
-191.342261904762
-180.531497971836
-27.041110447475
-37.434884559885
-165.270743145743
-80.844674466836
-196.127070609969
-158.789772727273
-21.082531044149
111.734487734488
-178.56987658414
-75.48329649756
-198.888524433923
-95.714353399015
-169.313582251082
-46.098665223665
-35.508387445887
-169.598864397101
-89.06259018759
-157.336831851095
-180.962662337662
-209.707769704932
-126.782309660148
-32.622835497835
-144.371572871573
-204.9139385361
-194.485585079221
17.426709391166
-186.859401251503
-200.382057134895
115.752606040988
155.226214968969
-123.318722943723
-201.375982664364
31.545289263925
-86.035244549508
20.693700440862
-158.014501403765
-107.821608946609
-39.434185562024
-193.432738855976
-183.143849206349
-28.297438672439
-88.541022249803
-85.50730889941
-172.881313131313
-196.500627608526
105.933808003325
-198.277507215007
-94.618886042123
-97.036165223665
-157.884563589165
-169.205462424098
-152.91592636769
-168.712666042267
-34.725014332913
66.238275613276
-149.284271284271
-47.9490628098
-41.30963279537
115.268112611977
14.595219296982
-153.630411255411
8.335758999141
-55.662972680074
-36.538235833635
-137.028337701575
-97.460137085137
113.686759701023
133.047438672439
14.09117965368
-160.65378493492
-127.315401096537
-145.703553391053
112.03514496279
-45.878703385721
-147.006023770287
-153.744678932179
-176.199788015126
-193.545544733045
-80.166103038265
-157.485769159006
135.238745349482
110.140354393193
-30.753243048642
-40.118388381011
-140.360597910475
-146.125815392917
-156.802196111858
-97.217442279942
-163.175347178185
-154.035086677188
-31.839736652237
-37.312428610665
42.884907803666
-191.096857767256
14.237174563938
-35.531009437374
-84.078572189309
-28.754580768844
-189.411165223665
-154.542012323377
-154.077726609091
-199.884834151935
-117.842998499134
-55.844426406926
-167.117604617605
-106.252637942976
-32.974296536797
-0.607345735184
-194.554740162639
-37.778116025278
-209.135529445191
-33.692982644746
-48.253791583393
-182.149440836941
-53.67314507951
-103.255666724531
-168.880031706795
-162.803847413386
8.635709820372
-29.239019616858
-89.742157384259
-166.898535256434
-86.292748917749
52.610376779135
-153.771103896104
105.936417748918
-38.590026013263
133.392045454545
-197.658643675745
-203.360656468555
-29.764974844576
86.651250010789
-167.816197691198
-94.050076615415
-32.217329589491
107.244855602754
114.73566929981
-148.685515873016
-82.559989841125
-207.904491341991
-23.564390234789
-168.887896825397
-147.518653737518
-150.019679692917
-91.477107445743
24.191085000747
8.367063492063
-190.21392125932
-95.138347763348
26.470210170333
5.266617019455
-130.921735969973
-40.669375998977
1.241631352368
-37.718990562626
-143.828643578644
-164.537333957733
-164.489286475023
-98.047874516739
-148.116702741703
112.154656623521
-170.40367965368
-103.742514430014
110.2862608333
-154.221030985294
-27.753352034488
-212.759195429594
139.138437950938
-34.147005772006
-75.280378124243
17.517847471251
-123.316847802585
-150.809452420189
-164.805104617605
-82.64891480505
108.402398229161
-71.678913380677
-87.213132073869
-93.560170216306
-15.788603993205
-166.752637942976
-180.462372976636
-155.196076947717
-187.399422038685
-178.557742560581
-31.975021742123
-203.488903221802
-35.794826936928
-97.524805291907
-154.065746753247
-151.454365079365
-180.983240201876
-184.821950898714
-204.264790764791
-148.911090129726
-39.714740356842
-138.289607445743
47.49765882726
-81.255572832336
-89.863632659031
-91.436430580172
-130.046788561052
23.839552572451
-65.165223665224
-111.151058246563
-104.914231601732
-36.429834054834
-119.98834700261
-109.926410631012
-78.242424242424
171.150230022392
-177.050302172464
106.013077200577
-165.810562144798
-98.210516633753
-87.395923520924
-164.996230919468
-185.713116980218
-9.348920692785
-38.717818123954
24.630317363216
-26.387190418326
-193.10075463189
-181.508222164358
-132.728248893441
-156.785351179379
-99.216288094569
-3.830627705628
-174.388981432454
-184.388255219783
6.047801778774
-38.460407647908
-232.208240789769
-191.669122340875
-187.993733140469
24.385734679207
14.126893939394
-88.290131121659
-146.801948051948
-81.384093049285
-33.554205097677
-171.429292929293
-140.725559163059
-104.116520010548
-39.473394660895
-106.558092290705
-31.784647931956
-99.295372218453
-33.76530342047
-149.944789297481
-136.4420995671
-24.057918686199
-186.040241918523
-87.744771475744
-205.988345191592
-26.46176046176
-169.509920634921
-36.5310086337
-22.664594708067
-29.231240981241
-38.009832803305
-89.613796129543
-90.975940522693
-168.32159069331
-193.358062986344
-200.214084729832
140.122400457209
-72.35243249318
111.385561074701
-35.586508152289
-49.149872431679
-184.078481456762
-46.040473618721
-140.149242208462
-183.167947546228
-100.325574844603
-189.359126984127
106.631238841047
-167.293197499725
-45.001806107778
-0.02867965368
-38.361291486291
-143.494678932179
-132.065564022092
-80.758748196248
-159.663762410482
-32.871951875233
-27.019568351096
-80.963654401154
-40.648090379063
8.810804689085
-95.565275206022
-20.27128191531
114.101169866917
-160.140424433897
-196.540059187368
-155.130681818182
-188.18216067888
123.841988986017
-30.415854978355
-159.789032973252
-39.086742208462
-73.655661424689
-59.966723135195
-27.238104364745
-31.166233982015
-193.867331698859
106.67334967499
-188.525252525253
-81.762448243421
-92.444354256854
-180.914229245757
-34.764896849705
-160.894101515821
-159.167494252303
-32.96841844611
-161.207253438226
-204.003508189368
-3.569534632035
-190.109018543238
-132.603280688089
-163.491177513486
-100.579290789099
-35.446178617932
-143.65910916239
-193.655751612279
-36.470418470418
-42.298770877018
-31.787159643132
-27.327380952381
-94.259821320681
42.496119577647
-52.176422823731
-78.094174097455
-11.947510822511
-160.913961038961
-28.989811158283
-186.101260054507
-160.844065656566
-154.50955988456
-171.867061136089
-29.078482546676
-151.394913204133
-39.993670971363
-27.875162121881
-185.651316523036
-39.331816041624
-29.843882925411
-106.177130783103
-40.213205819178
-36.055465367965
15.350018037518
-30.113356674216
-158.716089466089
-195.323951467979
-153.864919599173
-77.390584199804
-95.121915368635
-32.108588214561
-180.356583478303
-132.493416305916
-137.736652236652
-150.015331890332
-173.819081338109
-29.260804257524
8.434629894438
-29.821338383838
-34.517679123651
-86.012968759688
-31.876082251082
111.0238997114
-77.224116161616
-99.960657601405
-30.900543697297
-78.651262842043
-77.872204184704
-31.744678932179
-80.190945381726
-162.363363444891
-188.05266955267
81.973683476964
-31.6011002886
-155.378970609943
-161.950773473082
-6.589357648577
107.099747474747
-34.396124505377
-28.462301587302
-39.98331765179
-36.447062240535
139.556549975022
149.263981432454
-164.409075011767
-210.128424772453
-31.814123376623
151.613537049397
138.994428978682
-55.664973711727
-182.775417003109
-99.724997428244
-93.782645551673
-30.603824169605
-77.918905459097
-35.168828812857
-159.4110726801
-36.651984342765
55.175252741033
-90.020655314128
-182.955826334107
-32.816754714063
-31.585400877233
-154.564865486618
-190.346232514705
-152.688561641809
-34.140350143631
-140.180537302257
-186.94020798368
-137.902148820621
23.924258321567
-182.938223856696
-87.1661278971
-195.783531530251
136.82916880686
-97.712299231327
-98.172260653233
-26.621653932514
-110.329906204906
-37.751806107778
100.820903343212
6.86300740648
-2.773716980245
-147.122727056946
-149.662136677884
-28.803645718837
-39.217643264396
-126.378625756906
-184.338580110888
-31.43740981241
-177.442705856257
-150.87264835198
-38.237734487734
-33.519660894661
-157.571899942505
-40.896013708514
6.840076969471
24.143300330312
-144.275605525117
-97.285082972583
-33.88159144458
-152.136446073458
-86.0365055409
-169.707784457296
-168.705988455988
-172.100378787879
141.227605007772
-199.851162292569
-165.236824861337
-39.17602574292
-30.930645743146
-71.852904040404
-38.83718292985
-161.454344646239
5.2865055409
-77.33647721636
-173.350530979437
-34.070276565882
100.077460923408
-58.670212166306
-34.061876437365
-31.199466765873
-162.157619724026
-36.713182743838
-162.803682049288
-77.945456941062
-35.085054648043
-77.716888471771
109.545616953576
-88.899781154176
-30.277667157062
-169.419815481827
-146.20365132914
-28.567182004194
-32.536878973891
-191.488546176046
-42.526986522592
-35.965548340548
-164.826200763212
-37.849817229212
-103.643468022863
-135.201587231128
-139.661463970058
-39.966089466089
-174.077811457206
-28.915674603175
-37.402417027417
-192.919552669553
-207.014540635146
-196.066767000361
-177.961026278409
-77.371580622069
-149.180272310155
-75.46148989899
-136.09595959596
143.309315250721
-38.356491110886
-158.979506983902
-150.519101802061
-42.753308757215
-106.785152727047
-96.16524409835
-141.036636594742
-81.984820301227
-194.791666666667
-83.138077200577
-83.827499323593
-110.33658008658
-105.348763161751
-176.565844691333
-198.18262987013
10.819253852701
-77.010802077697
-160.480346855835
-32.626012496618
-53.560858656318
-186.885995135507
-152.506235626353
-185.479818412924
-147.883137316243
-97.46167027417
-149.53354978355
-68.811528369634
-158.465708282603
89.421284200825
-82.954184704185
-118.798673115079
-42.996642626037
-28.264958457341
108.651984056525
-42.050484617379
-35.242875180375
-66.496925871438
-56.100821975334
-39.182622119634
-194.677842177354
-24.614788369183
-151.53841991342
3.3345882091
6.476260230655
-35.652597402597
-171.076020388032
-163.097472351867
22.603154170049
-200.648920144526
-54.994831123737
-169.029060837166
-175.063832380727
-166.738172743056
-34.845980029085
-153.059962064845
-29.746114183126
16.07790629069
-133.025432900433
-39.912136854031
-141.297258297258
-202.934966996979
-149.070985383974
-34.027514965503
-28.805617559524
-24.018045268534
-139.857052669553
-160.563680189168
51.919733044733
-31.999090373602
-142.001803751804
-48.762007632125
-166.683101241207
-125.096077967172
-153.928468558351
-122.102633477633
-107.505854442866
105.10188379329
-158.820526695527
12.442661125767
-99.318014125631
16.106060606061
111.120588558577
-158.313610434704
-27.650683030078
-163.960108901515
-34.208090954185
-111.836227086715
-43.105978168966
-148.652056277056
-23.339909276921
105.303468558351
-172.394828587211
-206.348394660895
-177.320464691558
-89.849296536797
-37.923861240756
-199.674755366162
-32.974505095599
-87.218802844291
-166.688963434569
-41.117944934839
-38.169733044733
-29.769050014655
-190.182691874098
-107.29998435809
-84.202471139971
-161.930272310155
12.971598659587
-155.773641831259
-34.812942901215
-198.218336405348
-53.455717893218
-162.455336709731
113.104096912202
-134.505960131448
155.269387865823
-143.126525438537
19.324126448638
-176.845245845734
-28.842094212211
13.358052483541
-26.625388933983
-151.694354256854
-174.934413188808
47.734467301362
-150.626074500586
-75.093743482537
-51.76856067652
106.461018527913
-87.056650489268
-198.551607734713
-40.232593795094
-145.775082366635
-29.93243681232
-115.152249334867
-74.899523274035
-31.752282873377
-192.912788600289
-137.029130591631
-201.750618630501
-35.218426592938
6.073691011679
-82.383379695391
-182.891226015738
-77.210678210678
-162.062139249639
115.432928616522
-110.573662828057
-116.870658313041
-29.388819134425
-27.879218383613
119.962110995558
-193.703032698638
-145.897915398404
11.28182846884
-114.762716450216
-125.942833750451
-194.118133060516
-77.354076479076
-205.385449077832
-28.531393031881
-38.561257806863
-142.083325582837
-34.243326118326
-193.767504142992
-189.09585672574
-127.578192640693
-117.902605153093
2.312798746392
-150.112616116522
-164.277076710182
-34.534381904987
5.20879202178
-166.073600824089
20.399281181126
8.558694154153
-21.788267721861
-43.033557534046
-95.551780359398
-54.476711168606
-36.179383116883
-198.72801466112
-32.336100965007
-170.813332121438
-32.801497113997
142.198064630682
-40.124817158753
-55.388329510049
-33.22800197849
-31.098124098124
-151.131555510462
-32.071608946609
-192.593795093795
84.202004414788
-34.30693655303
-44.226809106692
-42.803944861562
-117.231088789683
-38.812417562906
-98.711289090684
-78.31259018759
9.796998237291
-14.204303075397
-35.549685611697
-181.293019480519
-122.215277777778
109.772103710092
26.404336970606
107.57980826682
-163.690919377931
-30.528207996363
-87.198703694309
-88.68393371494
10.211289090684
-162.25431103727
-42.651453147547
-197.207521645022
-170.693625005637
30.633555138438
-180.920967487374
-56.5392936057
41.961129148629
-35.085608456214
-82.423811919417
-38.20480826682
-41.775912022006
-39.072781385281
-74.694812945301
-118.366341991342
-185.772484893579
2.054643463091
-36.866159150095
-100.864175023111
-100.403978400072
-37.789223851236
14.09975769131
-185.863546176046
-94.284090909091
-87.757222757711
-37.126185121302
-67.167318412924
-37.784160663555
27.12777538217
-182.209227458739
107.161345598846
-31.671647417253
-177.217983405483
18.86256214929
-34.259850880456
-192.868777056277
-34.329372829861
-181.144931457431
-39.995400146661
-35.344954849838
-132.321420820933
-173.250069754464
-124.15386002886
-23.552321484939
-178.261925195031
-33.147699089105
-39.75965007215
-161.181019176136
-37.745933807946
-108.159722222222
-92.732864357864
-28.348943536932
-184.716089466089
-40.48729130028
-123.372843248332
77.585788831394
-193.218975468975
-159.403491528003
-90.601468789457
-39.736652236652
-37.711482148494
-145.454475700081
-37.331599335994
-34.875914558532
-161.48956642316
-164.316558441558
-97.392143392632
-49.959145021645
-26.655844155844
-46.626262626263
-17.758838383838
10.224948283054
-29.070907879013
-72.595300099206
-162.766053391053
-76.457431457431
-162.824953637942
-179.480248917749
-92.859946422935
-25.985028860029
-152.20957552647
-31.252904432333
55.136716636228
-60.634039192145
2.20471807923
-145.355589234984
-31.242486246392
-180.010830261319
-40.339654215142
-39.720147907648
-90.302649119544
-1.363656796762
-45.660443722944
98.43388227983
2.49303512243
-119.317640692641
-199.616965553977
34.101350418245
110.760814760326
-128.924713795319
-159.396554834055
-42.919823232323
-88.120670995671
52.741952871347
-158.09604978355
-164.1295995671
-176.179375366387
-67.840679746686
-196.956717707206
-191.839917027417
-22.268057951163
-85.170897732909
1.802329235435
-188.984778730384
-97.682622119634
-61.21357196406
25.019009148404
16.896536866996
-136.775945556112
-100.133990575397
-34.662136854031
106.707882395382
-122.441460503472
-108.311257806863
-105.882936507936
44.740981240981
-1.394037332026
-37.4519173318
-122.789710723304
-187.327352768759
-88.8747167546
98.791326349432
-90.861541615936
-157.008104200487
-29.655303030303
-179.55571549761
-76.145374644886
-73.896005958018
25.770923520924
-234.421704489087
-175.749167878562
12.927120676632
-166.779122841135
-188.507694128788
-104.471041746814
-38.824224386724
-169.50983044733
-79.141885512491
-112.306457431457
-31.529220779221
95.191476004464
12.408127315461
-137.20374151673
-97.719398223304
-171.386703953598
8.808276970493
-197.053481240981
-134.440919377931
-166.87759500699
-29.471119538014
-165.341610158505
-82.361381673882
-135.326811643218
-95.812229437229
-178.248368872881
-40.613989363501
-148.996059929654
-192.238607893775
-202.511634199134
-35.514978890467
-29.380645597824
-142.071330633342
-191.685425685426
-184.577200577201
-170.310577876984
-194.25087369228
-185.682622119634
-192.434696434208
-135.955266955267
-184.808794558306
-183.85082972583
-158.078463203463
-38.210858585859
-193.127808497926
-196.790854978355
-117.680354747249
-27.601654096771
-101.648469206575
-91.685987244093
-28.151424963925
-95.212842712843
-60.131743636138
18.526994559328
-84.762064703959
-184.967700160083
-145.297897360886
-39.818722943723
-161.160597918182
41.561598124098
-31.606789857278
-183.160075222087
-180.064373506268
-184.128976004464
-39.045093795094
-96.67804298566
-176.186778499278
-96.030782151876
-36.111402107008
-31.818625005637
-27.926476680871
-38.235119047619
-161.485840548341
-31.059260997249
134.739996927985
14.680256809163
90.290396289908
-189.272796740952
-206.870670995671
-148.405573593074
-88.040749003533
-100.786636594742
-34.314053622159
-37.644771515377
-100.358413233902
-35.123384373873
-30.117334054834
-35.23635349026
15.90185546875
-103.097554788961
-156.160902411391
-158.707160894661
-149.520722712617
-200.75182418493
-160.995851370851
-38.731712352318
92.407848715954
24.606269164863
-37.4855826682
-178.275051716946
-165.558091024644
-91.528509495062
-104.98556998557
-120.151896335002
-42.772789276696
-100.215749148855
-12.160165409677
-28.807196899238
-139.474595283189
81.086469465864
-155.926017992424
-104.576368455763
-97.354888167388
20.890602166863
-29.581467577561
-159.969869594381
-181.193292438898
58.675425079478
25.82703288465
-35.697518573007
-4.37327868529
-189.387363450352
-74.676414676903
-30.898088023088
-161.484024113907
-99.322248010236
-120.339654215142
-34.234487734488
-177.381702065296
31.590971094877
-100.021312454906
-197.441726134109
-86.709956709957
-35.609479983992
-103.266782642271
-185.165764790765
70.835018713925
-138.879980750586
-156.343686939146
-29.575778008883
-27.913940605835
97.57997595937
-199.501723780777
-39.517648297815
-35.335505585994
-161.72591991342
-138.576950447556
-186.614149305556
-163.396742959731
2.667581225198
-49.589118021735
-156.273789090684
140.673438486427
-29.182727808216
-170.281766464872
-34.818813131313
-27.422077922078
-38.476711168606
-26.874438441333
109.882194574089
-117.261974516369
-196.0365055409
0.716277591766
-28.405135337753
-71.682892682404
-31.248564749053
-26.703630896014
-75.406643161526
-46.749979566874
23.260093259605
-34.027576969471
13.676948051948
47.30312049062
-178.388499954906
-35.09164327426
-103.703004515016
-190.042269796176
-30.499208744814
-126.335304777688
-173.617985801091
-25.874458874459
-90.920807545319
-89.265602453102
-36.775425149937
-150.55312049062
137.228076665088
-149.025084832702
-32.66150525466
82.581279451885
-191.762077386589
-134.021817646329
47.417388167388
-26.002341838798
-191.660807511851
-200.751965014966
-29.759126341188
-185.649005972462
-149.463728515273
-193.227359876316
-141.29797979798
-152.76100592455
-38.243615793115
-166.413523135935
-160.938833701834
59.46645021645
-115.688041125541
-81.032200008244
-198.056831216743
-69.616538439994
-164.979888167388
108.311974947931
-46.279868165824
-157.078630323534
-208.872474747475
-33.361742424242
-71.713386876931
2.433277256733
-187.785804473304
-23.604614566071
-180.284000721501
-125.779761904762
-169.672345446302
-181.889883990928
-158.223484848485
-178.068813131313
-202.382662906619
-179.939680575636
-160.521467685011
-123.920921556877
-192.91026638631
-64.757124819625
-162.581262057306
-32.017769993814
-188.740527264484
-185.40386002886
156.806727994228
-29.010474795387
-28.289064261476
111.852269688726
-36.205985417442
-28.065547266048
-45.930194805195
-101.708059732016
-91.594145627593
122.095238095238
-44.190579412992
-147.745877660886
-160.509907599996
-82.095405435493
-175.243764021352
-92.632124819625
-127.326675525131
16.387085137085
-187.823844524345
-152.798433774477
-86.523812562356
-180.218540604496
-171.387629301173
-38.549242424242
-115.864087301587
-157.061330599874
-35.532210004622
-76.092728916185
21.17413616318
-83.372191149779
-169.882108746153
-181.973214285714
-184.581797105753
-22.173598076186
-39.002960117004
-154.063836740381
-90.539321789322
-37.762469359119
-41.439110121514
-171.131764069264
-92.470044464948
-36.54960621315
-122.472325444738
-173.04193419089
104.689413051413
-198.843978507522
-203.038342760755
-154.833967685011
20.930990420035
-182.390422077922
-180.803741587189
-164.575847763348
-100.845985885994
-164.853445165945
-27.651801787758
-37.082808281264
-175.841343955388
-160.631689955146
-193.740185626141
-146.49902400998
5.230232844277
98.075506125006
-33.704455266955
-179.196972735516
-152.687931825932
-30.496559836648
-32.647005772006
-169.061707423707
-37.273716297673
-36.197794420207
8.654130591631
-33.864882916427
-176.955521444566
-86.377541325997
-33.293921356421
-146.452728667817
-26.758400480813
-98.787244436201
-32.802205359609
3.703102453102
-122.362933974933
-28.019409443909
-102.264803799716
-207.718956356957
-150.580266955267
-166.089015151515
107.871389457846
-197.933985722529
-158.293918317875
-67.957231970232
-171.807452533496
-106.801693562649
-30.161966695414
-147.839298749211
-195.405393217893
-131.392692841149
-158.988549214593
-26.633039730452
-45.890074362486
65.359922598967
19.2410553551
7.393514746023
-136.072147033603
-165.82873680478
-149.27398989899
-151.796894508351
-79.334972783429
-137.320887445887
-55.313038086994
-174.433264221808
-153.582879356836
-173.063398837355
20.801674450631
-141.430645743146
-176.074118125662
12.354272927729
6.718697728189
-152.871933621934
-26.729350080394
-161.594355331355
-34.532000521045
-205.950506125006
-46.033817307774
-129.04464589569
-25.472148108104
106.63465007215
-194.287501964046
-29.948322510823
-91.084866522367
-35.789032114533
-23.881039529996
-202.582150678098
-78.933351370851
-25.925218414263
-196.053465167509
141.667738701186
-167.762104249104
-45.360734287278
46.305014430014
-87.655199807788
-75.525880799837
-82.587381558329
133.506838183382
-155.514162490206
-95.867965367965
-126.868235930736
-90.88952020202
-147.062049062049
-203.116251803752
-33.2828993584
43.950850801894
-171.046913620369
-32.433712121212
-173.67460621315
-38.861816538361
-200.330717893218
-103.796701098245
-37.344500521045
-40.498988824489
128.926696601196
-188.653750729251
-29.020469544426
-77.762987012987
-174.799963924964
-146.68587358483
-178.847569937658
-160.594858232859
-104.626530150486
-136.978715728716
-91.645108794065
-164.77083637188
-143.28039625644
-95.744930382931
-172.579909243453
-188.631222943723
-157.991429140385
-197.006480471568
-35.432549899103
-171.383232215782
-26.450290564335
-46.685770362315
-195.237009948466
-160.395743145743
7.086837394241
-63.532025489972
-31.589372863329
-39.631377028868
-91.188479028567
-135.655931304888
-38.228641614597
-33.883658008658
-159.651141366229
-74.911162185118
-37.957959548047
-39.109397546898
-31.398716297673
-26.703179605768
-22.26298397444
-104.972511897011
-176.795709034753
-167.826816575352
17.085684067587
-39.334866522367
-155.736214333626
-167.447868534325
88.502183614183
-38.306099719643
-45.155299991756
-94.723829525374
-118.903147423594
-140.338545101546
-24.030119616576
-53.633294219751
-27.873663259619
-174.794549631006
23.271032820532
-149.176600556697
-184.43319010769
50.41439590344
-183.016971340427
-201.282467532468
-32.498109099153
-155.27301390897
-34.515409042997
-202.608405483405
-199.691555403012
-88.965187590188
-171.443648829605
-32.198489851078
-166.910282459782
-23.859050051646
-152.198335545748
-172.171910581823
-143.546913620369
-158.371660020616
-91.890347963804
-123.233492632449
-88.782905435493
-116.748560037104
-208.571425532882
-190.190369929414
-174.293019480519
-128.1964446449
-31.538941926942
-196.262732523688
-134.748811487856
104.758838383838
-24.951852861765
-185.596410533911
-171.181351170395
102.326476037932
-144.092365127277
-153.167913219457
-188.857432531932
-162.805394292394
11.985673208085
-35.178481240981
-40.466089466089
-138.851657487613
-183.17687393783
-93.746373384374
-108.691381104925
-34.650165376209
-194.644206918163
-177.829020402476
-41.701208513709
114.663332544192
114.089359828404
-36.425308601853
-27.395292207792
-32.811868686869
-94.537891822804
-178.444370330326
113.436688311688
13.592863889312
-37.789769688726
-188.738655475655
-150.830192841149
-92.838203463203
11.500837978347
-94.553951290951
-113.335317460317
-10.335246384746
-39.906027569571
112.302489177489
-162.775880799837
-184.814120338077
-34.82423742165
-99.788220426221
-156.86562049062
-83.312226398683
-19.989628427128
-11.861198260155
51.763164349621
-177.934507736052
-28.106405282949
-180.97095959596
-162.58486348382
-164.115346889303
-85.57776081476
-46.284090909091
-197.918273969818
-41.155560558148
-22.391714032766
-29.770923520924
106.767141499045
-106.609484695941
-173.885732323232
-160.877061279649
-171.501153326654
-35.508838383838
-153.743487381488
-42.570723144179
-200.600381826426
-202.143050552963
168.83732069932
-89.623469849514
-195.796343386431
-35.805919344463
15.067083493628
-164.292929292929
-165.228267829312
2.749832659745
-85.324604249104
-78.486565087609
-161.801207439208
-28.123018911563
-78.283733197277
-31.219139770684
-161.244511591924
-28.540510301466
-38.092909291365
-36.788406878495
-31.984752440349
-158.969246031746
-81.9464446449
-38.911071997528
-175.189951138407
-152.111851723851
-158.585317460317
-161.390583341084
-200.48097041847
12.396130186139
-32.893021444566
-198.175185518691
-165.426329773742
-44.063672438672
-34.967168678625
-194.091524330569
-29.994227994228
-190.401350849807
-133.484307359307
39.573229284686
-31.312136211093
-107.990443153987
-86.34521484375
-158.192547466504
-184.775162337662
-26.555178731723
-161.560261383717
-34.358044733045
-39.59360168369
-82.568742055742
-165.811131112675
-161.982323232323
-29.290475115976
-77.741902228902
-2.609381473426
-158.05201912752
-101.334505772006
-158.613981040525
-38.428841991342
-94.955808080808
-89.458423520924
-28.776408890453
41.757816991765
-86.098198212242
-31.327922077922
-80.291019280063
1.343956356957
-93.542658730159
-89.73162084362
-188.04399547054
-16.494395334483
-13.827197538654
56.594336219336
-118.835681249225
-29.204722791179
138.359036796537
-152.711505972462
-28.989718614719
1.712137285593
-147.883551747596
-28.806841653491
-193.144573745617
-198.712839674296
-35.503050304594
-42.497832459289
-90.065914093502
-31.45113439959
7.742607656151
19.859474479378
9.599840700884
-39.408926607382
-29.479877950825
29.532937582437
-46.966917227873
-36.030122655123
-158.32711038961
-87.424155275199
-130.594226919727
21.868326118326
-37.747207223251
-136.717909291365
-94.556818181818
-153.694985569986
-185.896090861179
48.205811119355
-195.393108593609
-107.388003086459
-25.097111601506
8.217458353414
57.664502164502
-28.580182624586
-48.496663059163
-77.152867965368
-129.781839257883
-165.677382916427
108.206081682125
4.487180327268
-33.741880078336
136.367317981362
-37.91352335612
18.168273969818
-30.985753399297
-32.563508136964
-47.729079517623
-98.217535506079
-103.341810966811
60.290417075329
18.027600441144
1.977739738696
-136.796340347885
-91.906639770684
-37.250376823833
-34.850201451245
-81.957079602526
-52.178674651087
102.216012313424
-189.959141983098
3.555088544133
-177.773448773449
-155.987930936387
23.463386876931
-203.901051178639
-201.674239385696
-127.149064013108
-203.651405851906
-26.609201098245
85.297783349328
-39.212829677918
-103.830537518038
-164.965187590188
-188.551945013401
-41.477556324968
-156.3067990698
-94.205283028739
-90.078840027296
-98.747143325696
-206.53257379353
-23.85030467376
-30.313762626263
-190.086757423214
-99.146738247782
-34.516411102867
26.562770562771
103.053932178932
-82.685966810967
-193.039698613154
12.37318907018
-71.161529012573
-36.798618289127
-157.665204553205
-192.927395951352
-31.426213516301
58.755772005772
1.803658577615
6.702087138122
-154.709850448895
-135.825380751925
-99.257737020738
-206.183663152169
-158.273902749946
-126.428049415049
-167.335932699977
-146.404223817768
-45.29347041847
-178.995941558442
-30.171916658916
-194.0238997114
-80.036873689462
-188.340893017437
-117.628336940837
102.725826687283
-36.419552669553
-39.855593594638
-27.842641767141
-76.761376671289
141.790220626677
-186.522566009566
-124.694621781078
-108.05149407545
-30.09389831631
-83.985280310781
-189.146167793659
-39.611384712428
-88.682723096267
-152.522994796951
-198.422425637514
-174.310332459289
-37.843267003179
-108.471861471861
9.777043242131
-176.093707944752
-33.220381963821
-175.764790764791
-18.614448051948
-164.248379661923
-36.776605339105
-169.765618526574
-163.475813652358
-33.022907647908
108.552382916427
-38.436131112675
-111.124816586273
-35.332338231295
-125.494840195341
-49.388257575758
-161.229272927729
-28.151350849807
-204.657735056691
-33.548157134613
-45.974119200163
17.785897479257
-157.065311888768
-40.966975268519
-91.179086264078
-92.689558241102
-28.810603022059
12.774443875488
-34.016952228409
-131.454020402476
-90.080279990192
-68.529220779221
-117.901315664316
-137.289337862794
-35.532090708635
-185.203112669665
-173.321341422385
-194.124004897961
-25.5045995671
-118.273088023088
27.670274170274
-33.28123119624
-184.166399142443
-168.763705475162
-194.492859106903
-200.720421508965
-132.304563492064
-170.777687590188
-100.229984211887
-188.250270562771
-180.9285553551
-85.272904609361
-95.623122134078
-42.064396977941
52.782671159136
-34.837031024531
-83.730696817153
-31.002445281498
0.267045454545
-35.682916506372
-41.37096067046
-30.692205828162
-123.696966658423
108.07287742978
49.195510622055
-95.61607728548
-147.587929861886
-98.129235778192
8.167855178811
-161.842264943309
-27.976535153079
-152.460951811996
-38.686250408663
-1.006689955146
-40.284103944016
-146.087031024531
-33.041666666667
-35.8956559967
-21.194154769655
-82.91267930068
-195.729237742238
-145.558892496393
-37.558170995671
-31.280737894782
-143.827364878909
-30.009289321789
-142.892422278378
-44.00009018759
-77.163760230655
-206.438221500721
-157.822964799009
-165.49929457275
-39.703820915277
-173.982774170274
-32.129957278914
-55.247639049183
-36.845402396947
112.549619248075
-82.37560198455
49.193542568543
-37.330360181404
-46.336763500307
-151.52227329623
12.369150841563
64.861745462789
-155.889504128548
-32.453820915277
111.050884912884
-184.069009579965
17.112554112554
-198.421356421356
-178.09070960371
-102.70444223203
-174.623177136178
-138.225201451245
-72.8003116404
-30.527507215007
41.08426149927
-25.778592504636
-38.723323585323
-201.157418563424
-76.415507262919
-72.461924763469
-194.086290411791
19.265045254089
-195.909541847042
-91.626085289629
-61.547152036196
-196.132761989665
-153.35180571585
-153.146922762432
-160.692216044725
-93.282090708635
-146.07312606217
-21.049979998436
-76.93434647289
-79.924529060485
-32.36688615543
-6.498015873016
-152.620848332305
57.056637806638
-169.165581377038
-187.026421925378
-183.986091999092
-156.807797210385
-151.97331750823
-26.844951458996
-98.405480366937
-187.683531746032
6.274083125127
-36.97916362812
-185.92794011544
-199.237734487734
-113.092097603053
-37.226551226551
-189.842516394061
-155.647366522366
105.109941710985
-31.997838536382
6.547886571843
-121.163045907949
-37.180465367965
-185.011363636364
-47.90882034632
-107.115063291607
-102.540384928385
-43.239538239538
-44.251246552791
-37.234201098245
-33.871556798101
13.37416919967
-119.531130792087
28.362914862915
-121.685152084108
-97.459235209235
-113.588010053098
-94.107216971261
-36.579439193483
-84.521087822632
9.622042921542
-84.356711031211
-131.641794003794
-162.189136411549
-95.588293650794
-85.967352092352
46.513908000908
-182.477456141
-27.722204827643
15.250450937951
-138.159268245725
-133.449047050091
-108.155753968254
-168.579919239831
-176.084956709957
-19.852997266541
-117.770923520924
-77.836129148629
107.644116730573
-34.478989330033
-196.773973825518
-145.30860586015
-28.797348484848
-38.399440836941
-104.545183982684
-197.619050657594
-202.999732475776
-80.884125020081
-171.160891622348
-68.498379661923
-151.328086379631
-31.173595037639
-29.463200424657
-158.162263548219
-155.478638576051
-133.036522935479
107.471046745003
-164.365962128963
-196.598861672317
-192.655573593074
-139.619678932179
-166.421356421356
-189.372652084108
-182.471593947638
-182.390331890332
-67.882215007215
-33.533817307774
-184.051027064028
-151.561436860936
-85.282541646586
-33.447420634921
-41.318291117791
-173.151679453224
-104.2068001443
-170.708059732016
-25.468237894782
-187.075142336098
71.574147234059
-0.499010975055
-91.905679854136
-171.46293593898
3.229888167388
-184.318813131313
65.957086780543
-174.249983926528
18.274721616274
-79.220235056691
-20.650954913955
-169.054672791672
-74.848342653305
-164.924226350771
-190.093798132342
134.527400953945
-80.476915015459
-83.309250208206
6.634105908062
-10.399605138649
2.303014229558
-29.631490467947
-97.177415063371
-143.44003828745
-43.441990267491
-137.551677489177
-43.207412345413
-31.892860181404
-189.212304625848
-155.592986223846
-180.616000353
-197.578012265512
-198.37393382239
-147.542385128841
-163.499890700391
23.507936507937
-41.66170331066
8.466704705749
-107.234397546898
-36.280666819211
-168.937786636242
-160.613098276642
19.194914494414
49.84624341384
-111.93188925739
-160.794833448886
-150.801703779212
-29.576192440237
-78.669004365995
-145.923897747354
-40.603535353535
-44.191561480105
-191.747658161202
-188.107700056156
-71.708352445352
-83.045019680975
-151.513317906323
-164.807884359429
-42.13762322408
45.030825043826
46.476747675203
-41.091901154401
-85.554009331597
-144.082866321911
-22.287260509673
-163.579922278378
-159.944247995792
-39.566757928757
-156.53912534067
-37.554847089759
-83.090376860824
-173.548791486292
54.121750208206
-171.226821789322
-143.920454545455
-91.718888319932
-39.149257423214
-35.853712690169
4.623537886538
-42.065463155551
-35.346336419792
81.919298180254
-39.468904393404
-156.002889041433
-94.929112554113
-179.878678579179
-184.493129669674
-172.16332972583
17.033546745003
-129.292581577494
-70.898535922492
46.306911407955
-138.504419191919
-137.715348853349
-183.965097402597
11.376732676232
-37.623466810967
-53.351731601732
21.460330495243
-152.065595706648
-175.454381152837
20.593617757161
-107.744933421478
103.46402818644
-88.888798701299
-46.115904088316
-174.869047619048
-83.235463724508
-40.97736595341
103.640602453102
-189.731405282949
-37.314033189033
-26.89086279931
-149.867134567635
8.832863283364
-25.874007936508
-115.841791854792
111.897997835498
1.874912850957
67.745580808081
-32.686855651944
-146.625087149043
-37.631657808202
-0.037157287157
-157.001336740381
-172.866084463497
-204.533353334898
107.800784508731
-31.410608024652
7.036075036075
55.196789321789
-208.344954497542
-15.58477329623
-179.201553190597
-146.688759587716
-167.331262057306
-146.727810814267
-28.909628996085
-158.924857663902
-143.889629501629
-127.986288447745
-183.661780463325
-97.919823232323
-160.609416658916
-160.842529428986
-109.090371003915
-94.029310966811
12.037608225108
17.764433052977
36.135026895983
-26.913059163059
52.895913304361
49.036613123069
-3.719253209762
-178.451463003007
-81.071415536503
-31.016865079365
-27.03354978355
-201.940908016408
-204.936865648322
-29.096697170153
-36.174799623255
-45.016594516595
-153.808602821603
-40.155483405483
-34.553133525546
-34.93525834517
-102.325309676353
-27.611033958446
-31.753159604203
-35.730445366401
-179.893040556584
-89.801213516301
-118.812770562771
-158.05819010769
-171.670815295815
-268.190402076358
-38.987715375716
-160.041109467654
-36.4986441476
-28.972238295694
-173.002689554234
96.101634236125
-158.701926975883
-36.560081008537
90.772282191685
-38.342532467532
55.787337662338
-101.400452012452
-76.206068427016
-196.635294420207
-29.626913051413
-147.732851322939
14.122310445766
-163.138077200577
-45.115787830876
-147.719700008244
-137.880069617069
-35.123573072029
-37.84720614875
-154.720312209356
-123.199330647786
-161.406549583094
0.177653479198
-165.894403366815
38.813849775306
-185.214845951845
-163.274531024531
-76.66206406102
-81.82414137715
-166.973739337784
-33.994604818061
-102.658984648029
-34.25552055502
-35.189754689755
110.729237742238
-34.947062923107
-150.071628058628
-36.128501242545
17.693829204785
-28.03883738332
-38.218354372407
-30.434794372294
-150.804367043411
-35.222158324667
31.246373384374
-32.806634768091
118.276331737788
-117.997365447866
-136.194157808202
-166.96302612657
-106.415581377038
9.739341790886
-27.961943875488
136.497297410841
-168.275162337662
-96.020727072271
-152.86131059831
-24.69173295983
-133.805030503486
-191.010838584294
-102.033117957617
-34.493135526583
-34.016127505172
-199.870651883652
-104.41323953824
-140.747658161202
-32.417191718736
-157.196950584951
28.416836825284
-151.50876426972
-37.881854256854
-2.122925685426
-150.841720779221
-72.379042368087
-156.27487570142
-97.908636932593
-34.020295246339
-75.94139413985
-0.56347599002
-39.773342512387
-35.506657808202
12.646719135763
-183.164035153079
-150.178500353
-43.740533341577
-137.647621011665
-101.129496344584
-142.988819777364
-37.912881826426
-29.952919039375
-206.423144099688
-182.63195747937
-139.008838383838
-35.257198933743
-150.794398584407
-156.319447482991
-189.003411054955
-170.84604978355
-43.71176046176
-33.71375762367
-192.305011391468
-199.074057046469
48.698309475897
116.015324712316
8.962572150072
-174.468885281385
-118.263331689876
-158.191845077801
-160.793544532589
7.259218246218
48.111739385696
-187.728821989778
-80.630607704064
-98.275719536675
-148.299168310124
-75.429183629684
-193.863378835791
-40.888992111404
-91.130053543597
113.946508542456
-165.612930936387
-168.853174603175
-124.068184856729
-95.339192488149
-93.969068695112
-157.538403839948
-74.379763868808
-164.121824322325
131.739013187469
-89.312425885882
-38.465206702206
-34.644393370437
48.251886761378
-134.183064734609
-195.704545454545
-204.023828635828
21.081081682125
-35.434069833026
-49.060064935065
74.112727309718
-31.053951290951
-38.59145021645
20.968253968254
-90.249291534204
-159.077181465182
-191.741538439994
-42.607032236427
-36.540945165945
-144.724556883004
-92.441757928757
-84.825487012987
-175.897621011665
-83.909832842938
-153.456333132877
-28.472689233645
-95.188074021112
-162.412173360629
-178.316107503608
-166.789411976912
-77.497912650501
-149.916653411557
-85.432813283857
-25.514867917456
-175.312603222515
-35.805478402891
-159.000267524224
99.934417548462
-164.328917179961
-136.07618940169
140.772640123684
-207.609159879698
-163.686420787464
-33.06662951713
-156.089372863329
-36.895037718494
-35.702818855407
-30.4556437791
-186.535627136671
-152.996599161608
-46.496933621934
-90.262639297551
-44.234310397854
21.604264032273
110.923327513415
23.509392764489
-201.210961808374
5.995567773156
-7.65315460161
-27.184717219629
-33.417114566071
-195.770111832612
-161.898435738524
-149.63358389454
-79.710568911069
-176.0282997913
-169.752528291072
-84.844874306331
-31.275069111525
-146.279291854792
-195.752869929414
-190.653782876195
-148.000792576293
-160.026061175017
-37.172796384253
-159.908749270749
19.323068021524
-30.055810044854
-73.495148982148
-88.011994949495
-25.433083846628
-150.209476443424
-71.840187590188
-34.344880383424
-87.08793593898
-33.932449494949
111.942367091323
6.597479529883
7.459505772006
-168.775429861886
-181.708420482377
-189.99981962482
-34.999658361658
-188.291308954853
-30.716810966811
-13.402777777778
-157.870596881553
-25.419462481962
-156.455266955267
-197.384034832491
-27.253697691198
-83.837481962482
-99.502415952916
-33.33630952381
112.094609600469
-45.79148325294
-150.272891574436
114.339845951845
23.329455266955
136.491432178932
-94.870761183261
-37.758281184825
-137.599312610268
-182.45977329623
2.607139818596
-133.654777978234
-34.197237221194
-41.414035153079
-92.748917748918
-26.555446255947
-33.65451045401
-149.091256806345
-135.976892864893
-167.55878623533
-38.090110437523
-93.516320915277
-74.16693419089
7.768398268398
-195.824588175632
-176.82693001443
-74.823953823954
-193.024437798394
-199.231166867123
-25.496212121212
-89.319444444444
-204.065853014309
45.778486243574
-30.631777104189
-38.538149350649
-169.237466963511
-80.792130639543
-32.629077553577
-36.190476190476
107.092349053805
-181.35162534067
-148.759111985156
-154.199314574315
-39.841723817768
-32.475014998971
-153.146119969576
-156.431531545576
-35.531907294908
-83.938118278206
-107.164231601732
-152.469861271405
-85.393581682125
-44.970769004216
-91.114525204613
-35.539499125955
-169.697601010101
-91.828820915277
153.113005050505
-81.930375180375
-84.057648982148
11.250721500721
-117.55266955267
-89.279143626556
-38.811865648322
-30.966627553084
-34.060409611954
50.454362040818
-94.82902476213
-1.405734856235
-120.056022566978
12.807162858707
-38.479002364958
-192.539244636657
-169.159454697998
-107.262716450216
-182.273790411791
-5.274424763469
18.70364661719
-33.913687437644
-85.597602084602
-101.359201098245
43.558895534939
95.43768037518
-30.95652958153
-92.570887445887
-78.786709387753
-33.898902749946
-156.719877344877
41.512639297551
87.432542721086
-153.990355784759
-136.818091630592
-137.140422077922
104.563038086994
19.014697538654
-200.729540451953
-198.393955467411
113.257121781078
-195.989357864358
-84.93165388011
-174.300417901462
7.553404088316
-153.414032114533
141.030480366937
-34.350485048941
19.970689033189
-40.564587349499
-148.387732523688
-87.049709435665
-25.561237373737
-47.668273969818
-25.224206349206
-84.512448925993
-176.301297626798
-31.85560966811
-167.814484126984
-74.813324723237
6.849763548219
-122.719625894125
-32.082524683568
-167.658565857022
8.330105692105
-161.073322510823
-163.512281585737
2.386724386724
-27.385461760462
-157.874983926528
-201.862103174603
-163.026621412577
-93.698956862501
-35.169555708099
-42.955720931765
-23.854182740139
-167.578105491649
26.645949810958
-193.656117757161
-61.757211968668
25.965802829847
-68.53939590344
99.306186868687
-121.436314526402
-192.8839446449
-147.88933982684
-98.092261904762
23.89248921448
-137.907647907648
-200.356161010214
-166.813398837355
-149.882665945166
7.529581529582
-157.007127858172
-167.248466810967
-172.69543346939
-162.130955419499
-155.925972061928
-140.149621212121
-162.802115392203
-34.922348484848
-36.223668262212
88.8170995671
-35.702831890332
-190.549969781873
48.098649150193
-100.278512313424
-142.712027985984
-143.04806998557
-163.106601731602
-191.037231401276
-170.949404761905
-141.918650793651
-168.305916305916
-191.239354825811
108.90070650175
-179.343073593074
-37.805281954238
139.109294104198
-81.95193001443
-62.849116161616
-177.622658161202
-154.801316738817
106.72103652844
-31.776714638714
-148.184327360872
-100.002960117004
-38.555916305916
-20.752254689755
-149.975649350649
-35.465007215007
46.442192793236
-32.147021845478
-89.895034679947
-152.086940836941
2.459431657887
-193.047870498371
32.791302877759
-42.612447851492
-172.89350452946
-141.687052100596
11.812226398683
-192.782735056691
-31.944251034339
-99.09369187128
-42.186815005876
-156.06179457275
-164.474022935479
-148.067911255411
-162.914769688726
-134.275974025974
-173.134633998678
-29.217516394061
-99.737280511237
-103.059160020616
-37.738997113997
-85.771992737081
-102.159348436936
-166.355983453396
-18.623015873016
-108.293737942694
34.019403366815
-41.144193883238
-155.12967649958
-180.365891053391
-29.16731405327
28.708522603969
-189.298056950645
-173.067547466504
51.267589618633
-160.70118940169
23.24503968254
-92.072062923107
-35.749007936508
-44.601119400619
-85.930194805195
-76.742331016287
14.05294011544
-186.105506445594
-34.770111832612
-229.988304941857
-144.215261704306
-100.499893738938
-181.544639818596
-148.942818029274
-72.936688311688
46.6739007859
-140.098919712964
-26.124368686869
-34.856527617483
-190.561778499278
-104.664505203049
-182.418737942694
5.632124819625
96.192009379509
-36.4361441476
-158.107861319318
-108.50009018759
-160.242517468561
-91.748573072029
-36.480158730159
-193.863639402183
-188.512990051534
-158.955720931765
18.685680174724
9.121853650906
-101.990246705335
-29.703364120417
-44.327094316139
-187.504416153372
-104.06485791227
9.742968406512
-28.39978551383
-138.76694223203
-136.48079004329
-74.756573477521
-177.170258096802
-184.350018037518
-32.46223051173
-39.379342039254
-104.226116362072
-193.85973918524
-198.519663933208
-142.786435786436
-184.217516394061
-159.412067099567
3.912256370203
-80.906024531025
-34.213741550198
-175.751910012866
-29.343983219471
-26.58953584393
-149.668941789547
109.516955266955
-161.789440160534
-187.992694805195
-39.809433621934
-151.722412813966
-1.313504746122
-177.276344992898
-27.906766464872
-13.090019897637
-158.204635642136
-197.664244284361
-70.500664428887
-99.140610203598
-145.720993064011
0.712198717082
-176.615870620265
-111.920544733045
-88.507387631899
-132.373106060606
46.175693176181
-183.571049854009
20.969348901966
-146.596042033054
-28.021915584416
-163.820977633478
-48.17506186305
-188.150432900433
-155.423430735931
-170.354810662428
-29.15289614899
-166.237443491838
-30.955176767677
-77.078393448999
-35.012445887446
-115.693784947691
-49.919482915088
-166.956259018759
-78.69793357684
-41.040051040539
-76.122294372294
22.599278569738
-30.763888888889
-158.327643764655
-32.665764790765
-157.536587977994
-38.996400246889
-32.765331890332
-166.133637575532
-31.91589337854
-161.134670505276
78.184155308667
-158.361381673882
-51.014048830943
-28.788973721591
-201.764991573097
104.899149841044
108.630132942145
-145.555202555691
-30.935064935065
-134.624446191829
-156.678300865801
-186.630022321429
-10.340999278499
-66.745482869995
-113.877643623737
-55.254988501082
-157.372683306277
-163.821518759019
-186.055014430014
-93.320616883117
-173.419823232323
-189.347294442753
-2.000069754464
14.363906926407
-32.020452149847
-30.997113997114
-194.530586275704
-112.399149841044
-167.838912281295
-155.103195036301
2.536776103671
2.730241167253
-85.279844341856
-82.231782106782
-87.13646157445
-99.788760230655
140.226280663781
11.860500231106
-28.753537749143
107.24160233755
140.009472163037
-60.981171226777
-114.942630476078
-29.680174372069
12.881571011454
-43.776785714286
-39.271276520788
-159.284283966901
-35.758276825171
-24.061660128066
8.677391239403
-29.433962250857
-92.564844877345
-89.24025974026
-0.653056091044
-84.21566671176
-87.644011614471
-140.948322510823
-182.2886002886
-201.036796536796
-31.539051226551
-99.186077431683
-45.601092538104
-194.802050922168
-37.756493506494
-183.322490389385
-165.128148815161
2.248840243957
-31.869338614944
44.255965063582
-31.522374272863
-186.526806147412
109.277236652237
-111.644202206214
-86.827569078057
-1.45452502142
-208.019923706935
11.211129148629
-29.55762987013
-38.28229737385
-32.384387259876
123.197693663758
-144.444457127074
-41.135281385281
-30.768877389971
-179.760191197691
-98.582243331755
-111.155926592938
-105.370150303256
-33.255050505051
-35.116244053256
-80.417728484623
-155.397809709821
-39.022436276831
136.489710864223
-142.384096263979
-22.071518759019
-172.766692454681
-200.044191919192
-196.10282160331
-136.309613997114
-168.701832076344
19.344073407062
-95.429321112915
-211.103277473395
-133.662255225244
-174.302842177354
-173.392558396465
-173.118658685065
-106.279573779086
-108.466999092487
-192.425602988591
-4.092421846816
-150.428862424468
11.217272121325
-30.358614042208
-41.018295398178
-155.851891543786
-119.543490851596
-96.824425547326
-110.12299543989
-138.579274891775
106.954893522276
-28.635489944084
-59.693029626623
-174.636453823954
12.860639740034
-188.854805730294
-156.845238095238
-28.862303982909
-40.665306102318
39.738455988456
-32.300492367875
106.10119047619
-179.021735209235
-179.282745845734
-34.786366031972
105.713203463203
-137.526216405123
-92.795536982549
-39.771845829951
-111.063852813853
-103.586740028635
-84.424956174468
-133.725657101145
-18.808621933622
-188.445186378292
-83.203352582747
-70.806625124008
-188.309343434343
-193.261737069354
-88.220390286797
-62.716097216586
-164.047077922078
-93.971848789232
-19.099747474747
-38.516754458649
-147.327298515287
-177.182609437004
-120.646464646465
-137.545815295815
-105.093957501916
104.289695222312
-184.495482869995
-154.518217893218
-170.752726060832
-35.868243681232
-163.638417517812
-158.364878556773
-155.822338197826
-63.763888888889
-186.513528138528
-33.842720593209
-87.306457431457
-143.744498556999
8.390053577065
-197.676218800731
-33.357511358
-108.669650607639
29.488816738817
-107.593635151741
-101.299763116658
-78.260714356173
-90.451679884785
-146.235820115215
-30.66332972583
-33.52417027417
-33.983426268827
-75.54318717307
-102.671897546898
-186.676296305691
21.67106542546
-31.977605294012
-184.68644593254
-191.387383883478
-41.966728529717
-161.353445165945
-88.073564889971
-87.736922799423
-188.685265743371
105.872273939168
-167.60579004329
-33.799430549919
-108.640764861224
134.358946608947
8.127151819535
-194.433261183261
-5.55006186305
-137.671709421221
-35.7373941705
-29.078311011905
3.158920750473
-99.57224025974
-186.842991155979
-136.152687590188
-174.189775122881
-97.925304242199
-32.689131127119
-87.500999813988
0.916556045951
-192.901986522592
-131.890795510913
-29.640048644931
-37.895965091766
-101.06441437252
-181.242882930871
-144.602891357774
39.973304473304
102.670913233902
6.860119047619
-192.188401875902
-27.896815180262
21.710407647908
-80.962311803865
-204.557892682404
-199.883034446023
-141.678182494589
-164.903048340548
-34.756944444444
-30.965458152958
-168.683982683983
-38.92115561305
-0.801940301452
-142.223935786436
-134.61803512243
-42.553579179067
48.605326422709
-80.847840852724
-132.171384604978
-157.85264122813
-36.381382885777
-26.669044659767
-85.937659942054
-157.307511498918
-42.911796536797
-29.18958206507
5.040597098214
-125.318813131313
-38.480949985345
93.451126076614
-82.28077440138
-34.623023623512
-95.163870851371
-104.928210678211
-87.278617649711
-25.921799608811
109.886982266865
-153.241444861562
-43.99531024531
-73.427649119544
132.637845037992
-32.472111601506
114.042908859803
-37.40576171875
-85.220786971275
-27.29347041847
-134.781377530889
19.537165037653
11.1295995671
-78.922451355069
-175.767684518173
-168.781052714646
-172.555096867109
-40.690205627706
-127.347402597403
-79.279220779221
-106.610237418831
-174.641066073683
-39.685876623377
-138.938594933712
-100.0751058295
-157.358503421492
-38.406282411165
-181.197219826614
-32.890262135868
-37.203553391053
-102.348652541035
-194.25487012987
-73.241883116883
9.488656796762
-118.58371451682
-188.302017806412
-88.238636363636
-151.708145207657
-123.547090604708
-197.696158008658
-149.580107013212
-40.399350649351
90.35579004329
-189.528519711625
6.703293044846
-36.055387863005
-169.050705858811
-107.354638037744
-90.17786261048
-36.347410347899
-199.140692640693
-25.642885326479
-160.771444213339
-33.312139249639
94.2766877762
-183.472652727047
14.546204229798
21.151875901876
-93.502525252525
2.922230113636
-35.418949540043
-34.682421311328
-153.661886724387
-44.418171672078
-152.879900779559
75.25468975469
-151.00476725965
-192.036165223665
-37.423881673882
-171.30284992785
-76.380501443001
-131.098943536932
-156.642578829591
-30.266483895878
-55.199044011544
-143.813652005547
-4.975095542478
-83.032508751015
-35.528138528139
-34.636253015648
-38.009199134199
-181.203352582747
-23.205094330583
-34.9402880648
-39.603174603175
-175.55075518015
-36.314455943362
-24.556465181953
6.552050922168
-35.026056463068
-172.772727272727
-37.66800679789
-147.562201253608
-191.712502395608
-160.691017316017
10.809601314484
-90.840921773539
-35.72095959596
-155.373397056503
-32.829893522276
-24.642488642
-193.994305499188
115.909098659587
-198.856782106782
-106.485106364989
-182.67612861314
-24.482954545455
96.436044315927
138.581359422912
-81.459062584551
-70.127084531137
-164.548673115079
43.533810129757
-38.577380952381
-167.70975590165
68.15186815138
8.762144674986
101.869130056142
-162.04797979798
-152.366439929428
-87.035255597267
-66.41611779063
-79.064193131088
-172.577172393579
-164.268099522006
-32.635023505141
-50.898567144661
-195.637827070933
-158.146554834055
-99.114968744363
13.707861962256
-171.609951355069
-192.300938021397
-188.225456292839
-159.841602408009
-169.524731832837
-192.401244588745
-179.46645021645
-23.086940836941
-77.556277056277
-180.521853580447
-85.93472461783
-152.361652236652
139.818099381088
-148.071358816964
-30.251200622294
-175.645021645022
-8.821338383838
-191.382485569986
-186.733065166171
-157.606942048837
39.476623447082
-161.061299377706
-154.843233535128
-158.010892265287
106.335948773449
-203.42107810809
40.008184171514
-89.27895021645
-154.46626984127
-175.759121629239
-167.325577200577
-190.639630822736
-133.14915759154
-184.489337431232
6.990800865801
-192.999577245671
-37.528298470193
-25.774149841044
61.051226551227
0.753164316153
-34.558461991567
116.851654096771
-91.839097588609
-196.8219823796
-33.999188311688
-38.450023392406
-90.983585858586
-153.315483940972
-38.538971255524
-90.676940301452
139.176777893331
-30.079282642271
-210.861500045094
-156.850968882463
-32.899551457657
-35.171163363546
-154.220591095103
-81.181818181818
107.555164155506
-94.788350158956
-179.42623676779
-19.941568658121
-207.091007028995
-32.995670995671
-25.921987734488
-185.749832307449
110.077929828418
-163.023531210543
-141.841901154401
12.235307173295
110.947299797642
53.486492294598
-24.073222106669
-94.086780894886
-203.900974025974
-150.790914516256
-149.73365561305
-32.986680420274
-42.480599451547
-29.888520388032
-198.971160404266
13.254877880366
-85.714819089331
-89.12977994228
-203.619769119769
-103.725170229076
-131.679846737464
-37.302141109758
136.412788600289
-33.171917980023
-152.420454545455
-25.928202927715
-35.390901199495
27.773837707431
-46.887363450352
101.080898268398
-194.092692409587
-80.74800812252
30.737005236517
-195.835570056029
-179.30589587279
-122.51702502142
-164.613935110029
-183.218344155844
-38.37786556976
-159.345516408505
107.895480333469
-29.154491341991
-36.529589280078
-143.915764790765
-39.053210678211
-152.218434343434
-192.220799653905
-109.324943421379
-33.984467301362
-41.68721147017
137.809766188672
0.965076969472
-147.781313060854
-173.13474025974
-186.107621978716
-105.990370360976
-31.122322555916
9.574966320572
-45.793650793651
-91.94497781949
-94.406936623489
-82.265610203598
111.626092467645
-176.068078947962
-150.993769305781
-169.371905438312
-22.666746637694
-159.127886002886
-35.945957200352
-149.677128427128
105.614468485074
-198.410381718976
106.452563793628
-161.181539868552
-207.530393217893
-34.847034096546
122.116592120987
-93.004579133974
-169.963543780438
-193.917777101371
93.664883347989
-114.352981545364
-107.507686378292
-158.886536261048
-79.995019249414
-191.89021351912
3.008485383974
-73.596598659587
-99.170967487374
-29.351280663781
12.683539496528
-35.427391239403
-154.922701484713
-37.129759509154
-194.892586580087
-139.221972092578
-31.204934388528
96.852252294147
-188.10847523787
-174.353056231962
-152.108776450329
-148.517756738704
-155.698593073593
-143.57023569963
-194.874569495175
-207.652867965368
18.733766233766
-200.957271515377
-29.664785409903
-18.590355282738
-169.164589886025
-189.279962713068
-34.063012941919
-155.842893217893
26.302406740395
-143.824502699991
-31.2931998557
-179.737206044823
-88.788440346546
-42.659021154627
22.846088183735
109.550242238231
-176.57216275478
100.036227227633
-168.341159220554
-155.900621026109
-48.95221325983
-150.23699008782
-0.11534992785
-36.085961456079
-181.378976004464
-193.86743199292
-37.766164011769
24.777625586219
-84.95601663961
118.45670995671
-99.149788904672
-30.907024345013
112.504529812635
-150.959956709957
-178.893488455988
-138.121655308667
-187.649178024666
-143.083526391144
-163.848374227769
-175.877427314439
-24.805838800956
-152.196330633342
-41.460067330673
-189.337662337662
-66.931076247971
18.60108760597
-184.086289090684
-36.2240055409
-85.338937646555
-170.771565050618
8.298443418561
15.956338989786
-30.481872294372
-40.515324139836
103.291847041847
-138.738546176046
-73.086191152597
-181.959436017542
-30.864445585881
50.528020156926
-93.24122362013
-87.135933131539
-60.781413465007
-176.040674603175
-33.229720474838
-96.976571659677
-163.941829004329
-158.114906740395
-85.92516473327
81.333694083694
-149.978202786797
-133.287690662202
-106.391323953824
-138.707681587076
-163.180475584528
-198.201208513708
-96.415883161977
-47.435966810967
-173.445977633478
-153.026252339241
-34.757874503968
-169.744387936282
-190.465458152958
-98.964285714286
-84.044031977137
19.557351556863
-36.671536796537
-15.104625355114
-163.82222757711
108.867893147434
-196.646116578734
-34.976177793561
-35.183719871708
-28.211219336219
-39.484928455876
44.895652958153
-61.717184399802
-33.372173535015
-184.47878548318
-122.906114718615
-34.029921846816
141.061507936508
-203.488726551227
-192.118707301813
-35.167839105339
-76.573044197556
-200.190636132531
-189.462301587302
-38.356421356421
-160.393068167726
-155.510822510823
-175.080898268398
-35.44244763483
-169.987994833942
-111.438840131223
-26.780380535263
138.834077733248
-42.220861657873
108.72095959596
-25.721299913194
-165.429194991207
-186.203816203328
-191.403409090909
-77.523358585859
-158.577914327426
-138.607295048701
-115.9501058295
-118.02190783392
-139.071240445752
-84.471771284271
139.802148860254
-95.445176161729
-18.200930200442
-133.034889914773
-89.181818181818
-87.43421696034
-78.385912698413
13.082251082251
30.5670995671
-198.829344646239
-34.283098845599
-150.403138528139
-106.484106551001
-159.289329539818
-122.218516780528
-77.371121933622
-144.231248731737
-155.914764976777
-33.661435786436
-35.382124819625
58.805006679518
-37.872000910331
-146.50116222211
-93.238533493416
-138.396923334912
-36.539662106557
-191.345681282693
-144.663953288465
-20.230499047394
47.499979566874
-2.436309594269
-27.710866336355
-181.644730649125
-32.280192409587
-35.654581529582
-158.191275196158
112.541666666667
-54.542006983902
-101.148010518128
-152.930575988681
-138.339208209325
-83.088716405123
-35.268496206484
14.381485755997
-29.296098541216
-185.151994273088
-140.470418470418
28.556534936418
-108.163752480159
-138.542748917749
-148.376595193001
-194.054370434253
41.765672207567
-80.590097402597
-184.385894731354
-101.703983895878
-181.283036841631
-79.405372784767
-143.925234487734
-96.202651515152
-87.787440532558
-30.27380952381
-168.468065842578
-159.462121212121
-84.587481962482
-38.201741888754
-181.020382395382
-42.681477864583
-76.290556231962
-157.701298701299
-25.048909857504
46.59873497813
-51.862672483766
-184.322801818407
-175.077360519255
-34.892648584055
-138.552321484939
-93.583513708514
-164.618777056277
-135.975912162924
105.339373435809
-34.085595773584
-94.203252178594
-132.525363145969
-153.071415888799
-92.203581574675
-188.484861167478
-71.245851370851
-197.841901154401
95.949134199134
110.705800330312
-147.934446304564
-32.060413002796
9.467163966676
-39.048804168921
-45.302398989899
113.486500045094
-25.475566913555
-41.066829004329
-111.756513939619
-51.221209725604
116.590630777642
98.997634689529
-34.398420589827
-77.815633666464
-172.035054788961
34.074494949495
-82.234647676542
-36.356047923431
-173.23585323097
101.695294532941
-154.805182122565
-177.219413724297
-184.076819393714
-40.394217707206
-55.43950456011
-191.251443001443
50.673152422664
-106.820969882982
-29.98729130028
-37.696075571564
-34.741973304473
-79.433351370851
-25.320539378157
-181.995830937725
-100.693181818182
99.000257880141
-158.811946191829
-159.981431572984
-132.445243450126
-77.771735209235
-147.702638832522
7.355220734127
-35.485868731962
-160.572794067911
-191.210219522231
25.243055555556
-193.859320041937
-38.237263116658
29.001172438672
-172.967429597312
-157.251360564349
-205.088203463203
-150.998536565431
-161.905483405483
-182.786706349206
-181.031114718615
-23.894292393804
-44.762265512266
-107.397997835498
-95.106691919192
-92.706197014791
-169.312159682765
-176.249167878562
-169.444366939484
-36.278867779356
-28.325566984014
-108.398441022953
-195.027708023314
-192.275342712843
-158.705475514069
-30.863115671221
-182.989808802309
-143.140422077922
-180.465736466225
-98.887072454455
-157.153398874346
-197.681887936282
21.494485874369
60.716277591766
-140.569444444444
-85.693009193497
-150.534243100649
-185.359327792433
-0.113107920725
11.29310966811
2.639602639114
-38.195985383974
-155.354514734398
95.907578153184
-28.188492063492
37.561798932404
-191.499286249774
-162.352453102453
-173.627795815296
9.112672483766
-184.207349020337
-147.958632079726
8.639880952381
-103.199577386589
-42.692468067956
-177.213363405258
-142.56259018759
141.496023995536
78.047819855925
-150.579184704185
-85.088806592713
-210.267766955267
-203.079365079365
-200.493055555556
-96.044995857008
-156.879326538262
121.49502699991
-87.05206642316
-38.308423591383
-174.608508353626
-75.720869408369
-202.573342943948
-50.356872294372
-132.796616767564
-68.214208209325
-0.897644835633
-168.63647425708
32.204205137311
-44.317079133974
-80.784874413781
-34.358959291576
-181.338842526831
-31.760551948052
-176.836928154311
-44.207423706935
-168.094774474657
-30.039023042929
-90.962038775027
-33.436064749053
-36.40396289908
-23.804473304473
-83.940836940837
-147.137543825532
-161.758287041734
-38.979908600514
-99.691177258072
-30.536804287293
-31.060425685426
-176.317808385191
-141.433559929654
-117.14422263934
-107.062958688447
-31.086420144526
-197.399149841044
-180.291305916306
-83.16723597583
-119.303669366658
-152.931194619183
-192.24529756268
-180.300265137423
-28.935265743371
-28.428398803887
-93.830086580087
-26.975198412698
-31.077082205988
-133.530996347403
-124.353605108
-106.937840317235
-92.287718845824
-191.359758297258
-78.34919859871
-136.339986781881
-116.558802308802
-103.242236116748
-38.467429597312
-99.498389306006
-143.895369712753
-34.297270979888
-124.342996088113
-182.179736116748
-30.012007632125
-37.938873246979
-85.978285223891
-194.32674963925
-183.189296001308
-169.11527242289
-203.528020156926
107.134026509515
-137.47095959596
-104.34487487881
-106.579916421469
-95.747003376398
-14.227154356061
-99.675234487734
-152.156565656566
-189.703816203328
86.427767490756
-175.798881673882
-32.65203584393
-65.023268398268
-156.741973304473
-212.764229206124
-9.93876509233
-178.007042382531
-27.147804777688
-107.284722222222
52.115710678211
-58.74800812252
-27.025149655032
6.657565470554
7.850386538375
-140.544202135755
-29.580565701659
-25.826757389746
110.968802844291
-172.828996578508
-47.507415815521
51.217602221997
-166.630161125767
-34.357941862825
-77.949162382756
-149.687126567009
-146.044830982819
-108.439205813718
-189.556818181818
-159.332681587076
-37.538760230655
-36.590991528003
-170.044261673656
104.762445887446
-141.909103591721
-133.902965903454
-198.252726060832
-34.008116883117
-139.201015455898
-30.182782061688
-7.368063306052
-188.862997300009
-170.81699669688
-169.055916305916
-94.689136059253
-188.537698412698
-33.086690707296
-90.964834590323
102.660701603084
-76.424582741477
-92.983142671131
-166.135904947917
-33.038772913285
-200.837649655032
-52.234848484848
-189.982323232323
110.549090232684
41.568189568678
-207.783088629036
15.352831819873
-176.77427314439
-170.730637851732
-166.744588744589
-96.705635456124
-80.494490806503
-177.619761369273
-27.241604803617
-191.850371037383
-150.683879813763
20.098492598981
-89.173959178842
-99.000881442776
-0.607683982684
48.425497300009
111.535232698074
47.134479913533
142.13112253957
-142.160874227769
-80.834345829951
-171.496856116973
66.380313317325
-30.837670088158
-157.027847532242
-87.903318903319
-43.039051226551
-111.183954500361
-168.647026205132
-165.773538961039
-33.830619955132
-172.086059394165
-137.194534632035
-111.60396585836
-149.219634965729
91.873577431683
-34.364705932089
-31.153318903319
18.424956174468
46.645390145878
80.093233535128
-35.307018990124
-184.740099798205
-183.489378297484
-152.446420820933
-142.704192454681
-6.693825813943
-0.188943001443
-134.277514965503
-43.61525974026
-161.782196969697
-23.73080272592
-35.04547497858
-200.16559216608
107.147026205132
-193.501520506403
-185.195194128788
17.663850418245
-34.715540590052
-95.321358816964
-144.930723248106
-34.250819438808
-84.984410229527
-100.542658730159
-192.360459364854
-33.182547433036
163.567017130005
-118.446511008523
-201.532037027643
-176.269730649125
-166.641697386815
-102.021845829951
-117.598033910534
-26.393305614741
-71.313783059389
-59.961649841044
12.489710864223
-136.15395021645
-148.65576171875
-115.026412281295
-196.885912698413
-87.737263116658
-181.41332972583
-179.045336174242
8.761203694309
-86.744887490981
-106.117872714308
-89.286247660759
116.874611066017
-81.879501629013
-109.14926046176
-96.744969928075
-176.116694991207
-185.215818903319
-82.206671556525
-169.329017011634
-33.809954314349
-98.82693001443
-193.676857864358
-25.230437043425
138.033189033189
-93.659972351867
-182.101288414277
-31.679465553977
-94.156836219336
-35.785381718975
-89.933351370851
-198.063664688176
-177.82023569963
-79.986992553887
-164.165834545229
-41.743235930736
45.618558280912
-31.434093304699
-175.344815340909
-39.334242959731
-167.236762857368
81.452300981354
-104.011343203238
-182.338772772367
23.01251564191
-57.995158053752
-158.146312454906
-86.186791181908
13.429009683892
-202.98528674017
-195.968011589105
-30.933974933487
-136.40455334596
-192.976017851506
-70.652326839827
-144.988726551227
-104.3106884977
-95.601563909181
-175.977169857053
-38.721763533775
-151.982946794959
-27.525773217668
-27.070637316243
8.080169017181
-161.274690966586
-75.096029350424
-165.030184659091
-48.911533724522
-42.357310549693
-35.1038883534
-168.202089956484
-166.177579365079
-33.858413233902
-87.739525556908
-191.060237559749
-46.412608225108
-35.180527371934
-44.186307128202
-141.996109250992
-90.430096867109
-177.773829956935
139.864728831282
-88.497176001082
-157.84919859871
6.719787157287
-26.433158313041
26.957792207792
-27.660111156205
-210.893295398178
-46.747925685426
-169.483676046176
-143.749028369634
-200.331542264159
-149.286082786571
-169.953352582747
-34.525974025974
-50.428641183036
-32.907459781972
-94.721209725604
-5.450458829365
111.460948773449
-35.828032698638
-110.554903809298
-73.543372480384
7.918101917614
-194.813582251082
-98.878697691198
-160.596681096681
-21.797869177264
-172.925783363772
4.552128427128
128.128226320121
-52.467823463429
-194.117604617605
-143.325667388167
-130.637265512266
4.574397011409
-31.289695222312
136.457189078283
-35.433163245175
-28.233516104122
-124.425955988456
-196.417006983902
-89.136794141189
-74.115058931953
-162.592983405483
-38.081091326209
-153.902056277056
-13.63437950938
-54.515233952246
-199.565213378202
-29.806465181953
-182.372855930961
-29.548041801948
-135.039154096771
-143.227022597628
116.501623376623
-85.822067635056
-35.557346624729
-193.962870896465
-136.760170764565
-189.762786204681
-1.42766955267
-179.849476911977
-74.987721805105
-178.57213738952
-24.622938368056
-35.499979566874
-119.631022135417
-2.270480333469
35.732676232188
-52.507284761679
-167.464306147412
-29.098422844517
-84.112000304383
-83.094864662247
3.671114042208
-151.338453592848
-116.64726858428
-27.7068001443
116.304576174693
-157.597214471726
-157.033008658009
-13.722209539592
-31.744305499188
-161.534972351867
-32.981318486201
-35.57224025974
-193.860930735931
-32.83380470441
-134.027437460543
-112.533168600063
-27.429202741703
-175.835046897547
-192.190726320121
-75.624278499278
-209.782807849702
-154.060786435786
-42.684884559885
-73.018488455988
-88.525412467307
-78.022366522367
-14.230359538465
23.198322510823
-32.761456290021
-166.402597402597
-111.937139249639
-39.968344155844
-21.691718383613
-194.224046407152
7.053599612193
-153.723103664998
-40.976731601732
-104.478084415584
-64.036082786571
-90.793047664141
-30.097291976687
-164.615079365079
-175.459784085272
-34.522374272863
-42.896923334912
-161.085046897547
-196.787530720148
-43.086768212256
-169.871271659113
116.85705513562
-30.824216636228
-184.878066378066
105.088816809276
-29.048049552444
11.118874994363
-156.184995180601
-171.502713378202
-32.38292875744
101.57892189191
136.159353721365
-114.6008170432
-30.309704184704
11.135203880321
19.882846320346
-86.589834590323
-39.285111156205
-28.613365800866
-190.334338079455
-172.885732323232
-27.547459105565
-65.863644114132
-172.068916001533
-152.894570707071
101.724283854167
-83.651785714286
-93.89963917918
79.697180721839
-27.692272191784
-30.245773865891
-38.410353535354
-32.452380952381
113.267158541328
-53.297528860029
-119.890782828283
-160.737373737374
-27.555382930871
4.852563723169
1.413149350649
-34.063422309028
-69.595328282828
8.263680330087
-46.205978239426
83.776715959821
23.770361962256
-31.450538800392
-146.64908008658
-124.009567635056
-77.025953592848
-149.554190059073
-32.34404522344
6.142939579951
-192.129620000225
-109.819416260822
-196.814754689755
-196.794926102543
-74.321727317821
-177.603257040269
-158.06546843998
12.455988455988
-163.379749292591
-88.637445887446
-184.318099381088
-155.459505772006
-148.000200808306
142.979790229302
-178.964904344787
-32.189656751668
-35.892975514069
-161.007104386499
115.330648138754
-190.291854792343
-193.671364171852
-38.301775427264
-201.429022366522
-89.618756623151
-30.098956219562
-35.274440836941
-92.089195526696
56.478437415449
-123.050136549648
-136.564775122881
-85.591027462121
-138.494859307359
-31.441759249865
107.76298454692
-34.946892192009
-85.518766769255
-84.111721991117
-34.915432224026
-41.555091934975
144.784163129622
-146.809183492289
-27.314241747836
-178.742975584528
-34.049713795319
105.646354025749
-103.01643457454
-34.352334731241
-39.507006448413
23.073201673543
-40.676226551227
-103.936899336558
-98.515893448999
-146.37291793493
-162.883830633342
-24.2690168989
-197.463051271645
-54.554903809298
-36.677599798205
-25.473783594877
-28.274621212121
-140.243617114223
-67.901244588745
-111.927231297348
-150.819171415607
46.621495366613
-173.181387676993
-146.031843969832
-30.377164502164
-34.950569450081
-32.133900387807
-92.346771284271
-88.846410533911
-41.40395021645
-162.024801587302
-96.363989363501
-183.245199624594
-159.292908859803
-43.645111832612
-40.645021645022
-38.388876206259
134.8058056852
-47.496691242785
-90.52904040404
21.040973349567
-142.085886769481
-100.043498602092
-181.677919682314
-191.36066017316
-104.030413651019
-208.049680679564
-104.991772496167
108.064844877345
-161.719980215097
1.758034446023
114.468887747452
-173.075937950938
-159.618207747114
-31.817398313492
6.270985524892
-116.970758787653
-45.090470835588
-160.213363405258
22.131014384921
64.000819438808
-44.291403854392
-66.483044733045
-193.03067153116
-115.90375715864
-169.676324489313
-160.826687635281
42.176767676768
-187.618578714038
-94.466478400072
-36.895452149847
-150.890795510913
-180.067723129735
-31.512796421244
-26.780913910308
-160.670536982549
-51.379751758658
-159.324688007305
-46.201007705402
143.556539868552
-190.026314343209
-29.347382164277
-174.848866031972
-189.949855699856
23.192813317325
-191.016697386815
-29.50774838226
-42.929756549874
95.528561282468
-160.514159451659
-132.44993813695
-136.68184636544
-140.119671181683
-47.258851066468
-103.720070402688
-190.891081574675
-35.591823649441
103.145562770563
3.824392079275
-7.137543825532
-156.889971139971
54.847871502413
-141.682990620491
-188.998438627345
-172.283348975244
-98.722222222222
-154.846201975108
30.163948356331
-140.151785714286
-173.749979566874
-188.379509379509
-43.000147259425
20.59354496415
-146.034722222222
-40.628689940702
-159.567640692641
-55.557970187365
113.784902597403
-35.653499278499
105.358786666892
-106.611644486156
-99.997371877255
-50.132047314665
-35.991050995446
-182.243583998467
-153.371490434479
-42.763919538578
-34.01712789164
-110.850657101145
-153.811667878562
-27.586379278274
-91.033078412473
-145.776883652372
17.714275497723
-29.058892496392
-134.103383161977
-31.953901458784
-168.779388471771
-36.81162630772
-201.136183261183
139.597309943745
-35.32224025974
14.269720432562
-188.663399480294
-54.189664502164
-229.112747170364
-33.515692640693
-36.123987503382
-141.571129825036
-32.883658008658
-92.455996206484
-27.610036610525
-34.958341083829
-141.904401154401
-40.064754689755
-170.681194619183
-200.463231646825
-177.704184704185
-22.337940650929
-190.67612861314
47.336198903093
-177.911538656656
-154.572178608067
-46.320678887085
-154.841901154401
-145.484029046041
23.659168414051
-90.591901154401
-182.364718614719
-25.8541642006
-168.369289998196
-188.210899804406
-37.10579004329
56.345480474387
-40.380058255547
144.466109899215
-100.960497835498
-32.743158425776
-199.093614718615
-29.05590855542
-149.828914141414
-85.157475282964
-163.760023505141
43.892849392361
-27.230519480519
-36.484155167749
-192.054903809298
-63.938453663307
-97.875713750225
-207.939852627841
-37.679262279604
-2.635551948052
-80.967614904627
-35.056658239764
16.343761978039
-152.877195151853
56.927677303166
-36.217885467397
-198.512806637807
-37.761191011679
-34.595681282693
17.916653984037
-185.498585182179
-47.694173881674
-149.356691919192
112.029671717172
-7.900064399576
-158.571346134334
-34.091187404176
-49.617061025997
-30.336379278274
-178.669310290404
-33.052308802309
-32.174082482188
6.299783549784
102.034709539592
-48.342470463564
32.154663966676
-98.701028138528
-146.139332076344
-93.702283014295
-39.689131127119
15.710415398404
-27.031898223304
93.710485152868
-92.123108526673
-131.755862193362
-202.788412162924
-90.197698948187
-171.81518519458
-144.362263116658
-161.610688356782
-96.580898268398
-84.976342667749
-40.375729251218
-160.590929524035
-85.171737604843
-133.872412743507
-169.720230344742
-39.972853535354
-89.874085441468
-185.764527952516
-35.29816017316
-29.519833519345
58.120420866026
-33.452118140106
-154.448335193452
-39.273567144661
-23.047418239313
103.768828773223
-38.714896594291
-115.479444979933
-42.833694083694
105.957985265602
-25.80294011544
-74.445900128517
-1.904942279942
-168.616895799513
-42.801497113997
12.85274409835
-161.32423213722
105.536804287293
14.788520317573
-37.408660404266
-143.585956523945
-29.929035049152
-35.161095469201
-91.928669366658
-79.771013708514
-171.817813317325
49.409181096681
-223.239726365215
-140.134850880456
-159.838582180623
-119.760925381043
-154.516684704185
-57.832313086219
-144.681367243867
-155.113296046402
-55.936987058081
-36.078983895878
-178.176865614854
-91.109114301497
-40.511994949495
-210.805375180375
-38.500713750225
-149.875819438808
-184.903777591766
-135.556928802534
-168.809523809524
-152.131661199044
138.909902597403
-141.696776639159
134.368163710205
-5.622655122655
-87.780586275703
-42.15357678346
-162.221402783414
-144.794372294372
-31.82596613456
-164.357712166306
-138.640401644796
-166.03763640873
-32.735381859894
-140.79894367785
27.637445887446
-91.287059349071
-179.143841455853
-80.808421125316
106.936881369499
-80.214646464646
22.336649841044
-148.275986708604
-31.755521876127
-42.727633477633
-74.530681747723
-75.463383838384
-203.37240499301
23.961757995694
-31.080107013212
28.307738024779
-29.648629148629
-31.238033234127
-31.335786365327
-186.603625541126
-169.873203998692
-30.117506679518
-86.834776334776
-177.780663780664
-170.375894125406
-173.356150793651
-143.044109482098
-199.166408786526
-72.886211444805
-123.861311919417
-174.55025492086
-179.679452871347
22.548773519232
-157.250569309163
-33.931284806773
-30.922508426903
-149.092081529582
-109.585678210678
-201.585075081169
3.693792698187
-31.838654401154
-110.437056812545
-32.727904040404
-190.867604617605
-90.212631687973
-118.325749825262
-195.068660939755
-29.00287825239
-26.433982683983
-95.126783318678
-90.848374227769
-2.200489479054
-107.441816321699
-74.183088558577
-103.155673997227
-28.793449985345
-163.268849206349
-110.243153493642
-76.17775974026
-26.183261183261
-29.11943655303
-2.707349020337
-197.920732858721
-88.925435296041
-161.652159147276
-165.557882465841
-27.845024604302
-37.893766769255
-100.370150303256
-108.342983405483
-143.322683447195
-155.539592352092
-77.889971139971
-56.449502699991
-51.502344877345
-34.345495975379
93.63187468998
-35.283181282693
-161.832411024306
5.468632685674
-29.128988687094
-11.012285945391
-43.591908904897
-134.24253486314
-192.438012941919
7.630050505051
-194.193555251172
-174.610201484713
-105.36247167546
-174.625368500857
24.855331354843
-52.188950751939
110.699394545342
-143.745379999774
-131.9954004329
111.777937719832
65.348062094156
-194.159083158595
18.064043405596
-160.13933982684
-200.250992063492
-31.26183500744
-84.533542033054
-154.802919682314
-48.955107013212
-159.250553808171
-185.448464485818
-33.545995670996
-161.744838874233
-202.848755411255
-24.854599637559
9.603625541126
-50.510461760462
109.144730649125
-76.33665759154
-162.781204906205
105.31260287022
-46.994158239764
-197.379591816604
-35.761260766144
-35.039120981016
-141.094496161391
-172.285533910534
-30.128316507711
-78.037608225108
-154.177161895179
-153.888355513844
-96.166854792343
-30.366432178932
-199.611672669778
-184.806277056277
-100.083861776245
23.951118326118
106.040203232098
-35.142664085047
-37.648727086715
-48.663700692753
-169.809536492154
-33.623487244093
-172.72809216608
-85.812688125676
-204.493867243867
-31.84796415607
-193.938131313131
-196.914141414141
-143.267504142992
156.791728670635
-74.141767141279
-37.629481195887
-174.515860333243
-109.062492249504
-33.530913910308
-124.164592352092
-192.019480519481
-196.391712887807
-180.36256186305
-91.958603896104
-34.514873201885
-158.83876502187
-34.650883838384
-147.508359262266
-195.968011589105
-77.498979752886
-95.268771701389
132.953202857256
-151.878447561553
-205.36162405303
-147.522394705988
45.45078575938
18.609219637784
-161.37690168989
-112.839097588609
-144.519668645157
-166.497863681457
-202.9136002886
-30.18184636544
-197.909399872046
-142.025621026109
-35.830717893218
-38.734315109803
61.105228484623
-185.935766002661
-133.270132265738
-37.932429061824
2.887966579861
-196.938762626263
-178.571727317821
-167.856789857278
-205.829184704185
-173.766656520563
-29.506583694084
11.454102267091
-30.586940836941
-168.212121212121
-28.02415759154
-39.582333519345
-27.53145503585
-159.725399221005
-90.311438182044
-26.45862432923
-123.994065586107
-171.619158239764
134.847485034497
-142.378414445797
-49.507964691558
13.478445165945
-165.139790764791
-199.75506847211
-123.529380721275
-152.989911672529
18.111198832634
-160.665473794868
-90.791416537022
-36.50677181976
-32.662177720283
-170.471077967172
-39.126615626127
5.631222943723
-34.648010518128
-92.367612368101
-32.571428571429
-160.78840723079
-80.299164919282
-199.811889119995
-100.050803796898
-106.028156495198
-161.906475468976
-32.085428081034
-89.317377880366
-176.350641600153
-36.134371758883
115.648479423138
-142.172521109533
-159.059413188808
-31.057990620491
-5.343864848259
23.992416491928
-34.340187590188
24.443903318903
11.700667388167
-24.442037563131
-40.274288645382
-163.254627750722
-182.877767631674
-190.833796953914
-83.067452566964
-82.813422309028
-37.004238816739
20.564151560245
-169.290842295725
134.440829190341
144.369678932179
-36.336559653454
-85.956091326209
-147.398559394165
-184.037961224973
-206.582439207928
-170.287358095464
-30.695867012762
-27.468331473214
-155.695637316243
-39.643849206349
49.753148815161
-41.460046897547
-37.994400618912
48.854136016978
-36.733676046176
-172.566308311914
-98.939033189033
-33.742063492063
-28.08181282693
-142.116883116883
-167.996212121212
18.110049293155
-92.118977864583
107.435253060741
-29.919184168696
18.639958457341
-90.808704370716
54.218995902101
-78.227084601596
-40.878968253968
-153.208410838294
-46.104334359217
103.608495670996
-139.090986595869
-41.965568773674
-169.386273448773
-135.43444137243
8.554465553977
-30.285902411391
-2.896562584551
9.111840362329
-199.807359307359
-35.817017130005
117.543929106917
-30.227370665359
-191.464924777913
-34.892766955267
46.130862193362
-127.055117300234
-83.37291793493
100.652695340684
-36.142316017316
-39.456501397908
-33.361915048927
-193.522567330673
-89.770284457296
1.284101125654
19.893766769255
106.370933807946
-87.347374413781
-31.67575518015
-152.799783549784
-112.432240936147
-38.235098614493
-39.804746333311
-195.662345412834
-62.110848298837
-101.816267445662
151.06259018759
-97.314734256629
-34.490429898877
110.876152005547
-165.811250056367
-21.443653189259
139.045104011657
104.52388702877
-161.26183500744
-162.655052900658
-163.481942048837
101.727154356061
-174.648441022953
-131.620864053481
-155.013015196609
-47.27406740395
-177.066738816739
-32.128128382035
17.712023274035
-29.606240981241
-89.91160841112
108.561077431683
-193.155573593074
-203.514159451659
-94.008047128653
-29.17765687004
-38.610181051587
7.569354256854
-24.124667433261
-36.492617300234
47.853326794733
-196.449036261048
-203.96159276921
119.984835802219
-156.148727086715
-150.853354978355
-83.303952612058
-181.195616883117
-0.24312531002
-158.973935786436
-144.844323536706
-33.61744467555
-47.290375856782
5.288422379487
84.720078153184
-158.984688542794
-203.428300865801
-189.853715728716
-33.462675020292
-149.729499233405
-95.388520388032
108.367063492064
-89.371372063267
-93.21130952381
-97.538247288736
126.496863867469
-104.83161976912
-81.902757344652
-38.360098614493
-153.359868917974
9.71808134357
-206.040757040269
-169.246302308802
-180.592815712933
-188.907279406791
-71.233835988231
-180.268045268534
-150.456086394075
-141.175693176181
22.806727994228
-73.881764069264
9.567182004194
-100.032619724026
-43.151133968028
-97.271194083694
8.187049062049
-159.629501629013
146.171657633816
-42.966741212347
-151.364898989899
27.062229437229
7.98097041847
-36.23357810809
-89.320526695527
112.36822818024
-31.699134199134
-33.403877995919
100.768939393939
-77.33457552647
-164.305202555691
-38.942377880366
-164.283397591991
-138.784374154491
-174.257124819625
-19.832320836715
133.387095353648
-185.875069754464
-196.217061096456
-32.431630056142
-40.352806102318
-172.847485034497
-150.061598124098
-165.105408859803
-29.456259018759
-108.618596681097
-197.943563001668
91.736008240891
114.42077689563
-37.937597938086
-40.242305871212
-39.686598124098
-32.191589091247
-151.014128801971
75.255944630456
51.036706349206
-33.496572871573
-180.128878066378
-207.684912743506
-191.86326786278
-33.47573953824
-187.412768167163
-132.200577200577
-188.864718614719
-191.011703953598
-38.087384024396
-35.983766233766
-148.469606782107
-185.438790809885
-30.266476145382
-33.064656751668
-189.818189568678
-98.522186147186
-193.328483636589
39.747925685426
-41.079635642136
-186.753607503608
89.413940605835
-170.707042523449
-194.678050736156
-161.514790764791
-29.118223248106
-43.351293346411
-30.340478586084
1.601829539818
20.431367243867
-91.453671762266
-107.968241285624
-192.660062539457
-106.362832425821
106.481421356421
-33.204034978693
-42.466929338023
-136.888909322015
106.943385092555
23.018609293267
-168.31162630772
-175.204094516595
-153.874007936508
-159.909714471726
-83.201306451795
106.551517547123
-27.911984662473
-139.228022411616
-43.943091630592
-127.488886493281
-200.329074083469
-29.356171226777
-27.434351184839
-111.645923520924
-157.109286926181
-176.93559831011
-91.046925730519
-85.761966765873
-35.099309219426
-122.906114718615
-179.354797979798
-104.686770748782
-174.877275122881
-98.549690896126
-41.045524299919
-99.776051530934
-41.593893031881
21.188865496483
-108.311056998557
-71.900723896329
-171.10856542546
-18.840470835588
-168.05563799265
-28.912989408595
-42.357240795229
-89.09145021645
12.877537935155
-132.21158008658
43.552569148516
-128.620949308938
-116.661075036075
-32.31432418493
-89.373356190251
83.975989667884
-62.824374112216
-122.579607458514
-156.776306592713
-177.213030838519
-151.232335914953
-35.954988642
-76.448245005862
-201.786958944918
-43.078816203328
108.32619054665
-177.770714962121
-163.542117604618
-178.190004819399
-174.767287833694
-145.10788479099
137.700474330357
-186.955717893218
-214.723672974161
-98.614357864358
-200.290666852679
-160.877156751668
-98.698245005862
-88.198946073458
-158.787760416667
7.597956405574
-202.399178024666
98.365911486517
-93.84317153116
-163.61553030303
-196.663953288465
-190.050435296041
-101.771436462843
-165.630764255276
-45.184363867469
-37.202991832386
-158.705279637897
-86.723381978265
-35.909644717262
-195.201922263934
-116.556928802534
-174.16063184862
-188.499626567009
97.172709235209
-39.227932224026
-192.967512034407
13.369330864448
-43.347049597538
45.06527538217
-184.227014847132
-149.413309292704
138.834415584416
-27.747765743371
-27.777064027552
-98.358876854482
-99.595841224747
-143.304563492064
-240.40604496415
-77.754246567235
27.10752404063
-40.010039006133
-96.11813799265
-171.894923706935
18.403329119882
-199.072781385281
-25.292019666531
-157.254968067956
-150.196240445752
-76.201922263934
-174.748639435651
-97.519730649125
-33.380849510732
-173.717560651154
-35.248106060606
-95.344143161526
-102.9354052523
-20.930846551452
-140.885732323232
-180.830988455988
-131.588133708739
96.984397546898
4.829643392632
-178.825396825397
13.470859191806
-39.006854256854
-104.790133477633
-151.600100474612
-81.691287878788
-202.883457200352
-8.474407157513
-180.840756899351
-148.392225829726
-92.629329004329
96.580787647682
-159.807817995806
-184.469676536571
-39.608287112193
-155.141406390918
-135.330537518038
-203.330787647682
-29.332451890557
-38.473407343525
-10.2086116466
-158.231720102814
-84.201868010462
121.240800865801
-190.553501674107
-140.518205210588
-124.643671297236
11.914674789187
-108.81611772017
-153.972382164277
-157.654421587527
-142.348575036075
-36.918352047258
-92.373044056638
-93.541548295455
-30.019037332026
-46.512077386589
-29.208964646465
-87.668220288826
-177.152154215142
-35.215465903454
-157.353743912338
-189.263154705538
-172.5278059614
-28.176406926407
-154.319805194805
-37.729236421131
26.232233044733
-98.293352047258
-190.091290274396
-42.912046666441
-195.499992249504
-152.685703998692
-197.991264486382
-34.254210633117
-45.382596190702
-31.795016290133
-187.092705092217
-20.662337662338
-31.721588443024
19.426319204884
50.49253486314
-160.972062280168
141.836871082477
10.45538004205
-33.470980029085
-201.675955988456
-151.782279406791
-126.359036796537
-34.017328699946
-180.201028138528
4.302427173521
-40.469599031611
-142.303218428707
98.101649164637
-178.212329770924
51.813041125541
34.59958999876
-31.233606291712
-128.919622424017
-29.322441068047
-152.437036379419
-159.187798746392
-201.428481240981
-194.565643883027
-185.622655122655
-87.617123029965
-168.501615626127
-102.987922613411
-21.526785714286
-37.925234487734
-200.528499278499
-77.235381859894
-158.856864543876
12.0259944591
-177.688832380727
-33.489247243642
-172.258235254329
-33.785020968615
-155.894410765016
-35.389311643218
-32.738025483631
-172.111943232549
-86.108856421356
-102.559085554203
-142.721693779311
-24.453082019977
-111.537149536661
-30.655004283911
-137.221841038736
-156.646655238208
25.076721455628
-206.836858399847
-194.702478890467
-106.750458688447
-186.257243190837
-47.835157518263
-37.386814574315
-80.332501211896
-34.964855023449
5.810716681322
-171.63742545432
-166.080537518038
-17.56718975469
-164.468094026199
-34.529318717307
-112.411706349206
141.968315972222
-176.098422844517
13.195268815386
98.438231717284
-175.036423103806
-177.038440346546
-105.347845784858
-96.356761673656
-149.4761002886
-152.682727808216
-31.454805800753
-60.214584460678
-47.066640878653
-189.744699365305
-30.907815600198
-42.042285297168
-49.856872294372
-32.505521876127
-37.46904522344
-183.375458688447
-172.250360750361
1.69055862757
-43.795704675099
-110.202262581169
-116.468524531025
-97.793650793651
-192.570825441919
-33.560126939033
-35.148420589827
-84.140782828283
-125.88846613456
-0.128239002751
-40.694784761679
-141.340084719968
-54.696075571564
-101.541666666667
-158.082148212031
106.407565470554
-38.105346855835
-141.839917027417
-85.926919868326
-194.527146464646
-146.739197922303
-96.216810966811
-31.110049293155
-162.965429969336
-171.475371037383
14.988746984352
-39.83190301452
-149.90386002886
-141.148629148629
-134.481982915088
19.93828350469
-29.245941558442
-74.475837476326
112.819436693948
-96.221480288375
103.608688728806
-38.189775122881
-191.532315340909
-99.692628010011
-153.721390100785
-206.547910043516
-37.200840012852
-144.374737187726
-201.936868686869
-193.711752711264
-31.377234256629
-169.359647676542
-80.933552179158
-43.568161385056
-141.626262626263
46.958771588654
-100.615731111337
-92.921696738591
-180.88255532445
-90.125981846929
-70.841798284181
110.417228225334
-87.030102221997
-161.701850043403
-32.831070893083
-199.838842526831
49.459214776109
7.215458152958
-37.613636363636
-37.459423334912
-147.803563678075
-161.731581298476
-203.149350649351
-155.868388122294
-105.671647417253
-155.343676722583
-148.65567153116
-90.963195712707
-185.308601500496
-181.127795815296
-36.370781616387
-21.296724922213
107.27112432923
153.649000115553
-22.543733230745
99.064484126984
-191.652076710182
-151.150232092127
-192.276076896194
-37.002455498061
-179.033008658009
65.414120981016
-174.582050273945
-202.340568773674
-30.983683796672
-185.625811688312
-42.568431947826
-135.050865800866
123.923520923521
-167.364087301587
138.540313852814
-35.789030793425
-34.395111832612
-27.558621933622
-121.369838874233
-146.394570707071
-36.629050691062
-72.625257880141
-24.524142090548
-188.689143809749
-185.391045640557
-38.781282411165
-87.685237559749
-168.84822203621
-93.551226551227
-29.950396825397
-193.713633968029
-197.071706884695
-98.587870896465
-156.766893262987
12.927316552805
-172.41628548318
-29.200569450081
-32.986221731827
-188.922448889002
3.585487618935
-32.135253201659
11.315476190476
135.643599076705
-159.476489222583
133.660724502277
-192.097771098259
-37.162837921627
-188.572698948187
-177.450917517812
-211.733196924603
-185.855186913781
-94.57979558419
-33.71156740395
-174.974837662338
-184.773879278274
-33.909070475965
-26.340257344652
-144.841468183509
-158.311595658031
-40.337293836806
-34.908668154762
-30.936335311824
-152.639893635011
-186.347773564326
-29.942751313357
-118.1829004329
-39.2787825239
-204.589618281024
-63.114275427264
-126.505851976799
-135.409722222222
-37.06718975469
-31.047340734352
-152.276043780438
-29.142313551249
-179.127074314574
-149.664582135529
44.764440230993
-27.349747474747
-65.936389565296
-195.938742193137
-65.223747660759
-158.821899942505
-33.087834962347
-168.34995603355
-93.333124774531
-138.916674417163
13.128509565521
7.242985801091
-87.81729262491
-55.98060966811
-96.242063492064
-189.103896103896
43.124250315657
-208.55075518015
-198.487943046537
5.532640157152
-53.366349741838
-144.179362683757
-36.215174907558
-196.241702741703
0.050587487599
-112.660922844517
-74.474925383861
-164.946067821068
-190.076035889024
-150.007387631899
-89.881215193227
-26.356962481962
107.586507866049
-33.40482390873
-142.544171486066
-178.523732018849
-170.358606291712
-189.990079365079
-106.75295575735
-191.959145021645
-127.292741167253
-155.279393403905
-75.676767676768
105.754259249865
-32.786623912112
-188.15194565634
-90.92594823796
-33.238095238095
-56.991321558216
-165.902159147276
-37.661969161481
-35.483786666892
-19.224817229212
131.916653984037
16.535624098124
-37.286806753359
-114.1847119352
-93.914924918831
-112.921106291712
66.766246448864
-29.147887214782
-36.780192409587
-79.794532236427
-99.400723896329
-122.159972351867
-128.430364963812
-190.493326118326
-195.452393635011
-31.224316969922
-162.771645021645
-200.569637502255
5.810708930826
-163.327540894435
-39.886806823819
-180.759497880592
-34.080705210588
-47.278659220554
-35.741362424468
-144.843704906205
-212.080364893353
-11.996753246753
-34.779741471636
103.790223665224
-173.676239233856
-165.697080317686
-206.422165643601
-172.022296767902
-210.809263463316
-23.004156379645
0.038007375654
44.976262696722
-89.613824489313
-76.531503652597
-70.393017084912
-193.727620795004
-182.439233997339
-214.897809709821
5.314386188898
-157.146554834055
-188.751631127119
-28.288128917523
-53.654663966676
-38.838023088023
-34.409722222222
-187.138986826975
-27.761363636364
-82.234098800505
-43.18671649531
-35.598124098124
-166.110930735931
-35.696941513348
-28.697851139746
-37.916097357504
-173.137453637942
110.502061631944
-85.282003911887
-170.171426175821
-31.862584762243
-27.958513708514
-165.621031746032
-177.525974025974
-29.687870966924
-145.683178746167
-30.426149046266
-163.894189523584
-158.904581529582
4.265081760687
-178.938492063492
-26.454754013348
-85.396547083559
-89.698080131674
75.757686378292
-148.036345598846
-33.015424543989
-33.018766769255
-98.659541847042
-32.007916074811
-188.554120304609
-51.125793721253
-155.96619233631
-96.500541125541
-32.727174789187
-206.225108225108
-41.561680561192
-110.999069940476
-31.894009148404
103.212031024531
-180.034361471861
-159.855978168966
-145.437111066017
-80.82033856985
-157.210505585994
-183.422639480745
-193.113566609172
-27.571067821068
-150.65595477656
-92.136162828057
-166.587412208018
-156.771194083694
-49.358134920635
-44.032815600198
-156.929202741703
-206.234307359307
-139.475657101145
-139.692341946248
-205.594869594381
-30.345889841495
-180.452491573097
30.350628917523
137.141323953824
-200.913989222583
-30.907918470418
-102.134900201795
-26.984024113907
-99.94524838226
-65.172348484848
-136.080336709731
11.148448773449
-101.9122062562
-29.639259855813
-89.086928154311
18.449785945391
160.847833102228
-41.604339291351
-82.840347532242
-193.816829004329
6.484840734352
-89.969689219201
-0.492181863276
-61.612742238231
-196.176316738817
-140.480166480655
-195.994678932179
-136.808108991703
-107.945444258433
-70.424152236652
-177.378489132395
-77.51712789164
-187.16341991342
-86.336038961039
-153.695915629509
-107.781586089692
-97.177878111472
155.195276565882
-133.789494414006
-39.147116392722
-92.708160708649
-184.927045990034
-84.320346320346
-31.171827792433
-92.946420820933
-32.952659265648
-175.294552669553
-102.618346551452
-186.745580808081
14.60473597583
-97.358946608947
-142.56555862757
-35.189754689755
-34.918498602092
-188.942981009876
-36.086391960904
-153.672000417118
-159.862000304383
-90.813685121302
-35.980769610164
-179.830107013212
-98.165251848846
-32.839917027417
-28.46167027417
-170.139971139971
-161.173049552444
-168.309433621934
66.699404761905
-75.998093377976
-104.536407602814
-209.869818088812
-166.421717171717
0.663219105114
-157.869691614809
-205.912067099567
-156.213383838384
22.847660477543
31.638896639385
-199.46435546875
-91.123765557359
-36.523366336355
-162.762716450216
-201.117236116748
-166.483196924603
-35.619761369273
-87.870691428797
44.540293419688
-171.332599149982
-161.492436925054
-88.993936998332
-28.941731066243
-36.293650793651
-40.242514430014
-30.241973304473
-52.857926361833
-39.003849882756
-203.975378787879
108.974567099567
-142.98060966811
4.135351139746
9.494957245446
-40.292560792073
-158.388437950938
-85.595799653905
-184.20740327381
-40.038940605835
-26.860312105429
-36.197358630952
-37.379316321699
-201.69854410455
-202.238816738817
-202.289891098485
-53.393656148539
-112.742362238456
-89.284722222222
-190.052205932089
-79.194812945301
136.343035192889
-186.173971861472
-61.76165463226
-143.006764069264
-118.455630171695
-22.092163966676
-33.84594691333
-36.591818717307
-42.921176046176
-203.948801632395
-80.608307545319
137.047701484713
-177.797070171582
-97.493879926497
140.784964601371
-24.764728760823
-26.653607433148
-157.157738095238
-186.824765512266
-145.699322324811
-141.824667574179
-174.841069032964
-28.035070289953
-109.699945887446
-138.070907879013
108.923077736066
-138.962584832702
11.446521225086
-140.859377113772
0.774543707161
-37.515873015873
-43.201999768894
-26.208000766595
-178.649100519706
-70.782836033324
-158.071330633342
-39.216429783324
-48.667277546672
-185.487644300144
-203.526342526831
-178.207333519345
-190.535902411391
-174.497634689529
-185.977195222312
-191.618444489538
45.079485916644
-37.380328818317
-41.266414141414
-160.456356956845
-170.015422077922
-71.541756854257
-201.497023809524
-183.626796001308
-187.841262090774
-195.576479076479
-59.252324444219
-133.645923520924
-158.240640923746
-32.071158008658
-77.775793650794
16.459415584416
-38.240731111337
-52.645111832612
-189.094699435764
-182.12231480542
-30.694292252886
-128.288801096907
-36.705828513934
-82.020755828373
-28.144230389836
-28.32520869972
-170.384822696834
-177.224123912112
-186.960670460182
-92.847866217983
-196.824868382486
131.091821183374
-41.007034632035
-159.241419496302
-43.10675392316
-143.703130636724
-92.59544665404
-183.047278730384
-29.07233044733
-148.357946794958
-179.909168414051
11.88103235198
-95.878246753247
-158.390138832522
-158.167465672348
10.021013708514
-181.630784688402
-192.869325932314
-159.120761183261
-166.03363997114
117.493769305781
-107.668740981241
-85.815476190476
-96.132763883252
-45.400370896465
48.361111111111
-39.866800679789
-159.155032467532
110.017849392361
-84.477272727273
-176.966470649576
-186.578213073819
1.836667808103
-178.659188847177
-153.622474747475
-140.39152476213
-89.698433131539
7.648476957071
-124.553202927715
-31.144307894796
-162.380658918989
-203.163579855474
-155.297077922078
17.548198573345
-89.570977633478
-35.156305310358
142.934997646668
-38.279130591631
-173.439656751668
96.282557720058
-92.210588023088
-195.73297497858
-88.623206464759
-166.516955266955
-38.59405790607
-94.771173650568
-166.98538961039
-171.63274838226
-147.544359611742
-88.417277546672
-121.941540474499
-156.995480403928
-34.479506983902
-61.236853044959
71.759902667862
-176.968156030168
-203.455918701524
-90.317702696609
285.145750896239
-41.652437460543
-157.578914141414
-190.311507936508
-172.770936203553
-90.503246753247
-30.127074314574
-90.217171717172
42.044191919192
-192.812528183622
-131.645292207792
-97.279589280078
-194.310626493732
-199.835788831394
-36.98060966811
-38.806088930601
137.491182049288
-34.677566682449
-38.805014430014
-26.683170995671
-123.360848298837
-134.674340362329
-155.456238585633
-192.617596867109
-77.625548876037
-157.257277011183
-32.528318903319
-154.132854070842
-191.02189515129
-143.984397546898
-171.129968067956
7.690123190611
-57.920093795094
-140.439574314574
-96.593524531025
-106.572482638889
-28.372003376398
-152.613924893466
47.775170088158
-82.656106968119
-139.261301632395
-149.22382516572
-161.649350649351
33.12003968254
-173.264687894571
23.07331229426
-194.008900387807
-83.468356838474
-69.443612323007
-45.223214285714
-31.198072381178
43.09423828125
-103.7472119352
-150.619297748692
90.695676421018
-109.019189523584
-36.365079365079
-84.36553030303
-137.954738512356
-38.700126262626
-146.45174963925
10.964195526696
-44.897990085002
-186.385309568903
-175.981158544147
-100.971750851145
-73.639728760822
-5.672508426903
-190.169552669553
-118.050865800866
-92.568362193362
-94.941738816739
-152.215888657783
-113.382055065161
-89.47296415607
-184.82952502142
-141.94713738952
-36.244428802534
-191.061327561328
-146.354158916171
-107.652396594291
-158.161776103671
-84.388868455763
111.222234904852
-187.245031932044
-33.872835497835
125.185077617695
-191.601473721591
-48.477342481737
-97.76164194963
-162.233495670996
-78.388445701434
-118.825778008883
-110.579648324766
-44.715367965368
43.505591630592
-114.786948728355
-158.768581109646
-67.675657242063
-177.489628427128
-174.265053577065
-155.700494763483
141.93444137243
0.688453663307
-30.599025974026
-33.792478354978
-189.79607810809
0.073224572736
-182.762819320436
-176.863829421447
-108.907898037293
-177.351633663645
-160.92306998557
-87.087870896465
-36.102071918966
-151.782385095373
-169.105637851732
-141.021887400794
-28.931068497475
-42.322621443227
-126.183330937725
-35.381653448548
-29.371634875541
-187.372106246618
-185.413808847403
-147.173603360615
-132.330467763573
-33.947248010236
-183.505931947826
-123.984307359307
-174.869305499188
-34.478326794733
-184.67966143015
-29.639332076344
-32.823572640467
-92.996823001218
-100.603457848575
133.940656565657
-188.713113275613
-33.105519480519
-36.474484662473
-140.419261673656
-148.168740981241
-48.929292929293
-60.62022005772
-3.234057229663
-38.051517547123
-27.263249825262
-197.204545454545
-173.860500231106
-49.463023088023
-202.029318717307
-152.32042875744
17.531916190363
-39.582599149982
-165.8798828125
-142.724579782197
-202.613706118101
-154.726530793425
-161.008207070707
-28.617895613501
-165.429452871347
-33.91907354798
107.177501860119
107.955434647817
-94.786152541035
-163.456591585498
55.232413419913
-33.96109849894
-98.960399897412
-89.113553926542
-34.836301773313
-185.31162630772
103.94342419733
-30.760551948052
-158.923992294598
-149.635088327471
-100.477525322984
13.378267186373
-206.969975282964
-33.888437950938
11.696351066468
4.226108039096
41.855158730159
-41.450306637807
-118.919462481962
-179.884399942505
-176.09413541103
-138.964826839827
-205.364530489042
-172.093733089827
114.50565363456
-199.409639785128
-36.750358284294
144.773059839466
-93.425685425685
-32.041494041982
-140.19523569963
-28.605859797754
-23.570279031949
112.898636899125
111.643300330312
-86.673693548205
-161.121212121212
5.72295147344
-170.594606782107
-142.330509334416
-170.540506910624
12.953906390918
-30.9329004329
-30.900272958378
-29.931477864583
-29.332902828508
-171.565115440115
-189.253968253968
-71.213924963925
-30.564463693858
-110.196451470621
-76.574953637942
-182.136183261183
-195.099567099567
-183.208062770563
-159.58944565634
-136.3988997114
-151.769632711039
44.234147417253
-59.359384864268
-59.567669228558
-100.24694137243
102.07033856985
8.936425499414
-39.7472119352
-99.781836219336
43.807727808216
-57.33953584393
-129.24827868529
-190.611471861472
131.565025252525
-36.183872063267
-201.3508170432
-146.365447865936
-176.815746753247
-92.746634875541
-36.391682238118
-91.580627705628
-38.12958688447
-169.267697200803
-191.640360073954
-30.619047619048
-30.760482193588
-171.420176232188
-38.056256623151
-150.800955988456
-148.347582972583
-182.162871037383
-181.622011126894
-90.076105643488
-28.81631606241
-89.72591991342
-40.567197505186
-97.270665640783
26.542388167388
-33.237435741342
142.548603360615
-91.841630591631
-207.426747243642
-165.297897360886
-161.609029046041
44.008415629509
-193.974997604392
-181.903597216586
-191.640602453102
-96.547320301227
4.680666176272
-63.640713073819
-104.568181818182
134.182371989989
-1.397193897682
12.480692105204
-170.535366217983
49.034529164412
-154.456779711174
-196.711129148629
-48.194333823728
47.428213144278
-101.120101686508
-102.529228529717
-149.798590677985
-78.308068125451
13.292578759131
-36.667748917749
-26.483036982549
-183.50660412721
-36.407828282828
-145.932088744589
-172.07702020202
-147.696165759154
-26.479707792208
-135.651515151515
-40.238262930646
18.394583389701
-133.03572203621
130.484425730519
-88.358145137198
-39.020652958153
12.645915770427
-29.606310735705
-118.750824370942
-191.917957476551
-39.358072916667
-70.212093028499
-32.293089234984
-96.464736652237
-32.488337617244
-51.099727041622
-183.996913188808
-66.534701789096
-96.144147952742
-33.988087487599
-162.14995377886
-157.126443001443
-30.69724025974
-181.349399407017
-197.39638220937
-20.677128427128
11.783439162834
-63.242223434118
-36.443354442866
-38.478264790765
-141.293400664006
-47.253517316017
157.02798633658
-114.783828096816
-27.871052179158
101.911706349206
-179.156135151741
-200.130128010011
-199.271645021645
10.053190245085
-86.575458829365
-1.916859724477
-91.762966579861
-93.999541311553
-0.332993016098
-14.249000186012
-163.423771053166
161.42516473327
-79.65594209393
-197.035263347763
15.409644717262
-205.266393708288
-37.314674718727
-197.76643457454
-132.382305194805
-39.002344877345
110.919751011792
-110.536463970058
-136.943529885913
-25.075098079004
109.467249222132
-156.200196017091
101.038151816716
-26.532168786075
-157.48747167546
-194.64238577178
34.614267676768
-88.840728715729
113.038311758771
-46.672869177264
-177.224324720418
-39.480248917749
-150.229006724612
-173.64508364899
-176.999930245536
-154.897915398404
-97.672258297258
-31.942931688537
-192.907738095238
103.137976796424
-32.788710909316
-189.301409392474
-158.869408369408
-157.118115093457
-202.4469823796
100.447129639024
-90.865793115305
-169.963641718524
-89.964404085498
-192.60865561305
-1.669284572849
-21.758116883117
-34.860832797845
-86.92957124256
-194.7194059738
-171.382395382395
154.542089420996
-40.540854978355
-170.592429597312
-161.313754875767
-33.617305871212
-176.829357328869
-43.26453288465
-96.988553926542
-150.296369103986
-102.354437229437
-153.001004746122
-195.712945583063
17.310245310245
-25.330475514069
-186.335379464286
-115.494518990124
-146.686405066288
108.936958874459
-142.438880997475
159.745642812049
-139.294475164592
-187.056104431593
-28.650072150072
-153.099386724387
-88.619588744589
-196.330599522006
-46.488205858811
-42.804210492199
7.929030117018
22.136531328914
-43.766426824044
-99.553841991342
-35.548819669913
43.90376984127
-37.539432410038
-34.999340503247
105.920982988366
6.082704486269
-102.66036128585
-32.189205813718
108.654491341991
-31.068702510597
-37.025530838519
18.392869825487
-32.520750896239
-34.85301466112
-36.973554602949
-147.79606542546
-40.000381183487
-156.285714285714
16.964375901876
-123.236291486291
-121.487546362058
-196.406204906205
-174.945957200352
-39.010920448909
-166.361770607864
-173.837925149937
-152.713945397051
-197.406939089556
-146.431346810741
-44.156926406926
-87.150953592848
-29.361391890445
-23.875721500722
-118.821776639159
-143.337133894751
-140.999000186012
19.392145858699
-34.73079004329
-200.346070216676
-154.002267372385
-149.988804056187
23.223113881561
-182.97670341811
-196.864607994003
-188.685799118416
-99.123556998557
-105.872204184704
106.581266769255
-197.003857633252
-32.627898685516
-4.426406926407
-198.778296004126
117.744977678571
-32.724234532828
-184.231302985209
-148.809683751578
-167.280282597177
-166.903318903319
-147.477896289908
-198.059696434208
-189.388909322015
-90.607315481827
-151.742978050595
151.437041311553
-162.607926361833
-29.375659496753
-185.335505585994
-91.944805194805
-100.123819810832
-36.196997880592
-143.343905714511
-85.018856956845
-163.980601917614
103.92890399531
-139.130481009876
-192.481313201772
-33.272907647908
-189.518217893218
-82.199502699991
-28.526322093705
-29.814095193001
-86.326126076614
-68.679272496167
-108.969807590413
-36.62029756268
10.050033679428
-196.812049062049
-189.79014122813
-37.186347994453
-146.81747300009
11.676113464444
-37.819354256854
-177.856331168831
-151.696608946609
-153.466069032964
-144.234307359307
-38.400683030078
-179.958866708378
-36.235930735931
-72.351891543786
-46.161443536932
69.900945842352
106.288968789457
-28.387453637942
-123.041416537022
-165.129128196023
-29.549610925099
136.014229206124
47.477195222312
-103.266143578644
6.374175629058
112.343060910444
-154.858696479302
-189.273088023088
-138.485139480745
108.279710117357
-35.402064027552
-34.551206118101
24.090179839692
-34.065448006854
-78.657565470554
-34.688471630366
31.876373246979
4.481890261431
-146.751685380592
-32.469439089556
-204.825577200577
-127.47774409835
-37.145292207792
-193.18501314766
-29.336038961039
-186.925054112554
-96.484397546898
112.543192105204
-83.166416537022
-32.538231787744
-83.666749103761
-35.991050995446
-135.317620259515
109.002071848507
-34.495490620491
-37.381666131178
-105.520402828508
-191.22418591608
-87.349677720283
-13.028306220689
2.594544778139
-78.282565470554
-93.664141414141
-174.409964601371
-28.637896825397
-168.196055138438
-193.004890562996
99.937922754329
-47.803398803887
-182.169282106782
-246.906939089556
-97.126540939529
-35.895202020202
16.897284085272
-139.961211585723
7.978184819738
-42.164234067799
11.876693131088
-25.378489132395
-38.596328096816
-34.471791717397
-195.627803565792
-105.409683822037
7.826999768894
-99.824953637942
-158.908279220779
-93.897997835498
-170.055978309885
-32.69733044733
-160.321511008523
-45.777118281025
-194.318349510732
-35.978424732819
-85.565213378202
-161.413989222583
-103.994838874233
20.372593118687
-37.131194760101
108.230259134312
-144.35586754825
-144.267578829591
-78.716151470058
-97.780405900523
140.271444213339
-33.65367965368
-138.627525252525
-165.882034632035
-66.288038729933
-41.949044011544
-30.950549016955
135.962020807968
-33.797709235209
-175.315226060832
-163.449327256944
-159.42088505028
-38.250020433126
13.768841455853
-65.371585554203
-29.046356421356
-42.137736883342
-127.541145974251
-39.937950937951
-45.02694565634
-40.355511730023
-195.913752480159
-172.498196248196
-24.260745005862
-25.021755642361
-31.350391470509
-19.009281571293
-29.350399221005
-31.576847577336
-33.273982148494
-136.693632756133
104.441017316017
-142.822974443092
10.933248500631
-37.698412698413
-29.084915843705
-36.709686147186
-204.078561141549
-40.097783780889
-94.50678450239
-140.857385236292
-180.147346089241
-30.199044011544
54.071268629374
-120.727723665224
-138.567661125767
-192.334784085272
-25.583854025749
-177.259289321789
-205.686417748918
-5.421614301497
-109.349948283054
-36.564306217871
-39.05275974026
-50.907078598485
-32.179756549874
-93.955274705763
-190.441829004329
-153.835948773449
-198.285726968344
15.783930967036
-150.026723710317
-118.127525252525
-30.71357196406
-169.875541125541
-36.744498556999
-99.717101962707
-38.295073361968
-15.613293580335
-25.505591630592
-190.627254689755
-84.609868917974
129.29806998557
-91.967261904762
-197.18759018759
-131.944743190837
-103.223021227904
-27.390880766369
-116.640963203463
116.551517547123
101.280573593074
-181.968614718615
106.845529091135
77.125961413803
-153.185265743371
-76.309420939304
-110.622364126759
-190.221951659452
-43.982483174378
-29.542736235119
-160.793297793786
-43.977105034722
-41.950306637807
-98.942628010011
-90.828553391053
-141.834686147186
-201.890901199495
-166.395833333333
-33.591970908865
-127.526314343209
-34.43759018759
-4.956807894796
-93.577491573097
-19.87029756268
-179.928107807991
8.446158008658
-164.109315109803
47.134670505276
-159.920655353761
48.911366031971
-96.636724386724
-176.460747965142
-106.273088023088
-162.662219291126
107.736093144052
-185.837002840909
-28.884289321789
-151.852445351957
-88.936585441468
-39.195719753337
58.917906393736
1.445336103783
3.944727689845
-155.722791531385
-75.381403318903
157.636253015648
13.374626567009
-90.964666897772
-10.817620259515
138.016081574675
-180.737997300009
-210.464739118304
-96.468151098034
-121.884121629239
-164.898366336355
-197.183995366613
-171.523067589962
-96.701270517677
17.055194805195
-160.562938255321
5.659621818069
-73.497827747339
-103.021464646465
-163.96836458897
-175.312868500857
-30.787878787879
-58.65317199619
-32.974116161616
-191.185057184569
-178.63168163217
-170.863102988591
-96.955808080808
-192.629267000361
-148.35770441581
-41.949597819715
28.314561631944
-36.926829680736
-40.741079179067
-175.493248613366
-154.099386724387
60.547536610525
-75.917047850153
-197.807261369273
-161.641032957928
-23.403839595734
-194.810668064574
-34.101613230519
-68.402249334867
-99.899280894886
110.335685961174
13.377053881448
-28.313332121438
-193.754238816739
-185.478813666802
-69.913128917523
-111.285201343795
-22.107676232188
-39.322858890242
-36.047248080695
-91.313053808171
6.341901154401
-42.80197623557
-31.984196738591
-167.880952380952
-86.744588744589
-187.794544919057
-166.101711168606
-189.15316671176
-188.701819393714
-106.040466044372
6.930645743146
-33.841803216315
20.328270145653
-148.965728715729
-28.363896709844
-80.046253551136
108.940576594629
-169.888180070797
-132.726752034858
-28.777236652237
-93.48644367785
-187.201811643218
-197.36229130028
-133.788517851506
1.523438556886
-161.083944213339
-82.814955498061
-43.497196434208
-26.215298210904
-91.57980826682
-192.47296415607
-210.036525974026
-33.734766047754
150.179743867244
-144.713273217668
-147.927427525816
86.263139204545
-32.096611342217
-147.986221731827
10.8152880648
-180.059773939168
-30.787816783911
-196.694972887356
0.094586348981
-74.021572801114
-32.798582927489
7.77129202178
-205.448621257215
-95.946608946609
-105.845485758816
51.563110880005
-35.998497460656
-153.070596449991
-35.809704184704
-158.705238771645
-68.336317274306
-90.643931643443
26.449482266865
-172.231441789547
-35.383560070572
-33.82196969697
-162.048520923521
-169.733738050144
-149.030130405619
-38.393746336129
84.254058441558
-33.095586162969
-120.514680144075
-192.545774077268
-190.030135337753
-162.541666666667
-157.531939089556
-188.73576304338
-99.027888398494
-25.66888788837
-39.122835497835
17.181648023201
-160.455086580087
-149.305828584393
-172.790133477633
-101.368235930736
-54.739468485074
-100.841442465954
-32.312020878427
-201.462600333694
-106.60560966811
10.526695526696
10.165656636116
-162.401445397051
48.20975590165
-188.668753663871
-177.96539614899
-34.658660404266
-186.694805194805
-40.482212611607
-147.72418591608
-200.409361471861
-204.802481426993
-36.982413419913
-38.901244588745
112.548721731827
-124.110722177128
22.279470908865
-148.81509500699
-32.888528138528
-21.855679422574
-33.490097332138
-41.256336030506
-34.555096867109
-195.325757575758
134.708050087933
-102.498930431548
-147.691759249865
-38.340728715729
3.403507028995
-30.020472582973
-192.981539727634
-123.042470604482
-34.309511126894
-199.66168591608
-179.887175324675
-174.572670764565
-115.277798210904
-45.502512569895
-80.713030838519
-181.753878066378
-98.539301356196
-158.302551181457
-189.893508889114
-145.970779220779
-130.296433926317
95.208544358203
-36.931650489268
-150.619658499053
101.256320881809
-166.029852092352
-133.119305499188
-93.472229972718
-147.919261673656
-208.78373015873
-159.560946377841
-174.337961084055
24.354419262378
-76.087765207882
-107.581189264295
-39.08467839669
-143.651272772367
-150.23738148787
-28.049961458897
-27.091999092487
44.633137316243
-167.626893939394
-83.248469277034
99.138778268173
9.91524409835
-24.397286551339
44.752254689755
-161.705287388393
-80.154138342127
-168.214092656476
28.190135873241
-185.796918332319
-36.371670809659
-105.834886955492
42.86726430037
-172.703643578644
-180.683469742064
-38.318174067686
-37.980241167253
-188.292658730159
-198.893681513799
-106.362824675325
56.950948167501
-189.691488687094
-146.330066146961
41.642303334686
-28.16054166103
49.854465413059
-151.59340334145
-113.449224386724
8.659083158595
-91.291576479076
-169.446686451569
-153.524531024531
-163.724394474883
-100.472693593299
-145.052579365079
-174.768959827065
62.13474025974
-41.856068356557
-161.236853044959
-165.734758297258
-41.831459827065
-36.606962481962
-37.681630056142
-11.476512826366
-155.370212307224
-147.906465252413
-138.24034992785
-119.611389424378
-98.021657704275
-102.421446608947
-159.409541847042
-37.409541847042
84.042720734127
-209.183621933622
-197.192821067821
108.656676277282
-181.913981472087
48.939226246843
-36.094086089692
-46.967885467397
-166.157016594517
-35.522554648043
-190.579465483518
-135.107856607368
-188.197678515061
-200.087489712978
-42.183539496528
-37.741460362554
-168.914752294147
-161.921454359443
-158.981228298611
-39.013180070797
10.734064980159
-160.217622655123
-170.669655539773
-134.915051040539
136.563742193137
-170.655635597042
-189.05990499301
-34.083977329095
-99.998118743236
-29.203275077787
-194.230081225198
-35.159972351867
-83.155656030168
-187.383946538488
-167.490891053391
-99.241514616026
9.025625958243
-33.219508844021
-198.610016177399
-152.465999278499
-40.339666897772
-37.555555555556
-45.852994227994
-156.453721083604
-196.917498788104
-167.988484172078
-31.891774891775
113.94752878957
-49.172619047619
-155.230248917749
95.197871572872
-92.192919005907
-32.99253486314
133.593421660804
155.449595353648
68.772374272863
-150.540404040404
-34.446691383703
22.377164502164
-97.338576896194
103.409812409812
-176.041875225469
-58.320998066604
-30.460588023088
-35.7904117909
-204.053432271938
-36.080266955267
-41.104875484758
-200.646312454906
-183.876693131088
-175.904962713068
-31.599358540765
-39.193091630592
-162.592872784767
-28.036914908009
-39.863283363772
-42.984598355204
-195.202862540021
-143.187069495175
12.346750851145
-90.436840503247
-161.800705858811
134.546794676677
-145.339917027417
99.48626330267
-162.842189684231
-169.812437996032
-44.080349392361
-35.435536306142
-203.748745124233
-94.604715542704
151.029589280078
-113.981509077945
-82.906467718479
-179.426226551227
-184.840527907422
17.525290925437
-160.779401154401
-84.652605153093
-146.173422985435
-31.891947516459
-190.92984180533
-32.180104617605
-36.351940160534
-36.596799467893
113.815934878923
-181.434523809524
153.950036075036
-182.13674481985
-32.680707747114
-102.969073407062
2.115071614583
-163.023879278274
-31.140352323458
-160.735742610254
-173.384039192145
-86.257916074811
-35.053050736156
-28.758047128653
-30.905045150162
-30.298623793741
-186.183073057585
-164.039494414006
-167.944632570121
-159.579988642
-78.071699134199
-30.106601731602
-100.572248010236
-153.215347532242
-84.680617559524
-91.910796722808
154.529019970914
7.406676277282
-42.666596912202
-26.197781385281
-188.744686682675
118.809894776448
-44.067620259515
-87.254058441558
-186.017316017316
-87.341620375068
-157.45488577178
-71.001360564349
-37.236028674017
-146.87086933791
-137.291014920409
-181.14324607684
-38.16773095069
-105.239458268511
-135.580537518038
3.548320115215
106.537698412698
139.667941975559
-107.457062956575
-31.270812900207
-141.238393984488
-166.364718614719
-191.534193779311
130.55707077753
-151.749376437365
52.717444746009
-33.629218383613
-87.821851325758
-31.090388398494
-38.555292743281
-25.901154401154
-204.648971931931
-36.849629103535
-156.012987012987
-35.341831399937
-163.888430200442
-36.161456219562
-95.328983895878
-35.099234532828
-23.837314269931
101.857413419913
-81.149791370739
-133.26146157445
-185.876922123016
-28.128226320121
-83.60091991342
-34.868784806773
-152.719877344877
-214.7306998557
12.818161385056
-158.253875600311
5.612201112689
114.976257764588
3.556485615079
131.338682584776
-32.462904716811
-175.675136549648
-204.069444444444
-176.07233044733
-162.021366708378
-36.700930200442
-39.006403318903
-111.11213171052
-152.482503607504
-28.288151816716
-189.220119371731
-190.404561096456
-122.007207256719
-194.093725339331
-34.528589466089
-156.069191848733
-127.733573175956
-22.955996206484
-134.777597402597
-183.709477588384
-168.32207256719
-40.347500535489
-161.251242193137
-106.517586580087
-202.529463158369
-36.397928081034
-106.125340317235
-38.326028138528
-200.600108225108
-99.432331123737
-33.125159942054
-40.707000952606
-94.105248917749
-37.690406436012
-23.487742238231
-91.837481962482
-34.519001397908
-183.500479121573
105.398178210678
-186.16216750372
-191.719163594652
-193.532369594381
-150.646296953914
-191.650342712843
-80.975476725965
-159.368576247971
-89.053481240981
-99.56755050505
-80.251623376623
-177.087211399711
-25.127344877345
-178.954192454681
-80.406001631832
-164.383395196383
-38.296446608947
-154.615702927715
-191.934974747475
0.661816969922
-171.380210447105
117.325378858338
-196.871655308667
152.464293464782
-187.452373201885
-184.417277546672
-176.028700086806
-152.112734487734
-39.280483405483
-147.103264790765
-36.670274170274
-44.201097892992
-40.457972582973
-30.430215238321
-86.340367965368
-146.798360981466
-157.47522659632
-34.058794558306
-164.843073593074
-174.874188311688
-96.896116578734
-34.594426406926
-38.443161385056
-207.478326794733
-128.280303030303
-157.648549177602
-96.142323767812
-168.045343924738
110.296356421356
-31.106884977002
-29.045266419778
-32.563131313131
-73.682982869995
1.121142366748
-190.620330678436
-101.782189219201
-158.568460131448
-36.099755225244
28.401304126646
-81.375520692415
157.656364848259
-156.402396594291
99.24321549761
-172.801657056052
-76.650412467307
-185.391130896014
116.344957315905
-193.127803565792
-158.420003607504
-29.081689523584
-27.396103896104
-191.026355209461
-41.378808311914
-54.782725412608
47.433163245175
-190.056174186057
48.158439162834
-77.834603710092
-121.439865310471
-121.035443722944
12.454725829726
-36.581008889114
-29.774531024531
-204.354978354978
98.445645066739
-183.830357142857
-149.235379393827
-196.297799422799
21.601383534001
0.836961270067
-197.960941022953
-26.24981962482
-164.205607272502
-28.243223248106
139.918101917614
-164.009990389385
-147.92765687004
-20.470238095238
-163.228264790765
-126.786997345103
-30.395382395382
9.659712005659
-175.65414327426
-37.214764835859
-31.60119047619
-177.084415584416
-34.545524299919
-19.484647676542
-92.110652422664
-161.067640692641
-108.961198903093
-77.484405297394
-29.511786390693
-33.393295398178
-35.961559653454
-25.885281385281
-111.221521154627
-206.830519550979
-33.864788369183
-24.805936739042
-85.101994414006
-0.389177418718
-138.905926592938
-140.578435019841
-23.132637761544
-172.132096636003
-151.705066146961
-32.203733766234
-187.637536075036
-190.856589048972
-35.15482390873
-152.50009018759
-174.225530979437
-171.358835988231
-15.765602453102
-184.94923213722
-85.862927545545
-98.701020388032
5.481233230745
-180.061405066288
-27.126741747835
-163.517684518173
-188.442300375406
-43.065826724274
-146.619769119769
-181.721170620829
-80.507106852566
-160.608225108225
-31.997023809524
-117.402417027417
-186.383297258297
4.71931578621
-85.215978845373
-200.123196248196
-159.963726621686
-96.701035889024
-37.859820301227
-163.8722119352
-198.206730389836
-40.859307359307
-24.32224025974
-37.066898758793
-109.754800375406
-144.484369363276
-37.438201067596
-30.718372339466
-36.943625005637
5.405060651154
-35.062221686733
-190.172869177264
25.481571081913
-169.292408600514
-36.776342526831
-2.63042922247
-145.993715052309
-45.165975815634
-88.825868196474
-23.374438441333
-36.687790995896
-108.876172438672
-33.855601917614
-144.163878601867
-30.467723059276
-106.036172974161
-37.709134805082
-29.305398079568
-84.016586766098
-205.359467301362
-125.615800865801
-117.664058977047
-29.305104617605
106.566578874684
-37.913267721861
-47.576118326118
-147.383199320211
-177.667748917749
-112.203893708288
111.812507750496
1.03154522344
12.691808571203
-94.917297979798
-35.749381369499
-112.806630056142
107.554723434118
-190.411165223665
-83.738296046402
-39.505161125767
-178.477071918966
-30.207513894526
-28.839295930849
-71.058461991567
2.424172669778
-168.886523578418
-159.43377412518
-23.977182539683
-40.496843434343
-18.647186147186
114.216782783189
-9.601198226687
-152.619871989989
-79.262806637807
-159.609768513821
-99.153058557111
6.78823953824
-86.874971816378
-109.423098169192
-188.622835497836
-94.603112599206
54.481163476281
-132.637265512266
131.638167388167
16.230509263957
-47.011355885868
47.065012569895
-166.202360519255
-69.764770331665
-201.358593609082
-87.419289857278
108.085858585859
-156.922451355069
-9.812432711603
-136.703295510913
-148.570444258433
-28.956501397908
107.350546480429
-114.407217402823
-111.591888471771
-157.382408065025
-29.240066682449
60.959874272863
-28.334866522367
-154.75995128461
1.943735626353
-98.532225153319
112.294024226641
-31.051445326592
-161.515955452967
-162.501262626263
-186.555833868822
-215.660977097989
-167.919462481962
-172.485820115215
-153.019230389836
-165.82136656746
-87.727813852814
-145.763069450081
-26.355519480519
-154.379537563131
-36.963030838519
-34.55476430037
-42.037247474747
-99.6069522654
-33.093854631696
-95.980511730023
-192.308629684118
-135.995954241071
-30.711871082477
-191.530393217893
-62.51624151673
-19.528491528003
-81.066468253968
-184.574585137085
-81.609126984127
-163.12691437252
-152.207181327787
-181.523567144661
-204.726752034858
-168.439241747836
5.878357373963
-32.947219826614
-191.776244588745
-30.110868731962
-191.446415888799
-185.306194619183
-35.162878787879
-91.631022135417
-153.132596190702
-36.081001138618
-39.734745614628
128.377373060967
-200.508998325893
-132.416785037879
-183.633137316243
-29.347139785128
17.361193548205
-180.54615561305
-176.403110344517
-162.461920403815
-35.181359493371
117.705156334551
-140.399531024531
-84.289342222448
112.331197014791
145.283930967036
2.096418284407
-24.297709235209
104.816365383748
-44.48556998557
13.184325467284
-132.811605874594
-165.822580576975
-113.092261904762
21.31259018759
-183.675582555465
-169.446616697105
12.772727272727
-101.763786018669
-133.808150562545
-171.978195036301
-162.279950030438
-153.455808080808
-168.782287157287
-139.012543825532
-195.494740936147
-2.190628382035
-29.761281199269
18.490911486517
-162.507374949269
-157.556395427489
6.302579365079
-97.698051948052
-82.643759018759
3.856864543876
-64.06910412721
-80.858557674964
-71.745843620355
-96.477002164502
46.779421587527
-193.850128658234
-41.831910765016
90.838394054947
-28.822260692866
-153.322572826479
-36.744601427219
-40.545176232188
-154.463002654897
-41.747827747339
-29.687930504825
-131.585137085137
-91.076679884785
-98.644578457567
-126.933704370716
12.207604082116
-89.795003607504
-39.666924546807
-129.039695222312
-181.045253737148
0.281818252277
-161.987283549784
-195.826015455898
-171.519001397908
-167.8747167546
-164.436139435651
20.231503793516
-170.178280432675
-190.253947820842
-33.447801818407
9.371572871573
-194.682789812184
-95.12385574495
-30.029298284181
101.1084879205
91.66898336039
-30.693993506494
-120.411616161616
-32.561139435651
-17.73765205064
-24.289321789322
-118.110639740034
8.031094285489
-206.07187950938
-34.36085323097
-30.206447144435
-30.636613766008
-186.243333868822
-95.809585813492
-86.088285900298
-177.370137620626
-192.187417562906
-38.450494763483
-31.299041615936
-171.784923030528
-27.904200346095
11.959964460453
-35.997644906092
-83.004246567235
-153.23671424062
-26.680174372069
-83.679736116748
-37.591651024756
103.186667878562
-79.822428385417
-29.130689568678
-173.643295398178
-179.766592050528
-40.169635106647
-197.383735513618
-84.525633708739
-110.657578153184
-36.50678450239
-42.714749334867
-153.062201253608
-34.74493681232
-38.075597633703
-156.082189078283
-196.531295093795
-31.472595655213
-149.09832490643
-34.984335542929
-202.932297303391
-161.793089234984
-174.089646464646
17.929305611923
-184.966991341991
-42.027597402597
-112.52875715864
-158.623113811102
-177.020230203824
-159.097513218119
113.339203277192
-196.481892727498
5.302136177624
-44.759928385417
-34.470475542253
12.62518037518
-31.99981962482
-198.7240055409
-203.070805008793
-174.42890399531
-119.892065887671
-136.068825813943
-191.408840779446
-53.988806522254
-187.332153144165
-153.193570752164
-170.863674763821
-203.559626679744
-179.334956709957
60.013417517812
-35.657294907783
-163.786714099702
-127.389999323593
43.969877344877
32.554633246528
-116.789349972944
-169.825507446113
-182.099497345103
-203.658750591856
-71.00372587482
8.016481429812
-38.986409857504
-34.566440070346
11.200687821293
-136.411976911977
-168.192169321564
-183.01373669733
-161.835518268624
-143.980692105204
-63.595529091135
-197.347144717262
136.838654401154
16.247745310245
-185.096312595824
-36.300394429789
-162.642388237847
-183.930653493642
-96.103535353535
-196.671343738727
47.596688847177
-32.767586580087
-168.745387750271
-180.432511498918
-184.497204184704
-162.675345108451
-164.50747781949
-32.546704489087
-30.157294907783
-138.950188266595
112.010461760462
-36.549505236517
-206.180555555556
-36.886304098462
-96.747724877119
-33.58466571406
-1.662136854031
-38.182088744589
-34.578656261273
-175.926950518015
-143.267316017316
-203.362283549784
166.283480029086
-191.929625496032
5.825216450216
-78.251545871663
-153.059784155731
-178.250643995761
-37.173881673882
-186.982302799197
-95.894127519616
-152.844645182292
-149.652535398629
-147.104777546672
-178.001455684073
109.22094691333
-32.313943001443
-84.672626798115
-152.842733275839
-109.805666176272
-144.229527417027
-171.341901154401
-37.531302844291
-189.464564027552
-26.178128241117
-152.137257761769
-179.375824370942
13.371294558306
-206.638077200577
-173.757784316378
-193.38483044733
-107.136696203102
9.235196552579
22.525711213699
-119.963924963925
-40.121634875541
-74.047959364854
103.207230649125
59.166277732684
-39.140873015873
-194.474394474883
8.142795138889
-29.311077431683
-101.246039496528
-156.414945351957
21.014860519255
133.269392797957
-29.797258297258
-175.059253246753
150.994560560967
-99.109858701411
-164.085108901515
6.671438858451
-33.120011498918
-154.575404575893
-34.030844155844
-173.876512755907
196.62138227983
-91.029782337888
-69.007114250767
-188.52035421176
-155.483212425595
-188.900723896329
-93.36066017316
-17.172230113636
-145.405483405483
-201.283119278725
-99.460026464421
-50.259281571293
-169.674152236652
-37.883658008658
-29.25487012987
-168.685876623377
-180.544031977137
0.258748196248
-209.162427849928
-193.240821298927
-102.108585858586
-88.73853842555
-154.72123015873
-110.143024835408
-24.321129825036
-96.483204675099
-35.542748917749
-92.984959105565
-123.041326349432
-78.329357328869
-180.380874875992
-151.571165759154
-41.032800099206
-99.042818672213
5.084443768038
-27.534090909091
-165.284173346185
129.716888471771
-173.714659147276
-31.640770145653
-45.248404806999
-170.746052179158
-140.138146955041
-98.27398989899
105.788357909452
-92.457722453328
-157.047518643466
-96.672168109668
-177.833353766459
10.87481962482
-189.178571428571
-31.663357909452
-109.103826349432
-26.971938976822
-162.272116392722
7.21482437376
-168.522095959596
-90.295843479437
-192.050244704297
-171.376074500586
112.996191688086
-38.643295398178
-188.756132756133
-144.618756623151
-30.80502218051
-72.386093073593
-32.269112018624
-37.200138945256
-177.200036075036
56.244498556999
-169.401216405123
-2.963396521014
-125.163961038961
-169.006916260823
-38.281037213654
-125.755681818182
-2.382936507937
-75.748654936643
-198.197760952156
-156.774461270067
-199.281475468975
-158.030947026064
-184.308421125316
-192.112185611697
-204.099554416937
-45.402535398629
-150.555375180375
-88.323302077697
-82.463752339241
-39.673804168921
-114.137904575893
-150.012987012987
-35.994949494949
-168.715728715729
-184.554285178797
-26.922356235345
106.705895802331
-194.580295138889
-20.703074269481
-199.803648933532
-139.33926528116
-9.18002218051
-175.472611156205
-119.131493506494
-154.894480519481
-26.910062539457
-34.289321789322
-200.565989132395
-170.693362193362
-172.451777822872
11.392869825487
97.703530491861
21.965360214872
0.06946487757
-38.546003421492
-154.534271284271
-36.449162382756
-27.929666362284
-188.065025252525
-135.633817950712
16.161275844381
9.895021645022
-33.797188542794
-158.825417258523
-30.841151470058
-40.489197922303
-34.598154747813
-89.41142803594
-92.607786852904
10.954929104099
-169.446039637446
-34.892664085047
-192.908091095103
-147.978174603175
84.519189523584
-173.606150793651
1.117454892113
-32.007305194805
67.138084951073
-38.24027242289
-161.117584184479
-33.658361657873
-34.677427173521
-40.932469928075
-30.726489222583
-83.947863822376
-207.792769350875
-176.961067144661
-28.64142189191
-150.395660708649
-128.848956219562
-154.082952149847
-165.74313799265
-158.264811197917
-31.724386724387
-98.442542754554
-167.954205137311
-170.622585368191
-160.241800679789
-99.1663883534
-163.688213750226
-106.907750777868
-142.646742959731
-28.183794558306
-34.455627705628
-38.979728225334
-95.1893115023
-83.364558672664
-186.878427128427
134.40960385101
-152.370748500631
-102.155372784767
-86.326105643488
-151.805326211332
-24.766774891775
-31.295364357864
-30.835770864335
-156.676968485074
20.259441513348
-188.762626262626
-32.538476985254
-92.6031950363
-189.540952916441
15.872106246618
54.844065656566
-105.861278803662
-44.066939625045
-157.505341500947
106.965916841405
-202.020122049175
-176.037796350785
-21.082160894661
-51.59804166103
-176.247454314349
106.967101962707
108.240710678211
-36.39699802151
-187.111664919282
-190.749368686869
9.825757575758
-80.084533955628
-196.034389655483
-38.818640506629
-40.235487548476
-38.260088327471
-164.716818717307
19.661636594742
-85.092733275839
-49.509026509515
-180.272985152868
-194.621482683983
-30.35532113828
-183.368949680961
-186.680542872926
-32.426759926272
-40.400711213699
-191.126455684073
27.184263463316
-33.342462713068
-39.555846551452
-51.828901458784
-34.820825441919
-82.720531557201
-94.198670578553
-46.325298887311
-46.647747705853
-44.298639294733
-195.868534677128
17.418127635169
19.574675324675
-37.011904761905
-182.07682714421
-191.454418980542
12.40758590368
-29.063492063492
-162.148829956935
-43.984938672439
-107.584984893579
-186.155032467532
-149.52703584393
-103.051579551091
88.396485079591
11.408369408369
-80.17028192077
12.197711630817
-191.34642321654
-119.356421356421
-164.402226435674
-74.980978168966
-147.95479558419
-162.558088558577
-71.84823471884
-157.859868917974
-36.20776402417
138.87786556976
-182.431887936282
-71.87787825239
-90.116432178932
-80.697392451299
-24.373729623241
-147.972575222087
-146.309974747475
130.926046176046
136.167658730159
-147.310683565566
-39.503627936733
-32.590831585949
-90.613804056187
-81.855346855835
-34.729908600514
-1.225662033279
-39.794003793516
-89.86352574292
-175.929743867244
-194.725530979437
-36.576208513709
-141.684642180736
-22.521284271284
-146.968717588835
-195.594446840052
-189.752726060832
-79.536443536932
-12.195735254329
-102.112193362193
-149.399288645382
-172.615509869904
-96.277064027552
69.602373131426
-26.019758832747
-87.843962786346
-92.104174417163
-1.521657704275
4.332140461535
-155.033799913194
-87.26061395202
-165.588133708739
-141.674582741477
-31.978264790765
-93.315303565792
-154.733155353761
-187.911227227633
105.183178746167
-116.639700577201
-35.258838383838
-68.294081298476
-184.712371341766
-186.817468067956
-30.927378556773
-162.311056998557
-163.783910533911
21.127906436012
-29.916916796311
-33.490419682314
-178.445789507801
-154.066447820842
-176.640782828283
-194.154220779221
-29.110500231106
-132.57798408189
-92.786816969922
-112.171786926181
-37.923611111111
-111.922160359172
110.126242193137
-138.925847833807
-173.095160590278
-100.758088699495
-195.18253968254
183.609397546898
-37.786894474883
-31.833090954185
-91.673791486291
-162.84604978355
-190.431068497475
-143.018648398043
-190.310938627345
105.217380275974
-154.789502164502
-186.688935250947
-142.235938486427
41.403831845238
-43.044753477859
-88.280483405483
-26.103517386476
-142.108557674964
-108.571588513483
-158.708583462978
-27.897124143218
-195.644660894661
-173.689455943362
-158.495670995671
-8.442182004194
-167.498536565431
-35.25909097955
141.265664457071
-178.573863636364
17.775553737712
-68.099214099702
-103.474025974026
49.334145021645
-57.829754013348
-159.562790995896
-32.374208744814
-164.295572916667
-39.810593377976
-32.592171717172
-151.011183261183
-22.074737328644
-35.499286249775
-62.053403736021
-29.592975654987
-177.009031441649
-32.73747167546
-164.116542799648
-0.121400246889
-34.984549738456
-99.040757040269
-151.227342481737
110.820835658482
-180.417457921852
-34.463592397186
-28.557560115666
-174.57702020202
106.243042872926
-184.163337476326
-156.792104921988
-84.204702930533
-190.752803565792
-196.425783363772
-36.233835988231
-30.080336709731
5.583874458874
-123.502442815431
-157.557199365305
-31.880070938176
-161.48826786278
-106.870511053616
-150.899871341766
-87.279478659361
-107.889422263934
-32.201360705267
-193.337579900568
-144.989718614719
-32.368243681232
-104.934856376263
-40.186340243957
-34.544552669553
-185.226038284632
-86.620240490846
-180.321699134199
97.395863983022
-92.4781950363
-27.509399942505
-49.349214099702
-79.313749943633
-124.538169783775
11.493478309885
-155.406106968119
-40.194021690115
-148.614816552805
-127.899538775027
-162.910201343795
-155.421737604843
-37.024969279852
-194.534992784993
-29.926850113862
-5.934253246753
-32.135010822511
-99.874466624955
-9.45975590165
-29.652519897637
113.317169321564
-160.215458152958
-25.485848298837
-84.893738585633
-153.138986826975
-159.699515382621
-172.193444630456
-39.263007446113
-86.628336940837
-41.542748917749
-179.510904947917
-95.736922799423
-27.217081529582
-153.544372294372
-183.339097588609
-36.598575036075
-105.525010146104
-41.118867243867
73.690476190476
-170.513778268173
-39.557248686643
-114.052406740395
-44.051378742785
-51.291787503946
-188.843782411165
-108.772366522367
19.972062280168
-186.388700763212
-31.434312784655
-29.099324720418
-28.285784040179
-33.65167509357
-31.135621702516
-146.439742007125
108.35090723079
-168.759039192145
-33.594065656566
109.204926638032
-91.331266769255
-29.320727503833
-191.199216636228
-190.044642857143
-47.154470908865
-185.708034586941
-35.783542033054
-162.438394125406
-50.399989712978
-172.320727503833
-153.671364171852
-198.856622164728
-17.807080994093
-195.617514430014
-34.058531746032
-30.948142135642
-157.491050995446
-39.994227994228
-34.475087791982
-150.342083995648
-154.668921356421
-176.030643347538
-88.233933926317
-100.299610925099
24.191738816739
-31.216803216315
-103.078790485773
-188.247626939033
-60.971042033054
-153.602092352092
104.275170088158
-82.341200086806
-155.447531255637
-100.968053159948
-90.346951659452
-153.856240981241
-40.846688847177
29.135982452877
-191.255349251443
-35.753274936869
-36.603994041982
-9.112012987013
-164.291305916306
-172.739538239538
-98.647436276831
-187.703270145653
-142.190267631674
-47.530996347403
-171.247384559885
-195.207008703102
-89.886183261183
-149.513888888889
-165.862824675325
-131.032549969562
-33.667305730294
-72.602715914728
-148.705287388393
-93.357163290269
-42.380419005907
-33.964757085363
-196.9540120795
-102.351461038961
-151.232031884132
16.724845412834
-160.900141904536
-156.422611297123
-187.392426638032
-31.946719567325
-86.09344209393
-176.349206349206
-34.394591140197
-96.405310780799
26.146632339015
-178.533910533911
-94.799000045094
-156.601829539818
-90.18166599026
-25.655241026335
-107.997662873151
-142.17497167546
-43.925927804834
-168.21150258162
-154.776682844066
-31.288267721861
-38.628517316017
-146.054952426046
-69.571851325758
-179.191370315882
-164.761634199134
-36.954032512626
-80.945137761544
-37.158369408369
-126.813053808171
-27.652937719832
-31.958575712482
-184.632846320346
-34.004682004194
17.972742914637
108.10369529559
-121.144480519481
-158.446546942641
-189.945354070842
-37.909639785128
28.970070402688
-35.181740676858
-88.323495135507
-35.032258973665
-94.689692685786
-64.361582482188
3.508645326028
-202.639069264069
-173.33648989899
-31.300963738952
50.403437274531
-45.026966089466
-36.054834054834
-168.177476494859
-32.35378548318
-149.409632034632
118.489450518015
-29.440135873241
-36.435224877119
-42.786796536797
-200.24340855542
-176.305174372069
-37.996863867469
-172.175427545545
-57.038850418245
-37.235201484713
-161.357112207454
97.191999162946
19.699765512266
-27.458501025884
-161.401618021735
-170.556124864719
-200.267246262852
-37.808900246889
-166.799319929203
-80.676595052083
-105.189484126984
-37.926497113997
-37.793282292794
-30.869498556999
-84.097693593299
102.482964762017
-29.128274936869
-183.908189033189
-25.09938425832
-92.974316969922
-186.607774170274
-151.563409626398
-113.915764790765
-100.4395947477
-89.96844209393
-195.822601010101
-80.593282151876
-30.355068542569
22.218807776425
-40.80284992785
-30.564767372385
-37.67047497858
-35.25
-88.528811059817
135.197889539931
-204.140679958063
-107.941919191919
-161.862373737374
-40.991945120851
-32.05284992785
0.989468485074
18.674164919282
-93.409734904852
-155.835768398268
-177.315586811192
-34.375340317235
-33.474829911842
-27.625422754329
-37.003509565521
-89.077831890332
-30.212772958378
-34.316218124324
-41.453020016008
-191.729818412924
-127.667305730294
-177.43063799265
-91.480408859803
-91.628074128562
-81.202290764791
-142.118686868687
-24.912997159091
-132.642483709867
7.495137620626
-204.244395686778
-179.039855164367
-121.873286435786
-174.51521351912
-79.582000952606
-96.205787647682
-49.883284575667
-163.246011312906
-97.710976957071
-188.558864312771
-31.916548295455
44.176414676903
-191.452388702877
-33.969939348846
-199.196075571564
114.622304588857
52.768867173408
-101.27189515129
-30.482472957815
-67.873729623241
-27.234557488952
-99.589486522592
-95.530601776696
-30.810536306142
-76.816115254104
-28.537046666441
-181.754787692776
-77.6443001443
-161.843434343434
-194.763249825262
-189.979728225334
-30.270034327652
-39.773801773314
12.56411316006
-159.350566913555
-197.483959291576
-88.140401644796
-172.455689709596
-38.821449004554
-143.068563001668
-152.440004819399
-171.419454731466
139.622103780551
-40.136634199134
-185.894570707071
-30.113102988591
4.547425989809
-186.603272541261
-182.539702972808
-191.265512265512
11.539973535579
-148.426046176046
-37.919024226641
-205.325937950938
-123.069276751894
1.866370174964
107.30111593051
-87.746281875676
-149.418039913645
-37.052316552805
40.835477402372
11.049861054744
-187.325765326254
-38.221312595824
-165.997412743506
100.520951704545
-27.139873201885
-141.842991155979
-92.46148989899
-178.055916305916
-81.352813852814
-187.675066795184
-164.529774587392
-152.842540218028
-107.703102453102
-103.416646233541
-41.577844572962
-131.438582251082
-168.147747705853
-155.384392192009
-103.132042382531
-197.959608642226
-104.818722943723
3.840195340684
-190.624265816649
-175.765401644796
114.162087532693
30.488095238095
88.592622655123
-93.111471861472
-151.507423566017
-184.027409276921
-46.658008658009
-157.758670691288
-244.208894892
-66.388237142632
-188.621835683847
-33.611291486291
-137.174701112689
-73.781586089692
144.729715542704
-35.10072685561
-146.325765326254
-44.894472768984
43.645755828373
-80.7886002886
-142.131313131313
-193.486090677985
-153.516115395022
-188.958042337437
-119.950999954906
-184.986505329523
-99.909070475965
-36.090200272817
-66.987165178571
113.131854256854
40.458083203689
-146.178190245085
-149.087744774756
4.474546666441
-33.636322417817
-133.089478772096
-196.069436693948
141.710428081034
138.618223248106
-53.722291976687
-79.621209655145
45.337850463339
-90.647887214782
-35.883039378157
-27.510649886138
-33.653852278364
-151.885219381313
-178.64315588925
-149.555743681232
-143.638958643353
-33.356851861246
-143.464035584641
-142.487997300009
-10.445354070842
-154.740499653341
-86.293179422574
-60.491965553977
109.808441558442
-32.182006307495
47.816458037405
131.816981195887
-162.428102523561
-151.686064749053
-24.184240564123
-173.781614625609
-43.645714962121
-34.339736652237
105.360843014407
-108.541949912067
-182.82205988456
-182.06937468998
-33.084124588519
-93.428744053256
76.571949263844
-172.323683261183
-82.138999509605
-199.204517270924
-59.035435972448
-36.985592884763
-81.32483526673
-150.235832797845
-197.777687590188
-43.679653679654
-44.504318787766
-142.255300634695
-153.406926406926
-204.429563492064
9.123855744949
-31.240079365079
-163.420364357864
-177.846029350424
-184.609668109668
-31.657918470418
-45.483696479302
-183.017939579951
-195.805395613501
100.245518804113
-110.389630822736
-200.597222222222
48.311696062184
152.101729135665
-189.540293419688
-176.016684704185
-188.352793419688
-165.626471185065
-40.496740564123
-201.292818672213
-191.905421401515
-188.796626984127
-47.007575757576
110.884209350762
63.15298633658
141.032106782107
-35.007506003111
-32.961740028635
-121.235598169192
-3.925324675325
-101.467519784903
-78.397727272727
-196.530996347403
-157.337281154176
-42.996745496257
-32.937069495175
-107.589847272953
-168.51242545432
-26.33044486438
-34.250450937951
10.222931040314
-156.093975468976
36.050888700059
-135.224386724387
-185.93453156002
-96.765450261544
-31.425072079613
-28.252344877345
-129.713141459235
-192.749917562906
-24.221943908956
-179.125701067596
52.473366477273
-94.305174372069
-38.206238585633
-191.262987012987
-74.158119278725
-154.842421846816
18.03517562624
-155.51452020202
183.601210909316
-78.047902293019
-87.196240445752
-169.450216450216
-31.619150489268
-186.776133968028
-183.724837662338
-110.123023623512
-163.073080131674
105.725649350649
-37.379620000225
10.946699134199
-95.309781689664
27.575466579861
-39.884031441649
-158.322407952291
12.299713795319
-95.266053391053
-163.764978890467
-28.439131127119
-55.058281616387
-44.975280849793
-189.713924963925
-109.817398313492
-49.427231297348
-154.89439033189
-22.528048340548
-160.654230995784
-172.623196248196
-188.8915120795
-201.990738861833
-37.940295815296
126.101471255524
2.630604313221
102.618346551452
107.328252178594
-183.737103174603
118.40521530878
-84.060348180465
-189.322248010236
-157.233954359443
-164.63195219494
-152.564942815431
85.596310129757
-121.541839291351
-161.1636002886
-183.589584460678
-204.772649767767
-186.658451845464
-59.976731601732
-76.994310431322
-166.027798210904
-186.892586580087
-185.925082296176
-56.750894125406
-183.303238861833
-83.052947865936
-83.526667343074
-98.241792929293
-28.524621212121
10.507055065161
-162.513876206259
-160.047049738456
123.003795629284
-29.009588068182
-176.357503607504
-37.058810059298
-103.171724922213
-37.507756132756
-33.722575222087
6.087775424445
6.961590303143
-126.273366336355
-158.280310780799
107.05275974026
-90.994686682675
-2.675693176181
-26.262466320572
-36.535796722808
-30.32997595937
-191.590265095148
-36.619781802399
41.082681587076
-78.973562353445
-42.214744402733
-64.084956709957
-164.361894615801
-40.222232438785
-182.429202741703
-23.574966320572
-26.559822555916
-119.134838197826
-85.100378787879
-92.627615440115
-189.215339781746
-36.22907401301
-36.967712842713
-192.264602639114
-181.230421542433
-166.010752756358
-99.80945405506
-202.994235744724
-175.833050087933
-38.467692409587
-23.676246984352
8.911706349206
-159.558523995536
23.511175510687
-41.991442395495
49.204344646239
-39.35657354798
-106.420462295951
101.900453333559
-159.436667878562
-31.349178165584
-196.027605153093
-199.049332611833
-37.243493810877
-167.168228039322
79.004218383613
-74.426074359668
81.929723434118
135.577839640828
-32.57032588722
-37.689393939394
3.059175741793
-41.300657242063
-148.60004622114
-16.743756623151
-156.282196969697
-41.853465599071
-104.315636132531
-94.929924242424
-153.361368991252
42.392037704049
17.637376132982
-155.629336754825
-34.902319089331
-170.581612018624
-158.193460131448
-163.916764604753
-85.57865132914
-92.61326786278
-167.085379464286
-167.066210373828
-101.013146955041
17.679001933396
-97.757222757711
-88.329254458649
-158.518418701524
-50.686257806863
-32.293908673791
6.549402366297
106.992702555691
-34.028589466089
-29.884289321789
-94.710768398268
-81.462128962617
-98.273108456214
-89.909451659452
-154.097866217983
-124.036082786571
-90.686507936508
-89.096410533911
-152.608704229798
-105.249556812545
-27.571678701073
-31.625999813988
-152.568372409925
-168.196789321789
-39.540051040539
-110.412718845824
-151.228277473395
-181.466352278364
-101.452831890332
-33.548062235074
-31.720049969562
-191.063401875902
-164.896464646465
-80.911157473169
-31.456328773223
15.378689940702
-163.37240499301
15.87023274035
17.726270447218
-75.765975886093
-142.165785223891
-35.166105108
-196.039571918966
-43.089195526696
-39.467109713203
10.104158916171
-158.889159451659
-53.228896103896
-182.756125005637
-36.576278268173
-165.669454731466
-157.256493506494
-189.119921311328
-183.605441975559
-162.315476190476
-126.842803030303
109.481960015896
-41.332140461535
-26.418671226777
-82.609590604708
9.286082786571
-31.030212842713
-101.120670995671
-94.440205627706
-30.281913724297
-73.752795815296
-105.623384373873
-32.569354256854
-31.083250896239
-151.944985569986
-40.735402293019
-147.65108464669
-23.813935250947
-32.243679118191
-85.893115022998
-39.055001747385
-93.161054602949
-82.367125496032
-40.651412281295
-38.019099335994
-39.720598845599
-3.210678210678
16.21148989899
-72.492493996889
-46.424082482188
-115.275883838384
-128.678759554248
-147.205517084912
-189.155996347403
105.281104502052
-94.614829235435
-138.688963434569
-38.881313131313
-202.997183751578
-87.980601917614
-30.878246753247
-182.046536796537
-189.027437460543
-186.121281875676
-143.230908414502
-194.093877530889
111.593524531025
14.943341760236
-118.068903318903
-43.624847808442
-127.18272005772
-102.054403550009
-92.750463620581
-143.530393217893
-35.916847041847
-118.256382885777
-37.801775427264
-169.79033428594
-200.277244402733
48.56251268263
-102.09154040404
-146.335838152733
-200.056186868687
-30.762355699856
-100.985487548476
-37.733212425595
-88.317640692641
-138.682650303256
13.239017547123
-168.971590909091
108.142566146961
-189.262904575893
-160.556008959573
-139.921917980023
-25.976744284361
-176.661075036075
-36.6204004329
-28.619957245446
-152.222763347763
-27.057256437139
-133.796877113772
-151.179813621708
6.018856956845
-147.744859307359
-196.62489712978
-35.841888471771
-36.764798515287
-83.043588789683
-164.416313666802
-199.599809478716
-150.455800330312
-174.808830492424
-79.506493506494
-149.368784806773
-108.342444746009
-35.197170505276
-147.01261851213
-90.651507401019
2.992944934839
-204.971799467893
13.644969857616
-155.736935482053
-37.917117604618
26.648789090684
-112.961858399847
-154.924430549919
84.4634944591
-32.514901385507
-151.771887400794
-137.605601917614
-156.406037213654
110.093704906205
-34.252182469223
-145.589716219111
-34.462932900433
-43.289071659677
-129.398649581755
-19.477883607278
5.067718197601
-90.653929783324
-88.939291069174
7.101378601867
-104.269140202246
-168.610680606286
-157.202471139971
-96.314115626127
-107.330169017181
-178.631756318768
-117.598464415359
-38.377795815296
-82.120477937861
-182.440816507711
-67.768406018894
-153.288780663781
-93.192001629013
-67.804924242424
-46.198162568768
-140.412059349071
-173.589404085498
-153.325306637807
-203.110652422664
-36.544482915088
-67.416125541126
-48.175324675325
3.009121629239
-169.16800679789
-159.217512034407
-41.084235209235
-31.789432410038
134.712203649215
-46.206189264295
-139.89221807923
22.32089766245
-125.379249033302
-154.951450892857
-35.656032281521
-29.488644114132
-142.429303145856
-35.062778313267
-30.282189219201
-86.84404522344
-160.035796722808
-34.051246984352
-28.199134199134
55.382846320346
-3.946060070572
-38.338924963925
-29.820957200352
108.383498066604
-148.730978168966
12.176775427264
-108.677136177624
-101.189692685786
-84.503780128292
2.199466765873
-157.660173160173
-103.752254689755
-28.785874227769
-192.766983450577
-154.977473535579
-104.525412467307
-39.247407459077
-160.725628917523
-78.420995670996
-211.355088975694
-38.937340057946
-38.373827561328
-48.414309106692
-25.179401083942
-177.751693131088
-50.535340852724
99.796544547033
-198.964666897772
-163.396624588519
-29.07674963925
-31.158029091135
-167.479687359082
-107.782106782107
-142.798631544237
-101.712662337662
-162.464646464646
-41.98775492086
-197.66656872858
-100.913517851506
-37.721938976822
-161.50764551204
-132.598665223665
-104.235729927624
21.386113506719
-56.596029350424
113.106261414367
-37.10108760597
-194.410804473304
18.009371758883
-168.270923520924
-136.926399175911
-35.288249754802
-185.483225108225
-29.877893753382
-105.179042799648
-115.529130591631
-94.437958688447
-170.41838023088
42.766066073683
-31.62968975469
-36.844356652462
-9.809982497971
-28.313602684208
-89.479687359082
-146.634199134199
-49.824507632125
-201.48071253833
-158.272366522367
-152.137355699856
-91.062778313267
115.750270562771
-123.566545758929
-204.502635873241
6.339092656475
16.059085554203
-85.121322741928
-26.777166897772
108.587641904536
-178.23573767812
-36.198662828057
-183.023165528048
-38.830328959235
15.695879695391
-77.75937950938
-108.914579669462
-194.563159496753
-36.841568587662
-83.202380952381
-166.449474516369
-96.054834054834
-29.489378297484
-166.094398223304
-133.28564453125
-170.061618557224
-89.600759971365
-154.431359493371
-27.89221807923
-27.693174067686
-143.947510822511
70.471500721501
-117.529401154401
-84.033882350289
-32.411997345103
106.168761414367
-184.509928385417
-133.102904040404
-177.941480936598
-27.933240750135
-36.130439439033
41.367805425911
2.57023569963
-135.677780173386
-201.731782106782
-29.463937646555
-169.73862861314
-35.691578874684
-123.820714821203
26.985417794012
-182.488706118101
-98.748799377706
-40.724747474747
-34.891955266955
-173.163301542208
-132.700216450216
-106.868887676993
-156.741321558216
-29.652409276921
-132.083513708514
-32.276167083784
9.308982683983
-27.200945701434
-172.590756899351
-45.461337707431
-17.484598355204
-98.595578412473
-175.375360750361
-79.054993996889
-99.025450867492
-125.005591630592
-184.599316969922
-161.818702510597
-114.51423695662
-205.345258528364
-130.878857633252
-84.102806102318
-182.275092583198
-166.681099147164
-89.578020016008
-39.541679349297
-107.529663966676
-163.561167619273
-79.203643578644
-37.625631313131
-109.387654446248
-40.234467301362
114.115447865936
106.22286128585
-171.665952916441
-137.754140878653
-171.852092352092
-91.084493089376
9.966991341991
-73.481942048837
-189.656225339331
-34.595717216811
-136.221861471861
-164.276417213429
-89.884031441649
-40.413352625023
-169.407315340909
-39.348582786571
-42.792380416892
-147.600291066356
-187.129968067956
-163.893398268398
-81.913141600153
-23.507866753472
-32.459145021645
-36.535152727047
-103.950314388303
-29.986492294598
-81.37777538217
-140.501981660917
-135.370663245175
-96.912587791982
-33.939641602972
-110.55015205064
15.812520433126
-166.063824630231
-34.671827792433
-183.826729206124
8.89351663961
-165.978527603039
-148.384570101123
-173.865607807991
-87.872647372159
-131.924701112689
106.090520156926
-36.896194083694
-35.156032281521
-90.210067330673
-31.502427314439
-153.661824720418
-62.330730575848
-25.175775613276
-204.396116578734
-43.986819929203
-34.990550736156
-191.155032467532
97.006926477385
-120.314463693858
-37.603527603039
-170.209673464556
-185.185175555781
4.022830142947
-180.131493506493
-30.534652467758
-163.837141645247
-152.745328212369
-155.434363867469
-92.759518666013
-183.387085137085
-81.670877299784
8.228357444422
-163.246129684118
-193.692813317325
45.898719336219
-148.315012569895
-172.336642090548
-149.715367965368
-32.582799958288
-93.313594933712
-34.810072685561
-59.759018759019
111.020753362306
-36.479970604482
177.722382164277
-104.656645627593
-29.104076479076
-31.211600519706
-110.315566378066
-99.352813852814
-187.604499233405
-72.909361471861
107.607441603535
-173.15176528116
-192.954746262852
-203.190393753382
165.582980333469
52.848317155934
-30.445186378292
-156.986464110976
-142.374618816513
3.303383302895
-82.548979611968
140.067290158843
-28.986750174738
105.068735626353
-105.377906436012
-35.866079179067
-29.491153865666
102.475468975469
-207.415437508455
-99.632333378427
-35.382305194805
-81.081341455853
-173.426066609172
-74.182109177715
-151.959853839737
-100.313754875767
25.809410722741
-85.010363822376
-32.604630287247
48.854986105474
-158.971743100649
-81.412886538375
78.088002654897
-75.337469279852
-161.584616392722
-145.240592306999
-31.864816552805
45.885163014069
-32.325597633703
-124.309425871438
-120.034611601506
-86.105872480384
-181.982173506832
-174.276527834145
-182.870859121347
-188.948412698413
-197.282266724161
109.682920866026
-28.683323187229
-154.110688356782
-24.614378297484
-132.806630056142
-33.064914631809
-36.677579365079
-190.505862193362
-175.951188080583
-155.152249334867
-37.188930318813
-36.163517851506
-0.356421356421
-35.999631499143
12.809523809524
-208.717101962707
-39.55628727284
-42.063381442776
-92.150425149937
-150.75381606241
-37.231892727498
41.343516780528
-36.640873015873
19.813824630231
-53.983044733045
-39.406895757238
-136.906565656566
-199.752435064935
-189.614059117965
-98.599747474747
-162.440718569625
-29.875961413803
-31.346418284407
-194.379238816739
-168.388077200577
-174.24304780506
50.030385467397
-81.524891774892
-185.422085672574
39.079246708153
-157.67097523787
-151.05980740722
-202.242334054834
-29.773108456214
-122.549861054744
-154.797500676407
-32.642656334551
-196.795614487509
-85.315656565657
-152.069957034068
-151.429292929293
-34.1911304028
-50.17498435809
-121.920011358
-182.49512987013
-183.440504374098
-68.243867243867
-163.182990620491
-26.165404040404
-172.164231601732
-113.060763536594
-150.14802601912
-177.54223597583
-170.558691688086
-218.099046407152
-35.788870851371
9.61447623557
-41.234425730519
-31.243699551317
-179.205058396465
-27.919544919057
-90.156372598755
105.776347458965
-30.648095773584
-185.231851861246
-27.357712166306
-161.35101010101
-7.892496392496
-29.459047083559
-39.05206642316
-143.633900387807
-205.067182004194
-93.750530908978
-105.685273493867
-110.545905483405
-197.854888167388
111.84796415607
-39.22608760597
-38.409410440905
-182.739976494859
-28.498528814935
-40.945318136724
-44.264151701163
-36.921454359443
-170.433199179293
113.552932364944
-47.747286621798
-49.546647417253
-212.874709004104
-29.652770027282
-30.931547619048
-135.610770793876
-163.259387259876
-153.972735164141
-81.273268398268
-157.106982915088
-119.605957735841
-134.577388702877
-92.881645698052
-35.923799236788
-27.332895078012
-197.010982452877
-168.632215007215
-155.063123562635
44.348033910534
-155.390131082026
-34.364545990034
-151.697572826479
-138.744318181818
-41.341331845238
-40.764151701163
143.240929453576
-105.505161125767
-39.664321789322
-31.2327946034
-25.551239233856
-31.646281805217
-33.081078643579
-90.987012987013
-176.06806344697
0.131132756133
103.531052714646
-106.377963507846
-197.723796629802
-5.030212842713
124.235358960701
-36.289419727408
-135.608405483406
-31.382846320346
-201.70497595937
111.003254503743
-40.229968138415
-177.544565352183
-27.428839525275
-150.323691011679
-94.34804166103
-206.270923520924
-180.243166176272
-68.446436321925
-29.913677793561
-29.170995670996
-40.35102278364
-185.972242655348
-31.520833333333
-36.036177906295
-98.404581529582
-38.107426102543
96.775894054947
135.997446563853
-154.882222757711
145.910080506516
9.477120535714
-29.232696665314
-33.453746448864
-176.67002404063
-27.062471816378
-75.393406018894
-196.083784271284
-198.154228529717
63.056836148877
-206.426427359533
-40.994137806638
-157.572593259605
-195.777228901741
-154.292741167253
-192.830419146825
-23.643931643443
-163.772095959596
-1.647366522367
-182.380148443137
94.434072871573
-87.247564935065
-91.731029956372
-73.239960993867
-202.953733766234
-183.717519784903
-158.434523809524
-76.090888657783
-37.528249148855
-156.864448051948
-33.447593259605
-37.226932410038
-113.042207792208
-29.620490620491
-29.845758787653
-129.016934833829
-32.519112018624
-163.794212352318
-34.992715238321
105.075134013122
-85.969364402958
-198.503878066378
-135.987914862915
-98.263798701299
-108.00859600469
-0.532840965458
-1.002705627706
-48.718627401245
-26.912247474747
-183.261892079275
14.007493320482
-27.949688007305
-31.67306998557
-98.207694269706
-91.683539496528
-81.205697460092
-32.356421356421
-105.008194388077
-64.666834359217
-162.746281875676
-176.958776520788
-33.810856190251
-32.852945258951
-192.108766233766
-99.927107994003
-191.084866522367
-38.944333823728
-98.270542337437
105.508838383838
-38.732253477859
12.399871341766
-130.204274891775
7.605048109443
-127.266295770202
-107.310528555646
-153.964285714286
-153.207050273945
-170.161644345238
-29.761093073593
-73.958423520924
-87.111402107008
-169.682872249278
-111.155212842713
-35.046446608947
-198.823793881899
-179.430354747249
-33.141581833965
-39.416123075059
-187.034078226461
-35.223472165855
-104.94324382215
-160.828563607616
-140.49331836783
-174.893697014791
51.089744402733
-41.62281506471
-60.23288479099
-38.946428571429
11.058629684118
-108.116439929428
-169.698232323232
-175.10370797822
-31.515179698773
-116.48297497858
-190.480818226912
-139.543310476416
-150.708083203689
-27.273799307247
-181.126602943498
-33.553290649238
-111.554132987238
-29.730599451547
-165.409742655348
-39.356581298476
-176.769542523449
-37.016774891775
-86.510760506854
-152.828035164705
-35.778499278499
-215.708423520924
-185.562147000135
-168.851801356196
3.631140506629
-163.369859307359
-32.550788295905
-89.860036610525
-96.356970232459
-100.136966765873
-155.307970187365
-161.46484973902
-80.348845598846
-27.992815642474
-188.862185611697
-31.288793346411
-88.168490851596
-190.535013218119
-177.896026391144
-36.2240055409
-168.966790533685
-200.558962250857
-68.58161976912
-172.030663780664
-37.357392986788
-203.087752525253
-151.82474507914
169.52400258162
-31.777159147276
-158.328115135732
15.400432900433
-145.459026650433
-135.930478050595
-206.613644114132
-188.48747167546
-55.770640275523
-103.845578412473
-87.712925149937
-192.783758342352
-151.764811197917
-168.618715052309
-145.5645947477
-173.616411745806
-191.496593304699
-118.051968485074
-38.363706118101
-158.970500907513
-31.520452149847
-108.870490620491
19.910384185042
-78.928854673972
-33.27589158888
-186.253496882891
-105.485598169192
-156.567841500947
-182.684245496257
-197.164612785218
-199.739185239674
-39.243568497475
109.462031024531
-188.307830678436
-162.099476911977
-192.254078874684
102.950056508162
-81.022456709957
-153.213203463204
-174.875360750361
-186.939123376623
-164.469987965593
-23.184773939168
-160.37118393759
107.217274587392
-39.369068052174
-144.970619278725
12.620379999775
-95.949703508297
-195.995330678436
-88.032377344877
-3.409188847177
109.230547664141
-36.953733766234
-177.127164502164
-121.969627215233
-87.0367887863
-108.278852278364
-161.484848484848
4.193192034745
-139.339716219111
-158.881480823864
-154.194887631899
-44.841901154401
-195.740231556638
-150.284250851145
-88.426324489313
-48.364004864493
-143.56927181976
-193.350288600289
-45.396616838023
-25.145903087798
-34.883374763258
-80.456521831034
-162.226752034858
-130.202027952516
-104.046866897209
80.762072454455
-157.975809292704
-157.516754458649
-23.86075036075
108.63790704196
-58.685606060606
-129.570225483067
-122.526342526831
-113.459026650433
152.477826535444
-177.477092352092
-153.968344155844
-22.483856421356
-200.551149046266
-39.141336636454
-40.19687950938
-86.236221731827
-174.82711038961
-171.885010822511
-94.779372970779
-173.975649350649
-157.351669597763
-81.886804357752
-30.697941327336
-199.147005772006
86.129238816739
-0.822892005997
-203.552579365079
-144.839937460543
-96.549603174603
-143.092434529446
-202.416055786661
-56.249709004104
-37.611311919417
-41.510093259605
12.373827561328
-105.494707115801
-154.266303520698
169.285603664998
-146.698753015648
-41.396583017677
-141.817628010011
-82.106769424152
-170.847222222222
-115.520292207792
-168.076376206259
-66.856684168696
-157.411533724522
-112.517045454545
-185.179993996889
-30.704086766098
-71.834513522502
4.758006262401
-70.107787205199
-100.315574128562
-30.834315180262
-36.714396335002
-162.685175555781
-108.989169738681
-35.029581529582
-32.996503117109
25.967602221997
-81.236930549919
-40.523386769481
-37.271402642496
-32.319547314665
-84.31259018759
-150.297528860029
-83.369580994093
-40.633588254194
-178.418568356557
-125.282487965593
-32.59995603355
-58.03155790607
-124.447490389385
-113.657840965458
-32.793851601957
-194.248446377841
138.967592005434
-31.466447750383
4.407730344742
-201.742346737464
-94.486118861607
-96.406467718479
-34.99225161774
-106.901306592713
-25.685987244093
-39.815205627706
-70.058629684118
-191.752512569895
-22.279589280078
-152.690829190341
-164.837772958378
147.574384328779
-49.150703463203
-179.697157822646
-114.469426406926
-154.967261904762
-38.081148398043
26.012474071068
-53.190739002751
13.716610158505
-31.768599076705
-42.232433853039
-112.718823277417
-29.925657242063
137.968156030168
-83.380042754554
-166.004226134109
-85.914682539683
-84.716991341991
-95.936798932404
-146.115772682179
-40.38437950938
-180.714203277192
-96.373196248196
-177.854700041712
-57.957874644886
82.826651701163
-116.661886724387
-34.076319134425
-92.400064399576
-178.689205813718
-188.591120115778
-111.347394846907
-163.260539265422
-35.758490316108
-29.762376132982
-75.717241471636
-83.221992877999
113.69733044733
-203.319915815521
-146.731052855565
-64.58656740395
-196.761536261048
-159.567710447105
-29.403867779356
-33.372637155596
-28.904772121325
-63.881521690115
-26.511363636364
-43.174242424242
-91.814110693994
-161.52589158888
9.516975700081
-34.239690431097
-153.961185868168
-178.373077876984
-179.994498556999
-39.692091816604
-193.005132942145
-53.831238585633
-72.641967949585
7.456557765152
-150.941107503608
-48.433178746167
-167.127545685651
-92.240017361111
-33.407189219201
-175.09423828125
-1.442480750586
-35.789360189507
-192.615648674242
7.793101917614
-109.710747965142
40.256473073368
-187.797598614493
-30.486770607864
-45.475940346546
61.534438976822
-176.142406204906
-138.072892005997
-76.86047979798
16.358856421356
-184.607135106647
-29.45497595937
-142.9779117909
-165.492576433983
-105.733967042072
-150.179473304473
44.158279220779
-40.533980288375
-29.079926638032
-30.248314619408
-35.250909626398
-153.782938903544
-115.119789552895
-175.739746798341
28.872757992875
-48.542297979798
-29.251455684073
10.053210678211
-194.182469928075
-195.793851601957
-92.27026402417
-145.364891239403
5.207820391414
-88.245150303256
-155.303779987374
-194.703344832251
-107.910513477408
-32.222041847042
-7.014241888754
-34.603813666802
-159.414764976777
-88.606351601957
-32.204828699946
-44.396755642361
-26.067632942145
-169.008137316243
-38.539662106557
-26.348845598846
-190.07596613456
-177.464015151515
-30.450306637807
-186.464182844066
-29.179576174693
-159.823644508703
-33.822629193723
-141.329184704185
13.464674648268
-170.643029767542
-39.422729668335
-139.908632220644
-184.346070216676
134.309585813492
11.685863940747
-169.951131008748
-88.675221805105
129.121191688086
8.741414211873
-156.587682770788
-93.008057345216
-31.945518945031
-174.802378556773
-90.639540635146
-156.896747891865
-156.331627519616
-28.981519294508
-82.58630952381
-150.246310059298
-158.433691688086
-190.536067285579
-88.863729017293
106.760461760462
-194.797771239178
134.680573522615
11.139450447556
115.020472582973
-139.979700041712
-142.111311919417
-17.207421240869
-25.718143347538
-89.122753060741
113.850930129983
-196.851453288465
-173.217774846681
32.38655176204
-37.925386679293
-161.679223174829
-89.840187590188
66.624749870355
-104.929826304338
-67.631854256854
-38.100350604257
-149.702283014295
-195.27771577381
-35.041728670635
-34.873564749053
-241.600108225108
-0.522719522231
-104.307817995806
-156.908389841495
-124.798520923521
-23.90081408392
-194.707702020202
-43.807166249549
-186.187860750361
-207.775252525253
-37.157800099206
-183.556990806503
-193.699203953598
-141.748675369769
-145.494831123737
-37.123917748918
-34.861755106872
-31.119949494949
-141.702631082026
-161.949863450352
-174.971070216676
-91.493326118326
-36.631411069399
-169.708415770428
-172.92784992785
-138.673360981466
-185.278416841405
-33.223304473304
-25.722582972583
-150.384018759019
-135.076409322015
-190.648075340458
-89.992694805195
-151.367854747249
-155.185987244093
-119.486935482053
-179.851481472087
-104.847943722944
-35.924685611697
-78.193292438898
-198.153326653815
91.378086811192
-24.941656379645
-114.045253737148
-29.328623145518
-37.728736161842
50.24252218051
-172.798430735931
135.870678746167
-173.525883838384
20.564742007125
-190.907890286796
143.929924242424
-89.265352323458
-129.139790764791
46.322490389385
66.57233044733
-159.398629148629
-165.659992784993
-152.824144415697
-38.245670995671
-152.131846506358
-196.173701298701
-149.665131011567
-176.415223665224
-172.067468067956
-154.371314991432
-36.21844209393
-32.367895613501
-163.994769119769
107.440478656543
-32.153040590052
-41.394861702967
-37.386085323097
-37.674803982909
-158.252795815296
-194.441398499504
-167.274543707161
-181.671557229663
-33.176149046266
-75.51443001443
-37.522649767767
-166.825577200577
-28.748494994589
-67.772456709957
-146.090174907558
-155.575667388167
-152.23287210836
-155.895382395382
-146.493486060381
-38.371572871573
-95.905491155979
-128.686159868777
-36.627525252525
-157.614648860254
-184.079094516595
-129.034611601506
104.244227994228
-111.98756186305
-31.695103941198
106.582632265738
-120.625992063492
-170.991542799648
-45.865460548566
-167.692530071925
-200.936618557224
-40.458866708378
-195.810237559749
-16.00479262491
-125.481900477994
-167.083575712482
-94.462572150072
-184.693328725311
110.091532653544
-43.019112018624
-76.413788414277
10.94152779187
-183.328089770473
-73.924492553887
-31.795606737013
-188.895029395518
-212.920253737148
-70.147456709957
-93.482683982684
-38.63828575938
-15.630931947826
137.455720359285
-99.247552252435
-99.683441558442
-35.680725714173
-28.620248241342
-33.610206769142
-167.748917748918
-176.227710982594
-192.414870665359
-154.842983405483
-180.84623015873
106.534529164412
-184.306658239764
110.372915468863
-131.467421846816
-34.753988687094
-105.687389379284
-91.822601010101
-24.943973073368
-161.314922382305
-28.022284085272
-31.913219105114
-150.58083626443
25.259351325758
106.428493923611
-142.470410719922
-158.618748872655
-89.983585858586
-113.173791486291
-25.576290950803
-125.132374949269
-183.107946794958
-178.734119233631
-37.493707301813
-26.227383347989
-31.261002886003
48.911956478851
-100.634351325758
-149.974629103535
-151.183273865891
-93.154741471636
115.64620183419
-169.765081760687
-154.804042799648
-189.893676581665
-33.989185239674
-31.666687099793
-34.887376132982
-24.254030257937
-166.099734792118
53.702499323593
-34.429821372204
-26.19315363456
-80.283008658009
-158.279318717307
-96.725731787744
-154.972915539322
21.523348369296
-36.593421660804
115.96263415404
-207.887595612937
-150.202278082161
-171.864628427128
-34.980527231016
-156.619851556863
-27.025262741815
-62.364259926272
-132.867346737464
-104.676767676768
-87.901236838249
-164.693555251172
-150.416215728716
-79.32693001443
-182.986664919282
10.384018759019
-25.916396103896
-176.113365800866
-194.787878787879
-123.545377040494
-39.488656796762
-201.476002350514
-114.145464832477
-30.038538284632
-30.482954545455
-187.492985801091
-178.999389119995
-32.551775427264
-33.648095773584
-137.176865614854
-34.475218845824
49.555764114358
-172.904200346095
-88.632768815386
-31.107433853039
-33.592429597312
136.202839640828
-145.904483591495
-86.803460807855
-199.755140692641
-152.522289017406
7.083263578869
25.975767721861
-36.959526205132
-118.261626448638
-153.90386002886
-96.631243376849
-176.231233230745
-142.297987548476
-148.385982452877
-191.610209235209
-32.950196017091
-28.952671948277
-159.90568421379
-155.875062003968
128.51034338925
-117.034972351867
-159.806985874369
-115.35274409835
-149.437299191694
4.621392496392
-133.171356421356
-38.741960621843
-200.272386955492
-121.596688847177
-176.222853535354
-38.954164271059
-96.917027417027
-138.926226551227
-182.335407647908
-177.638896639385
18.1488997114
116.231521760574
90.153787808329
-82.524981962482
-30.654589280078
-163.592442279942
19.467650838745
-96.533439162834
-16.789489481872
-182.777347272953
-163.545622238005
-162.073474702381
-31.763515455898
24.089556277056
-188.763077200577
-36.64161494972
111.333505958018
-32.972054529672
-36.783998255434
54.032397778003
-109.142947330447
-173.828455452967
-163.338814343209
22.417568542569
-141.423513173025
-117.950917517812
-43.188935250947
-27.096799467893
-151.297155427038
-91.449404761905
-96.214528093434
-136.231671486066
-178.610188802083
-36.875824370942
-92.929826304338
-43.254808125902
-38.226108039096
-121.349116161616
-155.631022135417
-195.67498435809
-188.440115440115
-110.308691688086
-132.243694619183
-154.681900618912
-127.916854792343
-34.122848180465
-38.413847952178
-135.727174789186
-113.225927663916
-188.761606015512
-159.234848484848
7.027378627232
-180.747807314214
-116.553218428707
-168.956447144435
-34.145111832612
-134.872384559885
-94.995773865891
-185.31797325938
99.904880275974
-178.670572916667
-35.341963158369
-36.385031255637
-77.422418239313
-177.122827747339
-196.014901385507
-31.12996031746
-50.455295138889
-172.800131617514
-165.025244774756
-115.491334240846
-30.544725294237
-48.906565656566
-190.976198226686
-154.917395917884
-139.656142902237
-96.946637130231
-195.116875366387
-25.677592047709
-159.021812714196
-73.234577922078
-161.300116116522
-90.201278268173
-161.580960272367
-41.428669366658
-41.085297027192
-2.532547503495
-27.851242263596
-159.125172624684
-50.358413233902
2.268210142722
-71.30275974026
-130.175567054473
-38.127893753382
-110.025961343344
-95.430305425911
45.025232092127
-36.523461456079
-191.081328773223
-37.468073593074
-32.64717839669
-32.33101663961
-181.552739307134
8.11613343254
103.124791441198
-159.423819669913
-54.904228529717
-175.236950983045
-196.469217848124
138.46330140129
-161.522518713925
107.217241471636
109.576819393714
-76.601541009988
138.815448006854
-82.06458206507
-9.751796001308
-90.029561096456
-183.432789812184
-184.135559698548
-5.738937576096
-39.478277473395
-33.721500721501
-194.398165528048
-31.887085137085
-38.953213073819
141.770034327652
7.418630360525
-162.817259509154
-153.781385281385
-158.843065842578
-29.114427618822
-5.799775799288
-104.755511659564
-119.379045758929
-175.46366215165
29.130854442866
-140.266571617402
-194.918921356421
-189.998294186282
16.135214096884
-145.415125727137
-23.537239724251
-192.767045454545
-171.216029928188
-32.253164316153
-53.800775613276
1.787087532693
-32.972575222087
-26.423422985435
-21.715658961264
-175.50487012987
-5.783361657873
-29.948693477746
116.242243867244
-179.411546407152
20.054653679654
-33.733377299784
-29.918720548115
-154.487033420139
16.64535421176
-2.470070402688
-159.979545384086
-172.074482266865
-185.217630405619
-172.242867429879
-31.69725294237
-36.999368686869
-30.189040939529
-138.076326884921
-28.095045037428
-27.953179958063
89.412054416937
-31.640249453238
-124.924159987148
-124.818009193497
77.774891774892
-38.662525788014
-46.913141600153
1.310794186282
63.180104617605
-198.511175510687
-40.540654170049
-29.170163549558
-34.920163549558
138.627692945076
176.111984803391
-32.050685425685
-158.242722988817
-186.792297979798
-26.156207372272
-87.603076665088
-149.241530117018
-97.860472047484
-98.339543594426
9.595591095103
-91.011085323097
-25.338546246505
-108.953532957928
-34.652409276921
-95.836878832973
-97.001984126984
-33.994318181818
-76.830086580087
-30.952759669801
110.871753246753
-173.846029350424
-76.248536565431
-183.244307965255
-91.730088975694
-70.014172134289
-37.117784992785
-93.018418701524
-141.152064027552
-31.590249594156
-153.199662642045
9.370060115666
-188.377442815431
-91.71645021645
-156.136281199269
-173.342730809772
-137.048000231106
-168.102169857053
-104.324425195031
-127.524448587437
-195.498556998557
-155.980068542569
-174.758297258297
-100.929383116883
-194.261806823819
101.8768115023
114.957279265873
-106.622745310245
5.16055434366
4.83935546875
-34.007307660872
-209.605277101371
-158.915113044508
-35.796737604843
-28.775731646825
-174.926837431232
-139.492346737464
29.440107689619
-37.296925730519
-28.430305425911
-34.216821183374
-165.250152191558
-191.843156030168
-26.219967532468
-173.606794789412
-111.541486291486
-141.04826304338
-31.388688080583
-29.314373506268
-158.941738816739
-83.027777777778
5.219356652462
-29.836371527778
-87.323753015648
-39.303731370626
-92.215847086941
-189.276806147412
16.517965297506
-32.117076174693
-97.319617069129
-29.983114487509
-193.969885095373
-184.386994949495
-155.319887631899
-170.785964415359
-161.958936462843
-121.425407112419
-177.509219567325
-35.511922728964
-28.997286621798
-183.360992739899
-37.06162630772
-37.538961038961
-47.623487244093
-177.176497113997
-160.212133894751
-203.177226365215
-155.736193548205
-195.726260230655
-44.115509869904
-89.07674963925
-156.77226858428
60.079803334686
54.134461946474
-84.181457431457
-150.625610880005
-99.856338919327
-77.520001211896
-196.159832842938
-207.340728715729
-131.728633291622
-52.903867779356
-141.691205441694
-127.341658775253
-37.752066564078
-155.150064399576
-139.35865561305
-171.013798701299
-93.18958206507
-134.519127519616
-41.757596190702
-30.996101500496
-31.128357373963
-173.351940160534
-158.297799422799
-98.360451614358
-87.01739845441
-35.299963924964
5.962649655032
23.805184588632
-109.181104431593
-143.237270867154
-36.979597171492
-86.212572150072
-176.079635642136
7.473575036075
96.193374875992
-28.78354978355
-174.613386233992
-168.106962481962
-30.735752826817
-126.513746913893
-2.716924053594
-144.240793115305
-159.052661802174
3.298701298701
-32.740862869769
-90.919552669553
-95.326388888889
-84.177919682314
-172.119325932314
111.918851601957
-171.657836033324
-24.2653938943
114.435428151493
84.413247288736
-36.286984662473
-163.646554834055
-107.765852582747
-177.392053205041
-194.918558139994
-169.55554780506
-179.259191383703
-152.873925499414
-29.279401154401
-28.650783434231
-171.485361426768
-31.799332611833
-144.28095477656
-200.206882581394
-31.300296491703
-33.568663405822
79.948314760326
-34.945977633478
-26.71636002886
-38.197789135777
-158.504607317596
95.069063260958
-129.206828327922
-177.988656796762
47.804914025861
-12.382186823593
-102.652409276921
-140.36126330267
12.505488760372
-146.67566499256
34.350378787879
-163.043101917614
-39.599316969922
10.7116829568
-159.171820041937
-157.303038053526
-171.083152958153
-101.821797072285
106.333403087798
-28.152777777778
-30.330658355317
-194.531593840188
-42.729720474838
-41.75696487757
-155.888597892992
-187.681096681097
-114.166607128765
-90.785984848485
-111.599134128675
-201.470786971275
-203.650716145833
-182.922077922078
-141.411172974161
-40.534791976687
-34.717269655258
-170.034291717397
-24.550705858811
-92.123807128202
-177.099948283054
-25.609217171717
-28.21148989899
-145.028388657783
113.746462250857
-152.55476430037
-92.50974025974
137.92795279807
-89.505120259515
9.758768629374
-110.695526695527
-25.483974792569
-171.187479566874
-176.764880952381
-92.165386073345
-177.801919868326
-137.193452380952
-30.723314689867
-186.686237373737
-85.28899168865
99.071446538488
-39.907106782107
-34.704017011634
-191.444526881539
-156.652867965368
-34.02426046176
-29.62777538217
-34.676046176046
42.853535353535
11.653929783324
-32.350175513506
-174.51937764926
8.246781430375
-197.118679118191
-159.25190168989
-47.603883421266
101.103457848575
-35.001955943362
142.145199554135
-47.923312364719
-195.26173213722
104.159632034632
-186.797077922078
-169.900059467442
-154.846670880118
-30.944083694084
-135.726162292569
-47.177496927985
-104.325417258523
-30.625901875902
-19.696248196248
-172.168843851461
-47.279133057698
-90.290120795004
-179.368887676993
-88.045093795094
-173.865731111337
50.930558021622
-30.012696017091
-140.411636594742
-151.922466856061
144.373817344765
-40.212584832702
-36.770936203553
-188.513798701299
-82.895361962256
-51.373203998692
-21.669663290269
97.681449680961
-193.813672438672
-31.082361702967
-52.469995716089
-168.581349206349
109.812860750361
-139.469967532468
-28.916486291486
-29.777875715864
-94.23835805037
-4.005303100762
-173.260912698413
-25.550332425821
-189.945977633478
-171.972853535354
-100.527244402733
-196.386286131403
-98.271993089376
-50.127262440251
-73.067390562996
-38.442341946248
135.366259554248
-144.420925916531
-87.176566868461
-195.700474330357
-37.605068542569
-129.155906159812
-31.931900618912
-78.754071124188
109.419835914953
-154.750971630366
-32.378857633252
-154.433261183261
-30.262445887446
-100.327458457341
-164.501713564214
139.863213609307
-199.700126262626
-134.907148000654
-101.332431457431
-41.738515526357
-31.501172438672
-170.505210447105
-182.448863636364
-34.657557720058
-86.91847041847
-179.422077922078
-21.295232599432
-199.54616829568
-53.198773448773
-38.769751082251
-160.290375856782
-162.897894965278
-27.681457431457
-185.616439929428
-182.098492598981
-119.282820532332
-190.441037749143
-185.346410533911
-146.193452380952
119.493784806773
-29.362275799288
-176.328442770337
-46.521526650433
-173.44381559738
-101.265159265648
55.929756549874
-33.652316623264
108.601450822398
109.117596867109
-33.185155122655
68.080717893218
-98.572170505276
-158.624549062049
-171.744400618912
-147.053669366658
-183.602535539547
-173.250463620581
-165.444867198773
132.629980750586
-172.021103896104
-36.382866753472
-171.815586811192
-99.354986105474
-152.558060374955
-1.072608760597
-144.638237142632
-126.352986477498
-29.693555251172
-37.632395382395
-1.928754269819
-154.553779987374
-103.080287388393
-163.129078874684
-31.278929783324
-43.165772541261
-140.542686913781
-33.61257454568
-28.688700622294
-104.035345784858
-192.127823998918
-159.043941789547
-31.649621212121
-98.994498556999
-151.996031746032
-25.580697460092
-175.746302308802
-193.374376437365
-186.373376623377
-185.754522062139
-85.695867012762
-156.51902958153
-38.38283856985
-44.826228946834
-197.510920448909
-188.544552669553
-26.665854978355
-98.757565541013
-151.885010822511
48.598495065048
-94.71637271149
-157.686897222786
-105.374069940476
-114.362033420139
4.169900737284
-37.385080576975
-169.827741702742
31.086482148494
-199.762023133117
-94.549853304248
11.039953102453
-196.111804428211
-155.571145326028
-33.028388657783
-25.047168109668
-156.451007705402
-137.631215193227
-96.607593795094
113.730426826862
-77.258219753337
-87.906204906205
-185.068653189259
82.842061096456
-141.433609250992
-89.049131803526
-27.699432945527
-83.575417258523
-190.879419191919
-190.394140202246
-149.085325210814
-33.849657287157
-31.029761904762
-26.791839291351
112.257014198909
-89.290113044508
-173.8768115023
-163.450396825397
-158.513618326118
-180.010260952155
-45.251886188898
-190.863746984352
-204.688213750225
45.208686333198
-38.383658008658
-30.09145021645
-202.896887400794
-32.236000490395
-37.874000186012
-183.646485079591
-34.22314453125
-109.965646278635
-27.18253968254
-85.877144069039
-158.917215542704
-145.085858585859
12.773456523945
-133.417097171492
-78.349234532828
-36.702393635011
-70.953192640693
15.868965181953
-81.973845598846
107.068001443001
59.290342036436
18.745658313041
-159.594003652597
-94.819243636138
2.174069799558
-77.218712656701
-171.366542799648
-150.342712842713
-2.398456523945
-189.965208023314
-161.302731556638
-97.470390286797
-189.473366477273
113.255120259515
5.884657822646
-178.047819855925
-122.964716219111
-23.833874458874
-155.252192685786
-101.836878832973
-142.895209770698
-37.092893217893
-181.109405297394
-38.184974747475
-32.843885281385
47.49618393759
-157.257042382531
-202.482954545455
-169.984029046041
-172.721771284271
-134.648801773314
-36.929104803617
-164.230637851732
-26.155844155844
-77.477272727273
-174.520029395518
-174.436840503247
-30.84786128585
-183.808351370851
-102.752803565792
48.847825351732
-5.055457617469
-89.23853842555
-63.969967532468
-112.917937043425
-194.768640647547
-85.215159406566
-190.084526205132
-33.236268587099
-166.988706118101
-28.836842898855
-185.528146278635
-169.816919191919
-193.72322203621
-183.170802613185
-33.022735023223
-143.002976190476
-88.693563001668
-32.973685656791
-71.434794372294
-34.358425916531
-152.473106131065
-196.657627474522
-112.157918470418
6.67314749053
-84.566578874684
111.166826608721
-202.444972887356
-38.900523088023
-105.114718614719
-154.354900850018
-187.232864357864
-98.640233952246
-170.125992063492
111.343766910173
-89.98395682551
-145.840298210904
-33.115009610615
-167.729638037744
-178.707611832612
23.734147417253
-36.654589280078
-24.489648860254
-161.399350649351
-163.889257389746
-84.04329004329
-90.973386910399
-64.791777287383
-97.47113997114
-29.450234417275
7.298520923521
-38.198080131674
-29.978715728716
-153.185696248196
-34.274100519706
27.629249033302
-161.677751989764
-197.945797258297
1.425837617244
-37.079264675212
-110.574211704095
-167.721430967036
-152.664695222312
-38.130078688672
55.082513894526
-36.448392265287
-155.776362959957
-33.573510636499
-40.931068497475
-87.575737142632
146.478615324563
-164.439193131088
-177.068640506629
-191.03841991342
-192.711046711535
-146.884920634921
-95.322412884425
-55.286538656656
-151.397739955357
-120.676406926407
-60.364545990034
-49.022717056164
-181.946526509515
-43.187131499143
109.104715542704
-203.050033679428
-127.395841083829
-105.997474747475
-89.574031328914
94.449953637942
-39.558454241071
-84.773559394165
-24.079988642
21.188061558667
107.529290533685
51.503976004464
-170.409381904987
-31.020292207792
-176.356774356286
-187.190816507711
-38.178764486382
-150.454205137311
-171.28345959596
-177.98356542546
-41.177058672664
-150.682990620491
-32.838633968029
-89.90117483428
-25.920462295951
-185.851932410038
-179.024974211986
-157.973575036075
17.488984431367
159.482353882012
-150.236471861472
-191.150432900433
-30.199412512401
-96.992687054699
35.869969928075
-37.929112554113
-96.572400201795
-127.53276627886
-154.741362424468
-155.28173828125
-108.665952916441
-89.548670649012
-36.223193852588
36.0012524097
-36.767955080943
-115.842061096456
-108.376471185065
-129.448232323232
-191.530295279807
50.165210982594
-44.505931947826
-211.870137620626
-187.511724386724
-143.829107199224
-126.121039496528
-203.224136594742
-99.905766650884
113.272386955492
-40.946330633342
-99.045815295815
-182.545696924603
-204.679986246393
-38.702671948277
102.645202020202
-186.721508471997
-192.104970604482
-101.946802004419
-33.871284341743
-37.432178932179
-35.793130101236
-176.361131544237
-142.432781709393
-55.406483219472
-160.771498114516
-171.012958829365
-164.210838152733
-50.65978422619
-175.419114414232
-38.053669366658
-29.062049062049
-30.712391774892
-90.035103405709
-200.900585091991
-163.678300865801
-142.8097119352
-0.342774846681
-25.486992553887
-59.316287878788
27.054092120987
-31.213682584776
-24.895472582973
-33.390344572962
-86.097041847042
-154.128787878788
-178.982766419778
-33.309523809524
-33.433343620355
-153.279942279942
-84.845155658144
-150.308879813763
-172.635080576975
-189.851821789322
7.577749453238
24.773067589962
-179.965179839692
-189.670634920635
-190.957964832477
-27.478006910624
-204.049242424242
-165.422098355204
-171.431838614944
-157.833603896104
113.255501443001
-89.443903318903
-156.134490130096
-4.794663290269
14.26378073424
-156.499799191694
-70.424590491973
111.589443190273
-194.801966019007
-170.309413188808
-179.304452871347
139.674152236652
-42.660485293786
-39.246670809659
-80.430568238185
-99.897920330538
-110.600268167163
-160.141061141549
-84.622294372294
-95.484585672574
-45.021276520788
-99.044449799333
-27.276793464782
-109.670106477724
-78.528208282603
-162.495670995671
-169.336731925843
-125.893119955132
-170.520099149982
-37.554491271532
-39.121031746032
-173.380681818182
-116.765532698638
-154.828901458784
-31.975989667884
-34.512015382621
-95.892032771916
-37.811154936643
-4.393406018894
47.566538008433
-148.31833400974
-141.70681282693
131.617937184343
-162.107253477859
-41.195436507937
-150.636716636228
-192.960500301565
-181.590298210904
-171.124701253608
-158.910611415494
-190.492715238321
7.939672252661
108.710227272727
-21.095400503359
-143.313020692415
-35.969717402823
54.82750178966
-195.902126031521
-17.567903504915
-171.796549479167
41.783910533911
-136.466241657648
-98.636724386724
-29.733024299919
-66.869047619048
-181.827643764655
-179.18072818024
-30.839543594426
-46.074572454455
14.632042382531
107.400092583198
-192.812311874324
-170.666749103761
139.356331168831
-122.312770562771
-196.990496834979
22.332972582973
-180.182276870265
-34.943202251308
-182.197157822646
109.663399480294
-31.100912162924
-24.220057720058
-131.462744774757
-147.737747170364
-165.125984312996
-189.17784992785
-27.123306868912
-36.929743867244
97.016692454681
110.178932178932
14.310358397028
-44.066218124324
-33.787399666306
88.214293464782
-48.873827561328
-201.588814343209
-205.408709725604
-84.972582972583
-88.877414631809
-90.196859076254
-192.204635642136
-170.44446487757
-88.524178024666
-191.328656261273
-152.6633170432
-173.097394846907
-211.114718614719
-163.28317106613
-166.614698181593
119.979780012739
-28.204336895743
-200.990460548566
-123.215548340548
-199.51174481985
-192.691906509289
108.069784761679
4.97335626071
54.798258111246
1.258755946744
-150.953553391053
1.012162642045
123.741560766707
-180.80094823796
-191.338772772367
-36.076035889024
-143.595681282693
-172.556921052038
-34.986840362329
-178.850301282918
-32.62968975469
-30.347222222222
-88.846328096816
-28.931998556999
-28.778798024892
-122.514548385642
-70.902334590323
-145.051497113997
-33.380308385191
-130.861562049062
-157.980429292929
43.318462597515
-50.576860259966
-0.291334099928
-29.455529767541
-0.16381131347
-31.813860564349
-144.770632525027
-87.652514965503
-164.981171226777
-158.17858939563
-179.395915770428
-102.382637409249
-30.052857678346
-3.802489177489
-137.035636780754
110.727162106557
-105.484299608811
-190.089285714286
-103.758109132621
-70.35797497858
18.260719640602
-160.38006318768
-27.719856911751
50.928671832725
2.685618743236
-149.405470722854
-36.004226134109
-205.859405297394
-159.045933667027
-10.564837126849
-60.483495670996
-69.069202065296
31.686340243957
-31.212371341766
-83.695514012897
-83.863997113997
-173.455357142857
-37.869305499188
-172.741514616026
-133.498909998422
-40.920106477724
115.801780359398
-193.53651822353
-29.702118140106
-171.16741635101
-30.113373551362
-30.04979130028
-144.483753551136
-187.255481009876
-32.630779756268
-86.804202741703
-166.679993996889
-33.303689799784
-120.759477447466
-92.997051993146
133.401043780438
-26.48965661075
-28.441476004464
-177.02235877187
-37.462564399576
-184.637976796424
-37.182601686508
-97.910333102228
-33.711301773313
-174.63656444467
-79.154573779086
-144.395755828373
-30.162324979708
-203.563201067596
-23.821670950577
-173.482122424017
-189.37949669688
-155.026244588745
-19.031413465007
134.715821369386
-195.806900618912
-185.857864357864
-210.481599265535
-120.384802263709
-169.543712797619
-100.728777732684
-99.930194805195
-27.714584460678
-183.205705210588
-36.772546897547
-47.195506262401
-201.064775122881
82.488788555195
-169.102202972808
-190.662067099567
92.736139294733
-191.723956219562
-32.410095655213
-35.615870620265
-167.90883302895
-41.292486105474
104.27886002886
-179.31909144458
-187.788698226686
-30.785353535354
19.084353580447
-74.347322626375
-127.031295093795
-173.915682353671
-44.323621257215
-37.419462481962
-177.188394125406
-84.309536492154
-161.030746217758
-110.138626076614
-29.828726015738
-84.01433982684
-35.711940836941
104.55312049062
-82.916236161842
107.292916610299
-30.263154705538
-164.001275308892
-179.696358816964
-32.381042568543
107.628489132395
135.90321074867
-164.002705627706
-181.228424732819
-30.341872970779
-39.832982799536
-185.218143347538
-37.018328513934
-110.005702251308
-18.082591399486
69.889241888754
-187.546995484984
-33.353715728716
-36.372412743506
-147.243674186057
-189.933232999639
-211.11544011544
-25.690625915968
-34.861291486291
7.532918470418
-97.045614487509
-167.938303937816
10.969794907783
-52.710116652011
7.750814154379
-26.895915770427
-190.615988991477
10.045823046311
-150.153641253495
-29.464728901741
-167.820609132621
-42.407776495423
-40.580885585768
83.34164327426
-149.070354070842
-45.326427289074
-194.799074731692
-149.525272958378
-38.816378066378
-39.488788555195
-155.972139785128
-82.932006307495
-37.033230604031
-34.705635456124
-137.801066609172
-188.087309337798
-31.8363997114
-185.561139435651
-165.791847041847
-52.345147907648
-43.418931572984
-48.639368010462
-39.048709049197
-145.050066795184
-34.772735023223
26.960157518263
-37.845065470554
-37.511363636364
-153.300414862915
-36.630612063718
-186.673327865711
-32.726654096771
-122.61047979798
-40.740079365079
-89.846931226326
-96.264167202155
-44.491182049288
-194.473111415494
-185.787780849793
-77.725005354888
-81.716200086806
-154.60509672619
-101.966277591766
-89.783196783685
-39.294815481827
-102.093156030168
-91.441538008433
-204.611500045094
87.116321558216
-34.814906881313
4.075917517812
139.313401875902
-132.294302539908
-161.871663059163
-159.859126984127
-157.808884745896
-173.989919423025
-25.641532512626
-80.051053926542
-191.111278803662
-171.539314038826
-140.863804056187
-120.345238095238
-164.198683261183
-155.451216264205
-48.784894846907
-75.088646650658
-109.350759971365
-24.399188241229
112.627146535106
-199.622392310381
-29.263798701299
-194.241993737599
-31.381284947691
-154.761245265152
-37.486664919282
-86.337339987486
-185.571608946609
-101.006936693948
-31.675893984488
-111.426154330695
-96.104859983766
127.82989845441
-90.501074500586
-179.218524531024
-143.710608456214
-166.076672134289
-189.84814453125
-179.338757271374
-3.50190168989
-118.779499092487
-32.941295629284
-24.075224200712
-34.758567821068
-37.723304473304
-137.337732092127
-204.038517851506
-36.941538008433
-144.117792743281
-187.435758252164
134.435626493732
-70.140700391189
-27.10969629329
15.805187054699
-92.490612740124
-180.415772541261
-37.974505095599
-133.046016104122
-38.00018037518
-160.796959550866
-154.775272958378
-174.94933500744
-202.327860073954
-106.501450751939
-136.457972582973
-86.84137271149
-152.11352574292
-39.69696969697
3.020903087798
145.148240214646
-163.373208930826
-153.42985448796
-91.528311152823
-115.994068052174
11.214947677106
-145.674672929067
-85.125200808306
-166.333541892136
90.458433737486
-135.598832916216
-28.268952076569
-27.955066146961
106.066218124324
-9.417388167388
-34.941009565521
-179.544802799197
-190.142328699946
-43.688241933847
-115.910160477543
101.598464415359
-171.80303030303
17.264630822736
12.086469465864
-43.742764559659
-81.168552855565
-197.435044501939
-162.04202495096
-152.264257389746
-67.7931998557
-93.147386955492
-184.73825518015
-201.965187590188
-46.15195833897
9.355339105339
7.193542568543
-149.483864171852
-147.163582321541
-154.476551226551
-38.041403854392
-102.967434529446
-24.733255757914
-94.035435972448
-191.133858816964
-74.191115254104
-163.305465367965
-198.665854978355
-89.4834879205
-78.301587301587
47.073925640332
-35.782119464737
101.18281024531
-181.050131617514
-171.253357373963
-150.174332611833
-63.072961760462
-149.252615440115
48.970660849567
-162.477646160263
-198.437209004104
107.838556463068
-174.520001211896
39.506563260958
-25.615321744228
-181.578270145653
-149.242326304338
-196.072178255772
-186.085144835633
-192.44367397468
115.55168770574
26.965638528139
-201.389963389475
10.314852627841
44.960650027056
-39.606609482098
112.86248435809
-38.653200532107
-25.546905297394
-161.920364357864
-95.197863822376
-163.111471861472
-38.695268815386
1.139458198052
-37.503916466563
-153.048711515264
-176.777687590188
-20.216027462121
18.411075036075
-85.59308134357
-93.039211168606
-147.649649395743
-162.8125
-95.648732018849
-27.473013477408
-39.816385816874
-40.326667202155
-156.208722267316
-154.110106364989
-165.432699624594
-77.892578829591
-53.925221805105
-185.104056045951
-83.91646585836
112.231060606061
-10.82940347955
-7.923621327674
-35.508305008793
-34.527236652237
-153.489427618822
-210.52398989899
-35.203360333243
-146.632243190837
-170.089917027417
-172.886093073593
-140.907377344877
-136.975010287022
44.905483405483
-42.640700391189
28.5990055409
-0.619055369544
-38.377553436147
-97.606060606061
16.831081109646
-194.043261859668
-38.526613089601
-164.822067635056
-158.591630591631
-89.565656565657
-173.796634734623
-101.218504097899
-195.044761228355
-150.93272005772
-159.013708513708
-177.446851325758
-153.347683729031
-190.80562531002
-92.454365079365
-161.193903318903
-42.606351601957
-197.326757389746
-190.734294676677
-29.317981009876
-209.704816017316
-83.487747170364
-33.418622610029
-158.17171470565
103.246289626172
-201.264409581304
-159.585317460317
-43.160726968344
-27.330988455988
31.424059582995
-159.193542568543
-181.537788600289
-187.30188604798
-193.167297979798
44.729354792343
-207.739886307269
-34.551144114132
-38.743068238185
-62.116862683757
-33.611652236652
-172.940566378066
120.897095959596
-30.896817646329
2.481052855565
-80.508029161594
-40.333214962121
-82.838626217532
-114.145743145743
110.689746939259
-92.031302844291
-32.330434647817
-148.271013708514
-109.866279987374
-37.164744543651
43.702471139971
24.117694805195
-36.860028860029
-108.469524345013
-157.124639249639
-92.712239583333
-182.277499464511
-186.17488148787
-137.596390100785
9.653476379306
-182.258325441919
-173.385183447195
144.204071617402
103.214293464782
9.181367243867
-155.882423566017
13.266171762266
-177.479014475108
-90.805202555691
-177.772013522502
-169.429743867244
-31.090806220689
-177.888175138663
-39.898095773584
-158.185265743371
148.319173881674
-139.279929597312
-56.432990620491
-193.985106364989
-166.365241773201
-35.089195526696
-162.371150117244
-79.738623681006
-84.478808382373
-35.513631008748
-124.074314574315
-30.765790578779
-37.36821549761
-154.834297213203
-49.373384373873
-40.273059839466
-133.961038961039
-47.595681282693
-180.547340734352
10.69724025974
26.385129193723
-170.720668600063
-55.450564517947
101.914411976912
-82.100930129983
-187.424721545815
120.530934343434
-34.814942815431
-28.301566868461
-124.121781430375
-27.736111111111
19.652314157197
49.012878858338
-153.174430549919
-93.87996031746
-79.11275492086
110.094075873129
15.543671226777
-197.778777591766
-24.473296722808
-162.723575036075
-99.561660128066
-90.983392800776
-149.452581760687
-42.803391053391
-86.994588744589
-175.555194805195
-156.514687894571
-149.931297489403
8.741550550144
-90.55467411278
-82.685794186282
-33.724136594742
-207.212043707161
-140.9402880648
-173.205357142857
-156.561971557089
-77.044905669417
-172.629522062139
-37.158557534046
-122.424324861337
-42.996871617965
-29.912600474612
29.490870620265
4.928599612193
-28.070616883117
-35.563484312996
-192.842519784903
37.584657963564
-157.806645557134
-27.590367965368
-81.896993089376
-109.852445351957
-19.788948356331
116.567919005907
-39.729888167388
-188.436889119995
-94.590991528003
-116.88474025974
-182.035095655213
-26.856212797619
-144.824863450352
-93.178118024554
24.077571544124
20.894021831034
-173.8701171875
-189.979499233405
-35.617957617469
-91.046967301362
-25.716339595734
-52.669302539908
2.515692640693
-165.542839105339
-97.395132265738
-164.478272541261
-159.231220548115
-192.932457245446
-178.033758342352
-103.426525297619
-174.854339291351
-157.158291903409
-144.234294676677
-34.413950822398
-22.823425381043
-41.72410841112
-156.578344832251
-36.451729206124
-95.476301096907
-202.362463924964
-163.527257085363
48.52398989899
-73.978383161977
-97.772534214917
-30.195366753472
-174.352463319016
-160.357676232188
-169.446358816964
109.987706304113
-158.041596912202
-178.374376437365
-187.958673650568
72.219627215233
-167.376332380727
-142.670663104257
-28.897817460317
-176.533086162969
-31.143475773359
111.74217411278
-166.17288961039
-163.589105339105
-148.262814388303
-157.721660663555
-140.18053512243
-96.100940346546
10.222232438785
-172.466638342127
-195.142483709867
-81.50399643759
-134.698412698413
1.783750591856
-102.655393217893
-49.458132525027
-38.204878021284
-176.80275974026
10.263368196474
108.295995670996
-41.47601010101
-175.551615485209
-101.483266326772
-38.7068001443
-164.228375411481
-34.777757344652
-187.111659987148
-35.185147372159
-137.538231787744
-171.852703232098
-195.171294417388
-39.269369898764
-178.292089420996
-35.084137271149
152.761806823819
-193.208333333333
-89.653867779356
-201.042748917749
-28.067480750586
-37.66082490643
139.143769235322
-38.141942584325
-99.100649350649
-185.978264790765
-80.933974933487
-162.353903854392
-157.268849206349
-106.206627519616
-88.513324864155
-177.802496927985
-138.136544011544
-31.789329539818
-179.846209725604
-32.340708282603
-105.626984126984
-35.756982844629
-63.011363636364
12.1509944591
-86.892053205041
-100.456439393939
-103.189746939259
-191.593143347538
-187.474206349206
-149.499180561192
-146.786989594607
-199.871843434343
-175.343864848259
-38.649793836806
-163.981942048837
-95.017967763573
-147.957982799536
-146.587569684005
58.832501211896
-28.131230694219
-100.928383302895
-82.92566499256
-200.354194850289
-37.987110925099
-147.367965367965
-92.813873246979
49.3755590926
-132.71435546875
-90.972410347899
-31.408008658009
-198.526507401019
-37.213285900298
98.256503723056
-151.561500186012
-108.058060374955
-136.217643088249
108.049865986878
-39.96723372114
-32.39563005896
15.853813666802
-95.603725945279
-100.042638297033
-40.244588744589
-29.1829004329
137.526976306029
-25.561036565431
-207.650440650929
-218.502071848507
-27.213223896329
-12.596853721365
-139.710969206575
-161.144689078283
14.131583694084
-41.200038541103
-142.874291181908
-93.599920099432
-26.455176767677
-172.619580994093
108.994748686643
-143.151141718525
-38.958596145608
-27.150182770788
-33.305084184479
-192.938754875767
-195.278507028995
21.853115065273
16.154318717307
-153.090586740733
1.654122841135
107.875541125541
-29.312979121573
-25.327733952246
-95.078983895878
-172.259552134064
-180.380501443001
-66.020562770563
-32.423340548341
-139.256403318903
-190.056269305781
94.269240606399
-138.096611342217
-154.742125496032
-179.461026278409
-179.351280663781
-100.406823536706
-31.817849251443
13.277079176249
-31.116063678075
-12.831521831034
-164.25556344697
-173.813221500722
-157.456256552692
-181.329906204906
-53.722031630479
-163.424450983045
-31.746322741928
-151.508640041599
113.095861657873
-36.145833333333
-37.97124284136
-37.72026627886
-152.627682728513
-161.219176277282
-32.866993737599
-141.765269886364
-31.0805477346
14.880772005772
-35.51842645202
-31.940648815161
-185.346348529942
54.79425392316
44.48538961039
-40.513327330222
113.413961038961
22.342261904762
-150.644460086355
-45.659173346185
18.659714471726
-42.592795279807
-29.853605108
-195.657647907648
-41.669482915088
-141.520119583108
-118.776883652372
-131.874348253743
-37.528839595734
-36.237443491838
-29.138798701299
-40.00963738952
-150.510039006133
-29.733232858721
-35.913051412563
-145.919663290269
-81.811154936643
-85.635399756494
-40.722520968615
-35.042215542704
-87.280421401515
2.023636899125
101.720689033189
106.274087837076
-164.939213564214
-142.8079004329
-30.884026509515
-20.367424242424
-28.979256854257
-181.598742728626
-88.776342526831
-41.244797303391
-21.185453869048
-39.897554648043
152.333485524892
-36.368235930736
-28.520933737486
-148.086920403815
-191.451097892992
-136.910533910534
-105.484106551001
132.100095542478
-126.11229130028
-32.473214285714
-187.274350649351
-169.703803520698
11.438510030551
-202.166035353535
-189.103715728716
-202.95384438695
-29.066107503608
-133.116439929428
-137.641032957927
-153.104499233405
-133.589375901876
-185.74340855542
-40.368063306052
-44.825507446113
-194.989718614719
-130.698412698413
-92.929383116883
8.494496090932
-159.036956478851
-36.469794907783
105.163618255659
-174.403158961264
44.413788414277
-103.965007215007
-152.509552134064
-162.327929828418
62.685064935065
-138.031295093795
5.964796190138
-169.604347041847
-30.706980519481
100.292380416892
1.623348439755
10.894570707071
-167.137999695617
56.359186522028
-160.65558134357
-38.185593377976
49.01138406949
-159.424615857233
-37.888950892857
-29.451868010462
-152.280483405483
-34.955058396465
-79.765143764655
-25.655032467532
-153.765161731714
-34.768377835272
-201.286538656656
-165.075937950938
-32.071088254194
106.272616652011
-31.762806637807
0.291236161842
-119.748528814935
11.050324675325
-179.888881138393
-119.862714054609
-38.712409741951
-38.040324069377
-171.672237864132
-41.369289998196
-203.324597819715
-137.338744588745
-81.53668591608
130.264630822736
-112.965818903319
-171.053932178932
-21.713211213699
-86.975566913555
-93.59066671176
-152.747106246618
4.361191082138
-175.44695701434
-210.070887445887
-27.36725161774
-163.203885957792
111.731975164592
-154.332439207928
-132.165383607278
-89.89202502142
-103.845438903544
-85.837113461625
104.976723851236
-34.244125124008
-171.124757620851
-200.642045454546
164.850018037518
-189.392488642
114.52436861641
-114.58353414164
-163.816767000361
-154.510624168583
-96.073843203238
-174.960227272727
-46.467542684095
-32.617604617605
-38.297716985705
101.650162337662
-29.981774356286
-178.489025297619
-110.049054298566
-146.191017316017
-156.979609854122
-175.483307545319
-29.437049062049
7.960415398404
-156.670933667027
-161.862361054744
-85.237706304113
105.459696363749
-161.615432364944
-192.862554112554
-204.166728670635
-125.65585190634
-94.598595469201
-48.708160708649
6.443542568543
-145.217429597312
106.566079319986
-31.821456755051
-170.416215728716
-82.143225643714
-87.45888220937
-151.994047619048
-190.145209770698
-89.169560420049
-184.284902597403
-199.484577922078
-120.558982683983
-31.048891890445
-94.492604617605
-170.417207792208
-187.345495975379
108.171516363411
-168.312597938086
-106.405114904627
-178.996673275726
-192.331238585633
-95.896354025749
-83.071090720261
-39.037538470644
19.243065772119
1.578450520833
-35.598464415359
-98.09623015873
43.753218569625
-164.184781689664
-163.273185961174
-200.891692454681
-194.17116829568
-29.862914862915
-191.393656148539
-135.738193176181
-189.128316507711
-46.519057765152
-82.732060420049
-53.047258297258
-47.682712307224
-172.288973721591
-115.148067589962
-193.76990327381
-101.452270331665
-145.787309478716
-141.470889841495
-152.188069309163
-38.991001674107
-189.776615555668
-105.801226551227
-93.723062094156
15.909742655348
-110.603715728716
-34.229908600514
-182.506382885777
-147.015975886093
-87.937762812275
-55.628074128562
112.872484964038
-134.286628844246
-30.863275613276
-1.59154040404
-27.290404040404
-159.457812640918
-150.420925916531
-167.890422077922
-21.215638528139
16.699126448638
-159.956086394075
-37.358676046176
-171.967823463429
-155.360216985705
-157.187659942054
73.6895947477
-33.387085137085
-159.993859493371
-136.05972461783
-155.736755106872
-47.939115626127
-95.808629684118
-61.061966624955
-29.854056045951
-36.858052483541
-39.181088930601
-156.236278803662
129.302751989764
-162.199585137085
-179.237025669643
-101.90853710092
-87.018869639475
-37.319915815521
-188.114615744499
103.601914442979
-27.309003117109
18.452901644796
-136.877718310336
98.713744588745
-192.908279220779
-28.530150838745
-184.573572640467
-78.270104082116
-29.866694991207
-100.407619724026
1.9767936057
-149.260371572872
-85.155663780664
-161.798222177128
-54.124992249504
-174.709686147186
-204.129038008433
-150.986381673882
46.350468975469
-29.423258111246
-47.041416537022
-190.269751082251
-187.611541615936
-181.588373621821
-40.546516363411
-156.756735885642
-40.872938368056
-29.956176581665
-147.180194805195
-40.648629148629
11.343071127007
-156.26444269706
-39.728452916441
137.268187243529
-132.409660218254
-92.371392496392
-140.503579319986
109.417839105339
-88.648448773449
-108.16351010101
-113.679826304338
43.03094209393
161.830545268534
-150.829725829726
-195.453852137446
-137.967269655258
-176.363718800731
-46.860369177264
-176.863468671086
-141.445534446023
-29.914252034858
96.475028254081
-146.002615440115
-172.873474561463
-35.535173160173
-104.262237328644
-181.22869529559
110.105589234984
-35.987131358225
2.356609482098
-161.720606596095
-142.335067330673
-149.961948587437
-41.268668831169
26.091109899215
85.744325932314
106.226468789457
-190.181707561102
-0.188561817956
-90.191628196023
-180.351814038826
-199.487644300144
14.939275568182
-187.523629148629
-53.457431457431
-172.275502654897
-138.629058441558
-179.571941513348
-105.952401385507
-135.41898336039
-78.383658008658
-29.969155844156
-94.409541847042
117.694251386634
-148.834977143083
-33.503086811192
5.705877835272
-33.13455988456
-30.210379464286
-151.422446422935
-168.316267445662
-162.649072336084
-19.840089652101
-156.348923103806
-173.744769119769
-29.758189103648
-78.899337966721
-183.470390286797
-78.259309754915
-33.620392682404
-35.203102453102
-169.13961038961
-49.655475654987
-98.181436998332
-55.690906695301
-169.254862379374
-184.922057488952
5.839195526696
-196.732323232323
-163.834936276831
-54.006826073232
-171.0220882091
-195.988365800866
-25.614525556908
-86.460227272727
-94.84891535331
-27.761054673408
-119.658799913194
-88.416035353535
-183.968877530889
-43.716929338023
-171.732392986788
-187.493596681097
-183.3770947477
-32.385982452877
-94.402659406566
-27.235562235074
-180.622204184704
-194.506431502525
-89.471312595824
-80.616349741838
-125.815373320256
-35.970418470418
-147.958944213339
43.957083389701
-143.189123376623
-191.350468975469
-174.268398268398
-147.950188266595
-145.429563492064
-20.65737487881
-37.651064213564
-69.743027371934
-144.851994414006
15.605339105339
-117.072310014205
-153.434093304699
-29.40873015873
-173.944985569986
-29.439110693994
-31.581960086355
7.4393115023
-0.152708023313
-78.930297675415
-33.426579551091
-45.006313131313
95.761466506584
-1.639909136003
-39.909083158595
10.669642857143
-178.243777056277
-185.125430504825
-150.695526695527
-69.829988642
-164.05275974026
10.543630360525
-175.91063184862
-139.755571197466
-189.227260044643
-163.606601731602
-127.929821372204
-167.401272772367
72.985951169057
-146.290875411481
-36.931096681097
-29.01155176204
-82.775523088023
-159.456418960814
47.104006724612
-28.600809292704
-154.015241702742
-113.194797444309
-169.187852999865
-85.429834054834
-36.651978772096
-42.225551412563
-146.559982497971
112.355519480519
-75.483938858451
-191.595689033189
-29.637716450216
-107.663780663781
54.992452426046
-109.887896825397
-138.91054166103
-165.909882164277
24.112172929067
-26.965159406566
-28.051747243642
8.714375901876
17.019849020337
-162.734126984127
10.121773679879
-178.875811688312
-104.160165409677
-144.857060420049
-29.414600102588
-95.583776520788
10.151507401019
-111.542491037608
-88.372451848282
-184.667991296898
44.648080272592
-71.642156075262
-89.085969206575
-118.132312945301
88.651623306164
-80.678932178932
-39.424966391031
-31.054625496032
-175.098484848485
19.888688080583
-74.950840012852
-165.396652772141
-202.936077431683
-0.638999509605
-176.327741702742
-46.205980705492
-90.462281154176
-101.783737909226
13.792941975559
7.841560837166
-186.205787647682
-96.044302539908
-89.13664194963
-95.321706884695
-160.784173346185
-196.342372525478
-99.412337662338
-41.60847523787
99.999407087054
-40.151334776335
-114.302829494724
-90.032356911751
-32.749278499279
-142.351814038826
-115.41620797822
-97.859848484848
-29.378066378066
-95.915674603175
-153.270714962121
2.601030534136
-152.784619352002
-153.680375180375
-40.025154587166
-140.331980519481
-165.438401875902
-34.606261414367
-170.889540635146
28.891975700081
-43.06718975469
-103.504421657986
-37.08199320211
-88.61257454568
-197.741432178932
-91.789399294282
20.296073175956
-191.82989845441
-35.739698181593
-154.260551948052
-128.042305730294
-95.808338688222
-182.582258832747
-78.271845829951
-194.423167923656
-32.866702741703
-34.345889841495
-177.34595959596
-192.240993923611
-105.68885527992
-151.832521645022
-175.88159144458
-200.088945397051
-148.304723434118
-30.724546666441
-73.791396103896
-146.212572150072
-96.003537749143
41.633047128653
-33.25019305781
-25.878496882891
98.137917258523
-177.688139063627
-50.795183982684
-103.224567099567
-179.76902958153
-152.173270793876
-192.465527907422
-155.718717588835
-94.174610925099
-33.080607272502
10.478893637829
-182.121019063402
-147.971508471997
-158.637806637807
-166.646444213339
-176.756313131313
-78.291473608856
-182.786172974161
127.392406204906
-32.559072871573
-149.71263415404
-104.379148629149
-163.201770072376
-107.780691964286
-156.616702741703
-46.689102943497
-39.802767490756
-167.965548340548
-148.356040172935
-149.681436998332
-211.281302844291
-35.304300679789
136.364710864223
-75.077929828418
-93.615009610615
134.440726320121
-90.552751989764
-148.678558745942
-35.679140737734
-87.673270793876
-105.770923520924
-91.693735626353
-58.976461038961
-87.479700041712
-31.116341991342
-7.092421846816
-32.207341269841
106.083784271284
-195.602260044643
-176.792666480655
-78.39927314439
-35.412427849928
-90.560134689529
-173.521825396825
7.428661616162
52.749098124098
-199.502365310471
-150.676685239674
-28.228625541126
-91.732946794959
-5.828996578508
-181.964167343074
-73.543019480519
-109.932199365305
-2.381063001668
-166.80502218051
-94.576499509605
-101.58935546875
-38.624188311688
-93.287337662338
51.234209421221
-118.742243867244
-41.752525252525
-137.038981472087
-164.592331659226
-92.979880416892
-177.247835497836
-49.069542382531
-170.291145974251
-134.559183492289
-33.134490130096
-28.3230110818
-32.207632265738
-93.685794186282
-189.346250591856
-144.961219336219
-26.73079004329
19.74243199292
-62.145464832477
-33.462281154176
-120.703295510913
-176.571678701073
-202.275641459235
105.731050389498
-147.626370780912
-156.802579365079
-170.621302308802
-29.906717848124
-172.120580808081
-117.901244588745
-32.283119278725
28.649649395743
-32.943374875992
-129.78822685561
-149.161776103671
-93.71156740395
-179.133838383838
107.66351010101
-83.883928571429
-198.376615626127
-99.913772913285
44.973062094156
46.679022366522
25.119248427354
124.091187404176
-141.615197736292
-29.304731184614
-34.714556277056
-91.379488946383
-109.6031950363
-162.959325396825
-94.77225590165
-109.255862193362
117.735667923656
-34.706452076569
-189.737303982909
-30.360938486427
-143.958874458874
105.330336709731
-94.738275613276
-58.770681141775
-185.784181096681
-46.040847227859
10.012144674986
-103.535160477543
-37.622113997114
-204.84813184862
-162.759998139881
-187.651417213429
-0.623564749053
-82.207341269841
-30.961572336084
-43.435147372159
-29.330808080808
-30.985049293155
-26.761183261183
-130.724414908009
-80.402347272953
18.315303565792
-112.061036565431
-37.955066146961
-193.887023133117
-192.799144486156
-34.378434878923
-38.546364171852
-162.992063492064
-191.448490203373
6.34348613084
-32.703525207431
-113.51452020202
-156.95266948221
-32.439832194715
-152.521657704275
-43.025252525253
4.431449680961
-31.333333333333
-35.289682539683
-184.029130591631
-101.71118868653
-30.344987965593
-42.382047314664
101.768037518038
-94.142285367627
-142.116960621843
-198.574404761905
-142.300414862915
-100.16351010101
-28.241519900455
-144.916396103896
-32.165854978355
-100.00010287022
-185.327270331665
-87.890048644931
7.623835311824
-180.814484126984
145.340790719697
-29.702749453238
-171.249118557224
-133.855341571406
-42.522206580312
-200.864550922168
-194.485147231241
1.518766769255
-95.777597402597
-189.492514430014
-151.103056231962
107.563685121302
-81.086920403815
-27.10273141572
-29.009359076254
-104.189025438537
-87.14431282693
-187.630792438898
-88.772428526335
-201.745477937861
-143.050512801001
44.175224271172
-92.386994949495
-173.35875848327
-166.2047053966
104.89546236641
-40.117944934839
-35.111389424378
-168.284639785128
-155.752262440251
113.622997905957
124.451128542681
-87.280733535128
-177.409325185448
-192.819083694084
-158.06259018759
-39.427481426993
-93.234479983992
-32.507547573954
-187.427128427128
-164.488005050505
-161.806707561102
-96.832431457431
-128.665404040404
17.373196248196
103.3777880648
7.157447099342
-28.691408716067
-194.431916119904
-116.816898758793
-37.163780663781
-149.835297027192
-194.44218975469
-156.029934529446
109.842442279942
-90.486394356512
-172.693112063718
-38.156627660534
-28.708346015963
-185.443529885913
-71.281746031746
-38.811860936373
-27.397655052196
-103.595848975244
-91.92784992785
-166.563943001443
-201.566017316017
12.535255597267
-91.670897732909
-101.88255532445
-150.829184704185
-186.077471139971
-164.83466571406
-26.383846134334
-33.517135642136
-116.18081836783
-144.41514122813
-36.56050812252
-86.219864662247
-163.077569078057
-139.486902366297
-35.104264604753
-201.296248266707
-133.15594209393
-185.090540590052
49.827311197917
-103.282988224883
-179.704713147096
-185.438935250947
-185.322080317686
10.32224025974
-152.694915815521
-190.742625050731
-190.514069264069
-188.266406390918
-155.699953637942
-32.979347041847
4.120490620491
-107.933273865891
-35.58371451682
-164.161157473169
-173.253004374098
-35.399252711264
22.934415654875
-192.175943305826
-189.852653910759
-34.883269074675
11.562700808306
-140.182186682675
-42.952491573097
-34.0233406188
-33.415125727137
-170.359938672439
9.16829004329
137.707980333469
26.24695405506
-144.224054157648
-158.057457245446
-191.61056998557
-171.953821487757
-39.274621212121
-39.614739047845
-16.069985569986
65.943490781137
61.101108039096
-194.677058672664
-30.810536306142
-181.063123562635
-32.963772772367
-33.82233044733
-66.478715728716
-33.016164011769
-186.981614414232
109.683361587414
-111.974685470779
-198.037989408595
-167.469503911887
-39.115600057495
-172.90081408392
-149.866161616162
-168.134116697105
-172.381243376849
112.743715052309
-127.57971807923
-26.030052900658
-108.996412929518
-77.223665223665
-36.487353304248
131.400912022006
-176.006251127345
-66.920627170139
-89.765074010191
-172.091741212347
-37.719217848124
-158.493879926497
-91.023420589827
-79.705094330583
-148.430202555691
-50.023829956935
-88.38770869972
-14.507021949405
-33.393771701389
-19.318091630592
-31.849665037653
-194.369957245446
-203.844163594652
139.711569870017
-88.592254154266
-41.507763883252
-40.459127054586
-68.26730826682
-33.084145021645
111.522739955357
-79.552739307134
-79.846874154491
-47.109064980159
98.412067099567
-27.600628917523
38.047827606421
-169.767135642136
-112.671266233766
-161.770805149711
22.26443001443
-173.60562235074
-188.670627170139
-165.891135828148
-2.508457200352
-37.656024531025
140.192117534159
-194.755931947826
-36.461732278139
-31.153942465954
10.54502404063
-187.098747660759
-151.192981009876
-54.10884867086
29.216901154401
205.2104305471
-168.179645929158
-97.077499323593
-177.848755411255
-195.161172974161
-28.751154471613
-39.811085182179
-152.776597588609
-158.428911745806
-183.522013522502
-82.871101500496
-26.644771515377
-158.483114487509
-53.167109854122
-105.265269886364
-200.564303751804
-33.852445351957
101.313582251082
-98.652056277056
-179.556109363727
-156.378857633252
-21.014880952381
-185.619949494949
-28.581259018759
-52.871732813627
-87.173590677985
124.779651284046
-195.007763883252
114.223562353445
-173.445547128653
-44.467962972358
36.93281024531
-139.080640388258
-36.720709466315
-3.101177793561
2.758209536774
-155.412670229076
-122.315927128427
-25.641115395022
-122.572031700938
-27.680014430014
-88.622667805285
9.190115440115
-70.409369222358
141.481313201772
-198.986299236788
-45.158209466315
-167.113427804834
-96.943993506494
-3.914051226551
-158.108946608947
-8.391774891775
-93.501623376623
-49.938399409835
-172.753787878788
-59.287046666441
-30.625360750361
-137.375799005682
-150.26786735942
-175.638806451795
-38.581591585498
-29.159000721501
-109.888084951073
-170.071621629239
-191.402519897637
-38.616081645134
-97.739996927985
-26.880419005907
-180.209325396825
-162.494490806502
-170.007325627931
-54.343877530889
-0.585199089105
-100.863283363772
71.68798158764
-6.334387400794
-178.605326422709
-166.603187285804
-24.960690893308
-192.399822020428
-21.957070707071
-156.504501629013
-153.425796046402
-155.340999278499
-36.681988340436
-25.194256318768
-84.561245124233
-175.448773448773
15.367666621573
-68.40177796379
-2.665215914728
-184.025695712707
-28.100662033279
-35.357212611607
-172.033938717532
-190.817828818317
-33.873113811102
-159.139618140106
-107.086157332251
-32.629308571203
-162.215561023178
-202.565636132531
-163.866161616162
-204.496580622069
-150.652396594291
-151.30266955267
-98.430014430014
-94.082709770698
-85.924721545815
-88.459608642226
113.811479752886
131.172258297258
-45.41629816581
-154.133477633478
-197.462203649215
-168.606774356286
-31.882395382395
-102.883637575532
-44.862463924964
-39.475857909452
-149.202831890332
-26.851002350514
153.773005585994
-203.65464353355
-92.242133246528
-133.54032160331
-93.633928571429
46.468854631696
-31.116169366658
-152.827283014295
106.614919423025
-31.360848298837
-159.832784457296
-140.485111297123
-33.266803075397
21.756431502525
-28.627254689755
-178.768480705492
-14.411513291396
-37.935355930961
-183.408828096816
-47.352875856782
-185.454427083333
-167.088633968029
45.682441744453
-33.034168414051
-39.792478354978
-31.553182494589
-260.169524485931
-27.364829235435
-103.509840663893
-40.635351139746
-115.286412887243
-30.48269173318
-41.404122841135
-195.216367779356
-37.201847577336
-80.508830633342
-39.183820275861
61.698412698413
-31.779499092487
-41.418720548115
-161.194555065161
-129.648657332251
-77.550054112554
-39.206328773223
-147.077641298589
-34.133848600401
-31.847132034632
-71.426878297484
-44.305452685335
-139.946408138303
-48.573260506854
-204.52400258162
-139.423320115215
-195.851120721726
2.774621212121
-179.319915815521
-29.437151932269
-151.343524531025
-29.202393635011
-28.872142180736
-160.702388702877
-24.131050319039
-162.766844646239
-80.882104386499
-186.222833102228
-162.657369594381
-163.181297489403
25.989530489042
-81.275123937477
-93.674943491838
-161.454094516595
-151.374636783572
-194.660373968479
-188.58630952381
-28.677308802309
-41.562201253608
-190.521902901786
-28.656676277282
-32.944993320482
-193.391483895878
-38.405032467532
-163.162067099567
-75.925512801001
-42.702471139971
-99.392328699946
-187.143099522006
-194.23288479099
17.172065239448
-162.70365132914
113.836961270067
-171.770472582973
-150.129329004329
-28.038059163059
-200.554215424333
18.573946073458
108.78852278364
-192.019217707206
-181.086933086445
-33.748459060471
-145.112082741477
-193.549783549784
-58.781926406926
-113.651806147412
-96.569366939484
-173.222430781024
-31.940628382035
-84.55599874301
-70.642578829591
-87.945518945031
-39.259732509244
41.885662568768
-173.054743867244
-89.648268398268
-51.147657518263
48.991321558216
-178.074688007305
-158.896132079726
-39.54796711535
-46.854056045951
-32.978334545229
-164.901845252187
-34.501803751804
-33.859660359172
52.053280432675
9.078435019841
-68.636453823954
-111.193472814078
118.625298746392
-36.982864357864
-45.681297489403
-111.63683500744
-164.431367243867
-172.133748196248
-114.602703232098
-94.190226060832
21.878607503607
-49.461121398133
42.889007260101
-122.602244543651
-45.375458688447
-84.869678932179
133.575334821429
-33.588984501826
-160.463183030078
-29.743338800956
6.699855699856
-175.518661080673
-191.856872294372
-193.063241933847
61.734577922078
-184.439484126984
-182.49903612013
-90.327290764791
-185.918740981241
-161.747534285376
-115.749208744814
-46.07042875744
-192.159472092578
-172.548812271713
112.545897732909
-150.522887214782
-30.996232554338
-21.600989667884
-29.277236652237
-30.550214054609
-161.342991155979
-40.906913724297
-29.418843851461
-37.508658008658
-94.036185656791
-29.284013404131
-113.285894660895
-205.051968485074
-177.373925499414
-195.338133708739
-28.959657963564
-161.056617373512
-39.909832842938
-142.682289552895
119.053849741838
-195.139097447691
-136.20479558419
-25.44696969697
8.046536796537
-145.494485874369
-41.400551271645
-27.815538194444
105.621663059163
-114.113997113997
125.47373497813
-42.024059653454
-101.480429292929
-41.142578829591
-189.665043290043
-161.239115485209
-168.675963738952
-158.814644069039
-187.00955988456
-35.522637085137
-173.010982452877
21.504135946519
-195.972833102228
139.800206304113
-35.623384373873
-32.360131730249
-138.908467346456
-27.624085441468
-96.261987198999
-37.156663594652
-207.987283549784
-181.037247474748
-209.509116697105
-120.955184518173
-38.398010518128
-36.36831836783
-17.835137085137
-161.448322510823
-157.436768282716
22.298971861472
-109.761606015512
-157.174234673746
-159.633547387942
-148.24838683994
-29.892857142857
3.865179769233
113.598513032107
-190.495732999639
-38.479326608721
-51.204545454545
-29.853805916306
-186.11907580267
-31.48050679789
-155.040215914728
-177.598186102092
-134.516865079365
-96.764319393714
-93.502628122745
41.762917258523
-71.637884142767
-34.391792858834
-144.065283132666
-179.612525928932
-156.460497835498
-167.881854256854
61.287605759041
-158.574958570076
-156.662239724251
111.201868010462
-31.292138037744
-156.178501674107
-189.512634013122
-170.171328237734
-29.277376161165
-101.555444934839
-94.060446118552
-37.835879018984
141.41254622114
-134.883665759154
-99.160283780889
-164.859417980023
-178.666187545094
-196.903777591766
-204.998544315927
103.870663245175
-157.777499464511
-98.229506983902
-108.328262395157
-78.671835542929
-133.81755050505
-40.864718614719
-142.876520506403
-153.031746031746
-180.866251803752
-34.504151095216
-15.296273984262
-186.954434833829
-43.131431502525
-39.02329658189
-167.162891470509
-37.658709725604
-42.669475164592
-150.705975773359
-0.229895917884
-94.68368393759
-28.351911976912
-25.774981962482
24.069083694084
-199.236430642925
-84.050762930646
-160.434773939168
-49.771472396961
-33.561930690837
-174.798402552309
-36.172987548476
5.806026926632
-34.625
-120.741612554113
-152.151236838249
-53.905663780664
-85.028409090909
-113.331369639475
107.325840012852
-87.736381673882
-179.720779220779
-76.595889841495
-187.307531932044
-0.340937274531
-39.129218383613
-156.232163290269
-195.222776030393
107.231802539908
-32.651036029942
-41.297085672574
-194.888180070797
21.368707301813
-189.567308125902
-22.722652727047
-153.887716450216
12.509026509515
-30.396165900072
-197.168650793651
-153.964113089601
-92.17403386544
-36.557171181683
-197.254759509154
-36.947879323368
-95.969253782242
-86.298340548341
-156.686778499278
-41.572670764565
-112.87759500699
-150.658070661977
17.332890145878
-153.114267676768
-180.92803030303
-26.15883302895
-99.44037825239
-170.249487058081
113.99378727284
-173.504308571203
-193.534541847042
-39.043207606196
-29.916774821316
-55.774350649351
-178.960227272727
-32.77226858428
17.261002886003
-30.003775196158
-34.655290347673
-183.717735741906
-188.364380763551
-77.70879202178
-29.404318717307
-210.318529885913
13.44409144458
-41.864107734713
-145.901064213564
-144.910276030393
-92.133936321925
-147.22130766369
-86.777056277056
113.852836752007
10.121392496392
-185.896271588654
-138.843426592938
-189.147608901515
71.543720548115
-29.602460852949
-140.09154040404
21.791774821316
-31.537976725965
-38.464195526696
-124.609315109803
-119.770812900207
-86.289870665359
146.93146764802
-32.071420820933
-181.563754875767
144.92524223823
-91.002025345531
-152.131583694084
-91.642316017316
-37.823412698413
-34.000610880005
-41.243879926497
10.392684518173
-164.325577200577
-174.55294011544
-84.680666176272
-138.870420866026
-158.523789090684
-27.581411210317
137.503406695301
-196.154942279942
-104.871199438582
-158.343101776696
-104.632866753472
-188.983676046176
-33.545918166035
-195.51453288465
-201.497765743371
-31.085239955357
3.887724200712
-193.359680792298
-84.5512882029
-167.928383302895
-75.989808802309
-28.558230533572
-187.577561327561
-198.725711354618
48.500257880141
-36.981962481962
-159.560868872881
-166.489455802444
-124.332168645157
-41.803190245085
-31.246129684118
-29.700847763348
-32.630661385056
-95.811237373737
-35.42881380772
109.245768933757
-34.751352813853
-101.061227157174
-42.736389424378
-144.795302353896
-192.682449494949
-101.730241167253
-202.910533910534
-171.145833333333
-33.54625848327
131.525175020292
-96.658127029221
-192.405926592938
-37.25468975469
-182.00743378258
-187.128176998782
-176.688865496483
84.373544315927
52.66934411075
-32.184371617965
-30.833160708649
-29.868042872926
-201.366883116883
109.030545409452
-186.052579365079
-129.683982683983
-176.852362914863
-150.113386233992
-110.70672263934
-194.568522135417
-189.638517921965
-140.509629639024
-27.994506307495
-159.776424963925
-189.862824675325
-46.409812409812
-112.132117069129
-27.560766002661
-150.674783549784
-164.790375856782
-138.893377835272
-162.964806406701
154.850358354753
-32.970931412338
50.584886955492
-193.224497345103
-32.19055862757
-199.078545640557
-184.312299191694
12.484938672439
-37.413247288736
-184.831599335994
-33.171096075149
-91.352182539683
-195.899010332116
28.529138342127
-32.883624892902
-34.049775799288
22.193452380952
-160.54607810809
108.064045871663
-86.236464110976
-34.519508703102
-58.179460621843
-185.537858354753
-90.357240795229
7.798693548205
-154.527007308013
-34.869034936418
-206.52534517891
-200.391414141414
-182.875992063492
-40.800607920725
117.355068542569
-160.887876392271
-143.751533189033
30.091700346095
-173.356393172799
-30.654122841135
-38.209255642361
-160.570165945166
-39.949843017226
-179.811577690972
-36.528040590052
-33.063319438808
-158.541777287383
-39.828172207567
136.961930620378
18.857230578666
-42.183523995536
-199.129980750586
-28.796335988231
-40.532905787789
-32.204066332973
60.577671948277
-37.046278916396
-140.599837662338
9.475025788014
-50.100448542343
-99.376290809885
-32.976530793425
-88.050427545545
-55.367243867244
-32.671364171852
-166.385260952155
-44.915924732819
-37.923513173025
-38.340798470193
-159.891955266955
-119.719356652462
-148.161979378044
-124.19037825239
-175.223747660759
-197.999840057946
-184.597410347899
-24.951311383929
-49.440767186373
-34.692161571068
-106.982421170409
-175.057269119769
-89.47582972583
49.386175510687
-39.189914631809
-179.892037704049
17.367591934975
99.141483895878
-139.45871451682
-108.56031506471
-75.762966579861
-34.211026278409
-203.742153679654
3.736373923386
18.004581600041
-188.596057534046
-34.065357819264
-32.336379278274
-98.039612785218
102.775883838384
-179.679300679789
-172.568161385056
-41.244068052174
-34.954816017316
-87.034341038736
-180.905462972358
-32.32207256719
-152.829066332973
-159.14431282693
143.689775122881
53.817071383478
-30.983696479302
-159.25687468998
6.396263838158
-38.464203277192
-79.562299191694
-35.047328051723
1.039502164502
-36.39725590165
-151.401064213564
-33.57196969697
-33.033439162834
-114.017877575983
-39.647747705853
-27.348775844381
-148.190205627706
-142.076677418718
0.773711585723
-189.523649581755
-178.70663245175
-192.8559831011
-39.450569450081
102.229617604618
-181.3961116466
-156.046346204793
-95.790396289908
-202.442661125767
-183.960067330673
-150.94715007215
-4.948162568768
-171.235397360886
3.839097588609
-143.600719105114
-90.778499278499
-151.135178515061
-26.313479380862
-37.051136363636
-88.100108225108
-156.814484126984
-114.280753968254
-69.016774891775
-31.457431457431
-24.241470579117
-194.069985569986
-187.165563982458
-143.777687590188
-92.650170088158
97.261281199269
-178.301386493281
-52.234570171582
-196.552919682314
-39.274690966585
107.078373015873
-22.952373201885
-168.090540590052
-86.625811688312
-98.757367198773
-29.448440882035
-118.112824675325
-89.464826839827
-152.975837476326
-160.718246217758
-34.709776334776
18.391795324901
-29.48079004329
-146.913157101145
-165.9115055409
-103.257506003111
-30.149961529356
-87.641844646239
-27.780751502187
-160.684253246753
104.120490620491
-137.663863100875
-87.593406159812
-43.364169738681
-170.472291976686
-150.154769655258
-26.719086089692
-42.256132756133
-34.599567099567
-93.105220734127
12.013077200577
-33.729506983902
-169.174685611697
135.028118095013
-40.612012987013
-183.503136132531
-157.704648324766
134.3366829568
-173.6295995671
-204.100177979572
-60.968635151741
-81.582153144165
3.945784575667
20.283840779446
72.221237909226
-97.906748497813
-33.572350880456
19.545343924738
-152.734417980023
-37.534701789096
-34.530913910308
-83.704365079365
16.210876552918
-87.897830142947
-160.207439207928
-146.579336895743
-39.267566146961
-171.375741933847
-26.292648513596
-96.246134616252
-183.503705441694
-73.853354978355
16.804986246392
-132.657738095238
-181.598472165855
112.935786435786
-43.394570707071
-168.730797793786
-153.420823046311
-190.66323953824
-46.029270100559
-32.247356376263
22.054924242424
-89.645652958153
-29.140705323323
-171.24981962482
-179.862033420139
-37.130419005907
-180.310515873016
-103.593042943385
-200.83439515129
-27.249799191694
-92.287961224973
-42.337474211986
-167.171356421356
-118.649793836806
-70.847853535354
-162.217151284046
-136.246191688086
-36.781052714646
49.143668831169
-89.099276103671
106.590174907558
-116.741334240846
-31.486291486291
-29.895923520924
20.405135337753
-36.532294907783
-96.315373320256
62.663878601867
-70.599188382147
-76.148657332251
-116.371691242785
-183.453290578779
-89.000250129645
-38.277417027417
-27.281261978039
-45.849469161481
-35.27120183419
-164.530212842713
-52.733778916396
-0.430986060381
50.95232141448
-176.520895337302
-179.621199438582
3.325036075036
-34.570977633478
-32.930776796988
-145.997667805285
-181.546093609082
-148.407016594517
-142.546696738591
-155.906295093795
-86.015692640693
-203.662056883004
6.411726782332
-177.411054602949
-19.773100705718
-38.643779451885
-34.991349741838
-129.809363867469
-88.231962481962
-103.415752108135
104.949667574179
-151.159559814101
-32.186778499278
-29.61343555533
-92.35874580064
-84.579295324901
-100.102986477498
-155.481143043155
-176.157078598485
-29.563020692415
99.792277546672
-202.452360519255
-30.282016594517
-25.626602943497
-99.517955080943
-192.537435600424
-46.473907602814
-101.018738585633
-99.685613811102
62.104244171627
101.348142065183
-38.857683982684
-3.175221805105
-31.006132756133
-81.008116883117
-32.824927920387
-27.859938672439
-33.334748151154
-28.940927128427
-91.869400618912
-175.812056812545
-192.269562956575
-165.437028628923
-30.170003607504
114.636737069354
13.333050087933
-92.786185656791
-196.010191197691
-149.294204601822
-39.240731111337
-31.617985801091
-34.120049899103
-198.517053205041
-93.199757761769
-37.210670460182
-88.822490389385
-93.377816248422
-41.757014198909
51.331601802061
-188.903158961264
-25.774981962482
-156.247897501804
-186.450043825532
134.347966622137
-32.023518527913
-28.100628917523
-100.536103219697
-160.740592306999
-32.626463434569
-151.366592120987
-31.032168786075
8.424072265625
-33.23166373557
-37.441115254104
-29.610590418696
-190.292478354978
-122.545732858721
-32.978705512153
-107.594877344877
-104.324667574179
-186.110459364854
-33.245019249414
-163.964396335002
-148.228916537022
-0.884088513483
-163.476272913285
-31.896284271284
-114.906774215368
-34.722590723079
-89.486028674017
-182.130509193497
-192.613115671221
99.760273634785
-28.931297489403
-158.299074731692
-22.528957966946
-80.484737864132
-153.128867849815
-184.073051948052
-198.537440532558
-37.152347272953
-35.869220243732
5.042769350875
-35.273629148629
-185.633305008793
-154.262085137085
-35.244220243732
-87.507403132891
-37.982766419778
-32.890679958063
-35.69437468998
-35.543279826727
-29.71158008658
-44.816197691198
-166.691857187951
43.482413419913
-28.939857559975
-21.197691197691
-162.409181096681
-99.479449912067
-35.450654705538
-100.438020692415
-189.82614650974
-138.257215007215
-155.041045570098
-197.029921846816
-150.220598845599
-152.534992784993
17.909812409812
-30.756931761815
-154.493854561237
104.170011358
-95.616329308712
-157.114898989899
106.620761183261
-157.290195481602
-32.818071197466
-87.671626984127
-178.007665945166
-29.821531441649
-32.543297793786
19.274559208153
-172.13646157445
-163.101461038961
-181.985229668335
-32.643418701524
-190.06058562748
-147.932462177579
-28.515602453102
100.306655773697
-144.06545575735
-91.936528369634
-98.468344155844
-27.30980212279
-162.965159406566
-189.99033724522
-83.474747474747
-166.261273448773
-37.77398989899
-39.117063492063
106.122216867334
-174.653762090774
-49.239259926272
-36.302857678346
113.781686493845
-195.247863681457
-164.697941327336
-173.598575036075
-122.505952380952
-165.789662106557
-156.248757806863
-150.55284992785
41.610209235209
-85.945374503968
-39.426554185832
-159.988275613276
-33.261724386724
-0.559974747475
-41.651242122678
-150.684794372294
-149.188123562635
-159.141143578644
-51.499015687004
-156.746204370716
-163.938680189168
-176.885309568903
17.144591140197
-40.311770748782
-164.991723174829
-169.605088975694
-38.405365034271
-73.847943722944
-156.823593073593
-202.090535657918
-28.633838383838
107.832549828644
-198.878607503608
-44.108225108225
-155.027777777778
-93.33667027417
-182.756022135417
-36.248454128337
-169.839027834145
-37.121552438447
-38.917027417027
41.59039614899
-23.209706580312
-178.107946794958
-183.002705627706
-82.952824139836
-36.964757085363
-82.720841224747
-28.122835497836
110.068444630456
-109.162871037383
21.721781500834
-173.141877761995
-27.75361772017
-76.956509148404
-39.499108340661
-191.734856235344
-176.031385281385
-186.199974071068
-101.491251803752
-39.014958457341
-189.728507169913
-88.458673650568
-127.729089161706
-27.267135642136
-138.025182770788
-122.465298210904
-175.30953156002
47.392336450442
-30.629329004329
-52.802218614719
-165.769099335994
-37.679896058802
-160.482080853175
-197.56946487757
-94.733032050415
-36.620781616387
-185.466893403905
-150.956436927872
-36.9154117909
1.906302844291
-116.731892727498
114.168740981241
-149.717179467668
-31.007096636003
-108.64351663961
-150.851218659812
-98.841622841135
-145.173152422664
-38.434593563988
-94.150723896329
44.001102684208
-28.41560484871
-36.084047083559
-22.089494273088
-198.971743100649
-87.465277777778
-183.515880766369
-31.363914676903
-164.881465322872
-31.766705137311
-31.689564098011
-143.106269164863
-98.459222526605
-177.809876809389
-3.808802308802
-101.190115440115
110.351383534001
-98.042125355114
21.781838685403
-126.935257992875
100.798458919553
-32.779880275974
-85.212113461625
-135.408369408369
-121.885802077697
-30.367682122565
-99.332521645022
-72.288066913555
-176.660185842803
-97.258235254329
-40.601711168606
-115.734675860164
-31.331910765016
-93.293540172935
-26.835149767767
-187.027855282738
-52.478813666802
-1.445797258297
24.857843924738
-173.718893031881
-179.570776825171
-83.87490981241
-2.939241747835
-156.274178024666
-178.783910533911
-100.128718124324
-184.141414141414
-152.893508889114
-78.416125541126
-35.761265698277
-62.084956709957
110.770555020067
-98.191558441558
-101.909010938064
-31.274551457657
-143.468073593074
-165.927870360976
-169.946255946744
105.555983594314
-26.337419958514
-170.501886188898
-150.946608946609
-188.999528628923
-83.35396585836
-35.62587369228
-198.291498974116
-91.092442279942
-189.091560837166
-156.876525438537
-39.383567821068
-141.857962295951
-55.73785779108
-144.060758252164
-185.289764976777
-40.922652163375
-185.600386538375
-26.296869363276
-41.439824444219
-41.855158730159
113.050955988456
-53.795707141166
-193.427218614719
-171.987221545815
-103.948613506719
-172.929583925189
112.674520737509
-159.936605874594
6.949878599049
18.734286926181
-37.449683075171
0.696248196248
-188.82952502142
-170.151715959821
1.19054594494
-153.477530607413
-157.885711890106
-48.039301356196
-170.222132034632
-204.281385281385
-165.086329956935
-73.504329004329
46.445526695527
-34.488816738817
15.464215959821
-141.946997880592
-138.987644300144
-37.595897591991
-112.536165223665
-176.61266473327
-153.291506724612
-91.6856884977
-76.081771960678
-28.833042337437
-146.013445701434
-30.125548876037
-99.654934529446
43.182356841292
-163.632403132891
-139.561801398471
3.456086394075
-146.414051226551
-106.349850344968
-32.251324630231
-33.444715007215
93.495573057585
-77.874098124098
-37.303288183171
5.662979192032
-148.85004622114
-125.329725829726
-203.373003190386
-154.807920866026
0.794129915224
-31.425775613276
-134.146845829951
-36.411783854167
-89.234647676542
-79.241862683757
149.285381718976
-75.090535657918
-44.023100705718
-144.953360333243
-91.603805916306
3.239911672529
-54.428759554248
55.193091630592
-190.909894846907
-97.205738326344
-34.907196969697
-0.671098541216
-160.987554112554
-30.636904761905
-200.432908183396
-31.518140388258
-184.321178441784
17.403236466225
-159.830717893218
-179.986922799423
-32.141787574405
-176.939316434434
45.837641904536
-159.845315600198
-122.288051412563
-147.488808988321
-179.166326349432
-137.887876392271
72.99216143015
10.9800065386
-26.412976725965
-32.117674372069
-83.194794978242
2.635842943948
-160.700958384064
-179.076922263934
-193.696026602521
-32.105990851596
-30.440648815161
-174.314852627841
-44.252886002886
8.624971816378
-37.817259509154
-146.416653984037
-101.890151515152
-102.818454847019
-40.124827375316
-90.71645021645
-86.229700041712
-195.295725108225
-131.672990014543
-30.840277777778
-156.796426175821
-23.651507401019
-59.119498556999
-89.820243450126
-161.473935786436
-1.061337777891
-167.459693897682
-170.577581760687
-140.37291793493
108.297647231241
1.611672669778
-211.381854256854
-154.663608039096
-174.244990713497
-65.464826839827
-151.388806451795
-38.115558486652
112.652115814958
21.168622610029
-190.509588068182
-133.958250896239
-159.568730694219
28.571941513348
-31.433712121212
-148.658196783685
-60.205545268534
-187.818823347876
112.383990575397
-88.114648860254
-34.314873060967
-34.459345829951
-152.412074850063
-179.245330678436
-35.611992553887
21.025523088023
-49.419522019864
-38.032738095238
43.449474516369
-167.192107317596
-44.88943001443
-35.234377113772
-25.965007215007
-191.699876132982
-34.168462667974
-71.417009449968
112.812750129645
-3.445276565882
6.863095238095
-162.941558441558
23.398157777552
-56.87708206507
-184.90863997114
-201.979285037879
211.155310780799
-91.633660474725
-26.214347718254
-201.149072336084
118.68759018759
-198.936430431548
-37.489821484939
-147.558781875676
-87.859577922078
-163.290210982594
-33.349948283054
-200.916777287383
-164.44246031746
-173.597214471726
-159.776715959821
-38.174139554022
-109.498819810832
-116.878176998782
-102.97314453125
-92.676308988321
-32.985938486427
-48.128357373963
110.764159451659
-29.198855885868
-0.983377299784
-45.29336754825
-168.66836754825
7.042498788104
-156.312770562771
-143.620732999639
100.867145929158
-39.188700622294
96.721779034767
-161.105491296898
-169.785533910534
-164.155192409587
-136.678579179067
-28.568431947826
-150.222235257147
-128.476440605835
-48.714105339105
-142.299144486156
-27.264770331665
-37.616063678075
-28.524538775027
-200.250528442911
-29.915015106421
-117.781114718615
-39.600468975469
11.863453522389
-104.58936815138
3.419261673656
-172.346743100649
-97.387355699856
-82.214579176249
-34.012085137085
-24.117334054834
-144.757665945166
-30.070506262401
-31.703834170387
-159.742596867109
-41.880681818182
-198.090007215007
-79.094774474657
-104.235327606421
-149.186848253743
-35.747895035737
-191.268197460092
6.365370360976
-38.896194083694
-174.308523995536
49.314053622159
-159.148969465864
-157.973186102092
-176.079094516595
-30.500811688312
-106.02275017192
-68.690814041644
-107.888888888889
108.42125848327
-205.441437604279
-193.743957431457
-103.106143043155
-187.406565656566
-187.881222943723
-162.842705092217
-36.415404040404
-193.76462307224
-141.478986291486
-100.628594820978
-42.373028555646
17.654339150433
-181.316669062274
-105.422348484848
-34.888610575622
-91.24731480542
-15.039702972808
-152.892669017181
-27.351981731376
-94.155052900658
-142.305437184343
58.69974507914
-37.028527462121
-73.499799191694
79.166847041847
-31.469426406926
-37.115092047709
-120.224858095464
-164.985139480745
5.58831408392
-154.23911020078
-90.532619724026
-170.370879554473
-28.589826839827
-173.023247965142
-183.355990851596
-28.31497346512
-136.859479983992
-176.074494949495
-25.019923706935
102.735021109533
-35.328205323323
-182.573691011679
-203.791736421131
-0.083951963835
13.684085554203
-76.620843620355
-37.229687359082
-151.009101196113
-80.346869222358
-86.645575453193
2.070047573954
53.741895799513
-114.92765687004
-170.549252640805
-151.251352813853
-0.503697691198
62.691898758793
-30.909374154491
-158.288961038961
-105.396181401064
-157.654027721411
-186.028241398359
0.356511544012
-132.980269350875
-181.195256132756
5.955349392361
-85.759178701073
-55.466748962843
-41.887634013122
-81.582964832477
-179.413710909316
-178.802460993867
-35.95479558419
2.202082205988
-30.474304287293
-160.495560374955
-208.441349882756
-163.89315588925
-142.364517806412
-196.148822206439
-122.248647186147
81.549886420004
-129.464113089601
-32.426149046266
23.513638759244
-152.99512987013
-85.571719567325
-89.939463693858
110.097845784857
-158.49505236517
-193.345980029085
-171.68958206507
107.629308571203
-187.549324861337
-136.798090418696
-141.750450937951
-99.215069218975
54.607323232323
-179.978805916306
-203.44418163217
19.96233223699
-161.248208930826
-180.337141645247
-32.578893708288
-32.317259509154
-84.139589956484
-158.869019435426
-0.447420634921
-158.450556767451
-26.996281875676
-163.98547979798
-202.682962436869
-79.206099076705
-170.952290764791
-153.914592352092
-183.856691919192
-188.052378556773
16.247843248332
-149.833513708514
-131.218163780664
98.132756132756
-188.919372294372
6.841352278364
-34.220751037157
-175.980539913645
179.411247660759
-77.939033189033
-39.948593073593
-147.972825351732
-161.45583626443
-195.268328513934
-46.094998182156
-156.532134965729
-91.360951169057
-125.642135642136
92.798371198029
-174.403790274396
-30.834894705988
110.320817691423
-160.273247965142
-200.991710492199
-156.831168831169
-150.968537213654
-164.251061817956
-186.01261851213
-186.335046897547
112.59986584596
18.30782292794
-33.783098845599
105.115241773201
-172.17612861314
-101.352375597493
17.67881380772
-125.388618326118
141.84957731613
-67.995392682404
-174.520382395382
-30.874188311688
12.557359307359
-33.693735626353
-108.512966579861
-142.314656751668
-27.078914141414
161.503627936733
160.261170578553
-37.152298656205
-32.534714471726
-189.180653493642
-190.044532236427
107.557178932179
-86.751976376488
16.263950892857
-142.641081574675
-34.529950030438
-30.781287343299
-193.442640692641
-102.227573939732
8.136466506584
-82.582724919395
-29.967630405619
-30.23826786278
-189.200494763483
-33.640241702742
-169.956197014791
9.36516955267
-32.010634385146
-190.119761369273
-119.317390562996
-152.471292162698
-167.099920099432
85.724837662338
-82.7993350779
103.526056463068
-174.53392321654
-53.32414194963
-74.410726968344
-97.247655122655
-143.702922077922
-40.325487012987
-156.563652005546
-183.96646289908
44.207882395382
-143.421987734488
-43.844356652462
-41.531934157422
-28.871933621934
-104.35607857312
-31.234500417118
24.153027907422
-171.422791672303
111.816009565521
-180.350476725965
-173.988484172078
-152.42774705763
-27.265991387085
109.731310735705
-154.757305194805
133.388819134425
101.453756665427
29.752236722696
-49.767076104234
105.9393115023
166.462670088158
-26.275432900433
-88.460144835633
-147.660484941491
-85.955800330312
25.650430434366
-29.512896825397
-189.17106542546
-43.902479031385
-151.975386538375
-26.442269725717
-26.26937764926
-182.30762987013
-84.057096495085
140.991352207905
-96.789600102588
-162.75574382215
-90.266213333108
-23.923984544102
-158.073773448773
-139.271915584416
110.334853839737
-105.612451242334
-166.436667878562
-173.140262135868
-162.98260154559
-199.463113275613
-201.337641904536
-70.712412208018
-45.509678255772
144.90721986889
-161.023641831259
-186.346430967036
-106.667588975694
-105.419990924874
-83.831377389971
-92.655303030303
-113.437229437229
-175.124167878562
-171.328811271194
-43.686696062184
-187.433178746167
-170.577290764791
2.979875484758
-64.790043290043
-53.374250315657
47.327929828418
-111.069514198909
-151.417929292929
-88.98573767812
-92.57281203497
-37.263237142632
-37.4740055409
-90.13160412721
-34.462592583198
-147.207902828508
7.5836116466
-150.499105874594
-27.225188196135
-139.191370315882
-27.597492784993
-83.210477402372
-95.514983822601
-31.218802844291
47.615251989764
31.891934833829
-175.342602221997
-193.766221083604
-24.511925195031
-201.383116883117
-192.740700461648
-156.588043521149
-191.687056812545
19.219426406926
-34.974727041622
-164.110631989538
-157.498667619273
-189.46922559862
-42.274348183284
-121.833250896239
-179.099304287293
-84.839576710182
-84.668359797754
-96.488102988591
-36.882395382395
-42.738656796762
-32.283557534046
108.364079551091
-197.418372480384
-102.448670578553
-104.004349437455
-104.64593127142
-138.343413910308
-188.652589652101
-178.705274705763
5.449044011544
-33.303383302895
73.940586811192
99.755140692641
-149.135101010101
-163.974136594742
4.31117008534
-161.136912512401
-202.120011498918
-100.233676046176
-39.960838152733
-28.915932483315
-170.92994467555
-78.622364126759
-105.853076665088
-188.234577922078
-164.960588023088
153.889066798002
-205.475366105249
-133.699314574315
-33.930916305916
-39.737832425821
-90.726814038826
-31.595049969562
21.313213750225
-153.719676536571
-160.434003117109
11.521444213339
-174.82762333153
-46.470869408369
-86.6893115023
133.715568773674
-158.964576710182
44.975649350649
-24.152339522457
-35.529019970914
-28.669990924874
-148.508755946744
-185.605236235119
104.46331408392
-184.914314038826
15.237115857233
-154.074044011544
-37.883760878878
-147.362373737374
-123.972840852724
-86.389527952516
-25.416829074788
-167.788981472087
-29.963814343209
-99.955779897186
-162.40376984127
-146.301927618822
-185.643390517902
10.949023578418
-177.529844341856
-39.327172393579
-174.084624143218
-181.482673766121
54.429473304473
-136.175587487599
-83.698572640467
-113.619387936282
-12.50965007215
-127.925685425685
28.672237864132
-95.267148324766
-33.966109899215
-159.266352137446
-171.465651210768
-137.454344646239
-37.77866697105
11.273067589962
-34.383279291238
145.613365800866
-38.71654040404
-79.51902958153
-179.12012987013
-143.350927663916
8.594859377818
-36.775322279717
-29.942718197601
21.724304287293
-161.40455334596
-173.55457124256
-26.442710447105
154.096678630614
-185.647727272727
-104.958972396961
-162.610381859894
-32.580357142857
-176.65558134357
-98.42975161774
-160.54434411075
-31.140442511048
-90.181186868687
-194.76164194963
-203.246552438447
-27.165161661255
-205.068021876127
-156.215195340684
-99.723206535218
-35.73844823796
-157.74387746043
-159.051246984352
42.711129148629
-147.545913233902
-35.22304166103
-169.685634244228
-170.672819855925
114.132665945166
-195.527757344652
-89.683650117244
-189.481704601822
-161.489731297348
-35.057817995806
-141.21827440138
-163.341532653544
-34.637085137085
-168.813602684208
-125.182970187365
-105.843614718615
-36.580439579951
-94.825293955177
-185.800131617514
15.054264745671
-133.029463158369
-28.581882581394
-36.509719826614
-165.337600333694
-143.087391774892
-20.492493996889
-172.619060301678
-37.872023809524
-172.340076969471
-30.841117649711
-168.721168154762
-154.93567581507
-103.198382048724
-143.333894892
-112.476182725694
-30.056895686778
-31.939283318678
-96.86553030303
-32.443452380952
-164.628254503743
-192.266233766234
-100.750332566739
-155.255218197601
-151.257387631899
-30.100280849793
-36.980331354843
110.816808571203
-148.893488455988
-193.141865079365
-189.195964950848
-162.977293160399
-30.48549248061
-199.336329956935
-94.567923938041
-146.122765743371
-181.85597041847
-161.552787923882
48.111819929203
131.440664316153
77.844003652597
-29.028471094877
-156.331779711174
-171.56824382215
-105.114607994003
-40.401314343209
-195.069472628066
-25.795253737148
-49.251172438672
-45.125260346208
-154.509381975446
-38.951548830943
-28.807281802399
9.780045150162
-43.273276148764
-81.744297748692
-132.386273448773
-106.948224572736
-90.062840317235
-100.421549479167
-70.294179236562
-172.400252525252
-149.056810431322
-189.105416610299
-30.721390100785
-150.635933131539
49.691287878788
-82.942911255411
-159.672606364989
-36.984668109668
-177.287255225244
-101.777950402462
-33.340097402597
-38.761724386724
-69.325126262626
-66.976919727408
-204.374258066153
-35.528151210768
-187.56735744724
20.365953057359
-206.444083694084
-176.459886955492
-35.704393262987
12.002976190476
-183.968885281385
114.307882465841
-39.054653679654
-16.642406204906
-154.285546593164
-155.652064027552
-32.022304518398
-189.863005050505
-38.518210142722
-82.164223851236
-35.83867483428
-161.117694805195
-32.721312595824
-30.863899175911
-31.518300330312
-36.654692150298
142.470398037293
-192.611201298701
-101.039862914863
-44.220209911616
-37.580197200803
6.874090373602
116.154483591495
-127.553841991342
-175.575835080718
-130.417470604482
-136.40882034632
-116.770390145878
-182.839917027417
-29.775883838384
-39.366612554113
-38.906836219336
129.561435715977
-34.814546130952
-157.830246522141
-78.029298284181
-139.800247170364
-94.093704906205
-152.595438903544
-150.529834125293
18.344444373985
-10.072067635056
-193.520903087798
-40.535521227904
-26.852002164502
-36.025342712843
-80.060397501804
-53.146526650433
-148.289780477769
-164.859730113636
-40.423438486427
-37.02008364899
-99.342970722854
-203.349476911977
-177.042200041712
-89.636621516504
42.568181818182
2.658910533911
-35.857470491748
-38.272977402372
-65.295093795094
-39.516594516595
91.670176232188
154.769838803774
-30.73347523787
-96.006944444444
-161.880300634695
-91.749340503247
-150.098853349342
-82.361762857368
-136.444153448548
-208.210126868574
-24.193805380817
-32.570359002976
-44.463203463203
-142.30015205064
-185.930826118326
-25.574126448638
-29.922606364989
-4.611644486156
-20.237796491703
-176.981178977273
-33.242063492063
-130.106975164592
-164.7074934614
22.949322324811
175.57818242413
-194.447683447195
112.220619278725
-151.762445887446
-66.978638223755
-108.611010706958
-173.090367965368
-187.74712174761
-33.918101917614
-21.01328575938
13.475030720148
-185.026883652372
-111.258575571564
-94.074958570076
-34.812762812275
-193.252084531137
-169.309245496257
-163.240239307134
-163.804583925189
-81.281315526921
-157.792195109578
-165.564040939529
-159.756972628066
-158.309250780686
-9.49434636544
-156.956369639475
-89.366712958266
-31.492153679654
-224.62203156002
108.48157354798
-154.060245310245
5.680924056412
-201.767684518173
-81.667810921717
-174.943875135281
-147.484224922213
-95.299672929067
-182.496031746032
58.05772005772
-178.542839105339
-147.605168946722
-102.140955452967
19.006503723056
-37.554030117018
-170.92994467555
0.725296350785
-143.816210373828
-191.657184287067
-76.812762812275
-159.137355699856
-158.519127519616
96.195256132756
-32.65404040404
13.624476841518
-207.016754458649
-84.828012265512
-27.997093563988
95.085387214782
-39.121933621934
-33.788301542208
-166.362193362193
-65.201126076614
-158.236742424242
2.512105570211
-101.795343924738
19.393398268398
-187.857683982684
8.106261414367
-140.594253782242
-162.114726365215
60.913412162924
-139.645472582973
-35.175693176181
97.833513708514
-145.037435600424
133.051136363636
-196.355331354843
9.938922568317
-161.634199134199
-146.765942770337
-61.336662523674
-140.324917703824
-159.318993506494
-27.581627519616
-196.18958206507
-30.043913605925
-208.649350649351
-154.077471139971
-165.75304594494
-160.693029626623
14.974739724251
-181.437672624684
-186.752504819399
-32.945596449991
-33.269488269977
-188.547438672439
-162.235008426903
-15.619889957048
-44.473665223665
-171.342962972358
-196.26652476213
105.409271284271
-156.11248435809
11.933433807946
-240.837211399711
-106.014589956484
-162.467980939416
-84.194743190837
-28.864440301452
-180.081702206214
-134.38186200735
-30.512806637807
-33.764017476664
-113.518869639475
-33.84918591608
-81.940906695301
-35.114648860254
-112.177210864223
-34.545627170139
-50.80076786278
-163.720238095238
-30.825569450081
-112.716602408009
-50.933732554338
-153.588646650658
-4.561154936643
-119.990883302895
141.909101125654
-161.868506493506
-34.713757271374
-70.909243100649
-18.32187950938
-167.522825210814
-36.054140737734
-90.594343969832
-142.265692640693
0.076639018534
-207.434995180601
-192.02380952381
-33.147967185809
-122.610119047619
-174.13683500744
-88.611672669778
-165.720300099206
-182.513999509605
-157.238804056187
-31.702030418583
-206.193272005772
-89.62718493529
103.440393753382
-29.981081039187
-80.140272352431
-191.192648443137
-34.226731601732
-141.012445887446
7.805104617605
-34.659985034497
-42.643947144435
-142.608225108225
-169.819264069264
-52.947503072015
-194.388278008884
4.376783318678
29.832872178819
-37.172910043516
9.649448587437
-35.435946377841
-160.771464646465
-36.177960548566
-1.657266724161
-30.800595238095
-96.451360705267
8.08314274159
106.448294327201
-92.193001443001
-180.997585368191
-36.887876392271
-193.453024948142
-38.779303216315
-90.890069078057
-47.751373246979
-77.976821789322
-33.944071011454
-94.513888888889
-142.04607810809
-33.980949985345
-171.922348484848
-164.247294372294
-160.838814343209
-70.242571149554
-90.287997159091
-69.453561141549
-13.663252220869
-31.170725108225
95.975190662202
-69.283877065859
-34.479805730294
64.971528905123
-164.988247429654
-99.320534446023
-177.967073779086
-113.983225108225
-203.968913465007
87.566447820842
-91.007818136724
124.15213871415
-165.370387750271
-46.25287825239
-33.202914327426
-191.034021154627
109.922070171582
-87.724935600424
-99.472685842803
5.112474141527
-30.723226968344
48.248556998557
-36.436958874459
-147.730088975694
16.055372714308
-30.740702927715
-185.451659451659
-177.253718124324
-109.151427429992
-59.67594823796
-189.040584415584
-162.395570521059
-5.270763578869
112.560147372159
-48.903027907422
-28.286435786436
-185.887564258658
-37.281024531025
-30.22870797822
-172.672340734352
-82.409459409948
-84.910000535489
-32.163842667749
-185.835879018984
-207.961379278274
-31.104597171492
-95.602182539683
-105.80572818024
-55.960871268488
-209.984938672439
-162.946941513348
138.80419252514
-35.886335452742
-27.470861657873
9.389077014565
-34.300505050505
-106.51462307224
-49.339215959821
-157.302947865936
-159.078473420026
-180.123294186282
-147.311515687004
-149.965798470193
-140.236201298701
-84.829267141279
-180.330710142722
7.926948051948
-105.254050691062
-72.459387400794
-192.692800634695
-159.418011730023
105.833575712482
-40.585866336355
-201.867694805195
-32.489780618687
-115.08172263934
-31.269307894796
-153.532467532468
-28.375901875902
-149.897157963564
-171.371740564123
-173.989149305556
-34.42775974026
-150.495047433036
-28.720889841495
-90.917908859803
-32.561778499279
-34.250803937816
71.49226430037
-161.902875715864
-81.702290764791
-76.574397011409
-95.370941558442
-150.782196969697
-194.840097402597
-101.940584345125
-39.670892800776
-83.353264790765
-29.557109177715
-202.540661920545
-180.122855930961
-147.346057534046
18.088293650794
-197.224636854031
-2.323593073593
-108.8492887863
-80.77798633658
-180.332070707071
-78.567197505186
10.88752832454
-162.683178746167
-13.135822510823
117.92585805037
-41.962772958378
-134.602293160399
8.623925499414
-33.609938672439
132.915035539547
-165.44687950938
-31.694792512175
-145.837371341766
-157.838285900298
-105.813401875902
-27.906843969832
-31.180395613501
17.351834471952
-147.996843434343
141.343266650884
-206.213285900298
4.012327516234
-144.974136594742
-182.583243145743
15.482676232188
52.516226015738
-153.983052483541
-187.82216275478
-37.190025252525
-147.192738630727
13.886904761905
-154.152617835723
-109.018849206349
-186.706008889114
-179.956807894796
-18.691836754825
1.882583508072
-95.884129379735
-29.072260692866
-45.654130591631
-153.323342943948
-115.05877412518
-48.062139249639
-157.810433435922
-145.33285421176
-100.997757992875
-0.709397617357
-84.337481962482
-33.445874763258
-160.588827025839
56.229444979933
-39.674783549784
-22.507284761679
-190.585054648043
-191.046619233631
-173.174603174603
-83.263437950938
100.751893939394
61.250443187455
-176.155019784903
-169.638971325983
-58.805735930736
-39.915826794733
-192.543975257598
-37.122495180601
-35.871480217916
-77.071601196113
114.926316738817
-190.999721686733
-174.99989712978
9.913211354618
-89.397436276831
-27.328012265512
-91.661538656656
-27.422701484713
-33.718864848259
-172.413850418245
-48.82979558419
-36.356498861382
-201.5604052523
-13.588576896194
-36.72619047619
-189.931637806638
-31.217364774982
23.740813548431
-37.191218124324
-146.428022552534
-205.788860634808
2.421820041937
-125.784799727183
-36.286075036075
-131.911776103671
-34.386183261183
-29.792388167388
-128.722029164412
-38.355519480519
-164.29537210836
-0.921294417388
-32.533918284407
115.24196308791
-96.958423520924
-2.419101731602
6.409804659316
-58.054223174829
-21.137556508162
-82.788087346681
-41.737095424107
-72.75556344697
-34.385384255501
-51.295737790855
-202.86735448796
69.90863997114
-173.966109899215
20.824837732797
-30.505251313357
-179.140610203598
-78.330184518173
-169.710059580177
9.011842757937
-130.926136363636
-25.112201112689
-196.519911024306
-20.497953869048
-39.41332972583
-46.275633708739
-188.197498139881
-112.223201603084
-113.225571845689
-41.042097171492
-85.416396103896
-75.488087487599
-169.943089164525
-38.394292393804
-158.296163363546
11.468975468975
-181.998654936643
-38.989600243506
9.07952502142
-199.244320647885
-159.582451890557
-40.032325557472
-168.124250315657
-37.651167083784
-89.234918239313
-36.92957124256
-188.428383302895
-167.27608464669
8.557477678571
-196.762904575893
-179.44217707206
-9.539200952043
-37.509351325758
-195.859918239313
4.725301282918
19.446067821068
-195.106282199788
-89.102723665224
-142.513605643488
-57.007768815386
-29.702130822736
-28.548979611968
-106.919289857278
49.532274474657
-202.341798284181
-47.807297303391
-176.74591337482
-192.348997790404
-35.189213564214
80.775683030078
-151.708706766324
-164.415945165945
-87.470931412338
15.312592653657
56.833222712617
151.774989712978
-91.795073361968
-203.384108946609
-143.458956895969
-90.592073779086
29.358998396352
-40.295843479437
-24.123404806999
-169.71922559862
-155.889458198052
-146.707611832612
-29.420163549558
-150.086572336084
-157.747482497971
-147.292375484758
-110.383575571564
-174.024059653454
0.468777126736
-187.140401644796
-37.431215052309
-193.260379323368
-169.864746798341
-143.871490434479
-191.41523141572
-169.10884867086
-41.286456219562
-165.790416723034
-152.823953823954
-26.986049107143
-83.72035646645
-170.987894429789
-128.674533420139
-187.130874875992
-86.161263161751
-112.79634867086
-49.097222222222
-158.41810966811
-195.483766233766
119.201829610277
-33.790674603175
-194.554313362419
-82.212489712978
19.928751803752
-191.361984803391
-177.204622959506
-97.500623562635
149.29588505028
48.501352813853
-200.711830216225
-36.784804659316
-182.807998370987
-148.535796722808
-98.980326422709
-209.727022597628
-76.932892682404
-88.06422131471
-36.69715007215
-116.43453156002
-5.435183306277
-133.632637761544
-32.467274587392
-131.260482193588
-181.885822510823
-25.121753246753
-160.766081574675
0.174422799423
-39.483516104122
-198.2901359437
-28.951667202155
-148.743674186057
-35.649814269931
-182.207861962256
-100.498577431683
-99.751615626127
-39.108405483405
-200.15367965368
-163.824474516369
-131.377906436012
-36.180076433983
-161.777687590188
-33.531836219336
-205.873807128202
-31.090527907422
-32.373577431683
-155.991723174829
-38.69696969697
-31.37626509233
-110.293442234848
-32.941025066513
-136.770833333333
-183.463744588745
-106.055313176407
-158.794655539773
-179.061397315792
-31.753718124324
-87.478285223891
-152.756493506494
-69.025162337662
-36.284930781025
-177.799422799423
-184.16838023088
-136.729707792208
-163.563143995761
-136.986569799558
-195.197670764565
-157.849123912112
7.830419146825
-100.405130405619
-83.541396103896
-33.943743376849
-178.261183261183
-198.319514198909
-33.199306823819
-91.422237864132
-39.180846551452
-112.819542382531
106.986824861337
-138.838355654762
-95.510940882035
-101.262147141053
-137.418640577088
-201.517073638167
111.138187821293
-37.555645743146
-148.95699320211
-95.593614718615
107.448515568633
-154.561507936508
-154.716200086806
-142.160070289953
17.523629148629
-200.831640202246
-189.836407461896
-160.200116046063
-168.165937415449
-176.208243145743
-168.585567589962
-81.111311919417
-147.096299913194
-101.525515337527
-82.543748731737
-82.847673160173
-167.603236607143
-146.483683796672
-155.082444140061
16.510294067911
105.376643809749
-48.82711038961
2.003176998782
-36.290736607143
-102.028957966946
-31.44924481985
-169.345619278725
-147.673881673882
112.412628658234
-148.772539147051
-235.804009683892
-28.266712887807
-178.603264790765
-41.385093259605
-39.456627519616
-36.346681096681
-183.758846134334
-96.356233230745
-38.239968744363
-204.640422077922
-38.216512220418
-78.973644790539
-25.228826349432
106.659438976822
-95.897990085002
-158.33944565634
-34.293859352453
106.317620259515
-149.007498252615
-178.588195712707
101.498528814935
-27.71426528116
-122.610278989674
45.921987734488
-32.762958829365
-37.852092352092
-57.253860099319
-105.186327561328
-117.483663363546
-147.970078153184
25.297539076592
-160.642975514069
-0.155483405483
-31.481302985209
-89.923350764904
-198.936930690837
-158.087010591405
3.766885512491
-142.136876578283
103.962043707161
-29.819797444309
-155.639159451659
-175.468413910308
-210.171987734488
42.630230880231
-35.1491829568
-187.37509018759
-189.169573102679
-164.548618861607
-34.750360750361
22.164682539683
4.171737604843
-198.186678095125
-103.111860795455
-29.198675510687
-37.551829680736
-159.762987012987
109.003329190341
-180.653659220554
-137.413973721591
-194.175172483766
-108.807269119769
138.701306451795
-23.15865265377
-29.708443954049
-36.274811803865
64.312311874324
112.00200456011
113.244019435426
-145.855359538465
-176.784722222222
102.613533493416
-87.474386724387
-31.140169482211
5.873306868912
13.567009379509
-84.424763116658
-35.295003607504
-171.46357196406
-28.853777732684
-137.549422799423
-39.577721269616
-60.602473535579
106.466249408144
-195.77216571406
1.0643115023
-175.281684027778
-32.71130952381
-30.982712166306
-36.82989845441
-118.828942325036
-157.644911024306
20.572871572872
-123.745436719314
110.318181818182
-194.194797444309
-92.543908673791
-36.026154401154
-31.863844922439
-35.778499278499
114.990287923882
-29.918137851732
-20.625262812275
-90.82033856985
-34.49502699991
137.623108526673
-37.140249453238
-73.247392310381
-182.31746031746
-122.711129148629
-93.900520621956
-148.24713443024
-29.353605108
-34.039772727273
-40.24339587279
-136.649961529356
-28.055395613501
-155.878857633252
-33.640901199495
-98.512183075171
-85.734856235345
-26.859325326366
-183.080349392361
-187.574863450352
-25.2931998557
-39.725005354888
78.226613230519
-200.512736883342
-12.313012941919
-69.914440160534
29.551066609172
-162.564205813718
30.231223014182
-36.535082972583
-37.193542568543
-162.340089652101
-39.326110575622
-112.055264559659
-155.126110434704
-86.055215238321
-103.613984431367
-31.892787388393
-11.289244284361
-31.148088023088
11.675407112419
-164.164620535714
-32.029831659226
-191.009990389385
-145.647899897412
-35.925775613276
-170.483232858721
-32.647907647908
10.322954009966
42.415133477633
-84.966720779221
-51.13770869972
-92.750270562771
-77.437257620851
-80.436951123963
-193.454635642136
-168.990628241117
-40.488746984352
-33.300595238095
-195.957944399351
-129.448051948052
-136.393217893218
-31.35760154559
-39.368879926497
-151.383915888799
-39.872474747475
-109.719544778139
-2.865788183171
134.031052714646
109.057549899103
-32.735487548476
-35.280962527056
-166.759461946474
-94.834263392857
-34.204996392496
-159.2665120795
-160.681978123873
-163.745150303256
-2.342282337888
-39.338924963925
-86.49331836783
53.170895266843
-98.171995484984
4.352460852949
-28.032578153184
-151.732774170274
-36.416293233676
-55.971701529807
-40.04129816581
-40.842352092352
3.434884559885
-30.569743190837
-98.615079365079
-150.303270216112
-204.302025556908
-40.298709049197
-105.746745496257
-88.931748427354
-133.783008658009
-187.126345063357
-31.083392871235
13.742722988817
-14.592622655123
110.677489177489
-167.302391239403
-157.578360333243
24.57136656746
-149.559335683847
52.525641459235
12.119014503292
-29.59145021645
-92.531495902101
-36.560134689529
-36.344689219201
67.473505281611
-188.91916373557
-38.33839158888
-43.058433807946
20.126512755907
-43.175762930646
-147.800226737238
-31.313221500722
-173.536976911977
-38.84326171875
-150.409980102363
-89.333985079591
-153.208305149711
-159.242854747249
-156.792908859803
-205.400322279717
-40.11075036075
-139.714723969607
-152.802558931953
-41.287886538375
-27.582153144165
-42.931429247835
-34.643135456124
-162.290306102318
-178.953893708288
-100.180104617605
-85.513450633568
-115.150523088023
-145.958812454906
100.299172669778
-85.125
-193.834526205132
110.676850113862
-34.086289090684
-32.659090909091
-81.041867474973
-103.868514244003
32.619137806638
-184.95678746167
-77.820616883117
-178.420093795094
-119.975386538375
-51.505030071925
-145.734668109668
-191.713842526831
-163.542395917884
-184.085477402372
18.030004283911
-71.240509869904
-32.178022552534
-104.824958570076
-45.922090604708
-30.798971861472
-166.602350232233
-82.817931688537
0.36878727284
-142.652867965368
-33.723835382283
-39.99339587279
-27.831627519616
-86.563840131223
-157.633407879013
-75.713724155619
-36.540736607143
-31.029019970914
-32.993416305916
-30.043382696947
107.4354052523
-32.590811152823
111.37003968254
18.40788782073
114.199595353648
-182.365177303166
-35.932962436869
-174.142607013212
-159.60206416847
-174.495498370987
-65.379607317596
23.413700692753
-32.153569032964
-183.826569264069
-146.56871272716
14.66341991342
-37.490690245085
-137.163071845689
12.128396478738
-27.559593563988
-200.602092352092
-29.639700577201
-91.63436682675
-81.831702206214
-199.23374580064
-31.957792207792
-141.621933621934
-195.927038239538
91.501414817821
-29.677010055916
-33.721951659452
-177.665744357639
-67.669011544012
151.238984431367
-149.382104386499
-34.427842177354
-141.854895917884
-149.903471094877
-35.561966624955
-76.42506186305
-29.297972047484
-160.86553030303
20.8471940386
-3.076195831079
-34.265865265377
-24.227633477633
-29.914785409903
-73.767746522141
-40.895763578869
-88.109856235345
-28.061618557224
-200.91063184862
-136.396624588519
-94.547611297123
-21.528669437117
-144.200314388303
-95.988074804969
-82.670622238005
-180.649010332116
-74.316939625045
-32.363754734848
-96.422180792298
-136.583312900207
-30.800324675325
-64.368797489403
-30.190218310336
-30.575064258658
-123.259928385417
-152.865919237013
-80.223657473169
19.632186823593
-36.372101314484
135.177301051813
-195.675484617379
-158.859229854347
-71.734745614628
96.091061282468
-187.899190707296
-38.452311197917
52.471042033054
149.337932900433
-39.227551040539
-39.814115626127
-189.079107199224
-150.472041847042
-40.580645672687
-159.753517316017
-159.307088744589
-197.899974211986
-107.187471816378
-45.822178255772
-157.75200456011
-178.172721917839
-176.105511730023
-160.357864357864
-23.199597819715
-36.846750851145
110.761742353783
-25.061325095261
-36.791097357504
-172.244658499053
-148.886925195031
-36.585948773449
-158.705349392361
94.459944027327
-93.878885816874
-90.06824382215
16.534902597403
-35.760363822376
-80.118024905867
110.841890937838
-165.406024531025
-157.583042337437
-36.352195222312
-160.474296536796
-120.777043594426
-108.308970001353
49.162510287022
-36.006341314935
114.999827375316
-116.723456664863
-127.443071197466
104.218163780664
-30.754501629013
-150.976102754667
-148.87804594494
-0.56050812252
28.741640737734
-113.662608225108
-39.187139249639
-158.576110575622
-101.697490389385
-31.36105157321
-201.951829610277
-86.887834821429
-131.447428385417
-189.944282036323
-86.343331473214
-84.143836523719
-40.787518037518
-191.449314574315
-91.983335728941
-80.853182353671
-173.353896103896
-83.509018759019
-101.001705813718
-188.829648324766
-167.30753968254
-78.764818948413
-99.675515267068
-168.645013894526
11.236111111111
-147.594794907783
-24.595418470418
-198.817107317596
-105.51937764926
9.121474933487
112.43454424265
-153.22800197849
-90.861090677985
-99.37996031746
-35.471771284271
-32.616079179067
-34.678571428571
-147.878254503743
-102.180182122565
-86.663169783775
-43.048992294598
-192.046093609082
-36.556928802534
29.846382350289
42.959706580312
12.232565611472
-24.650713679766
-98.38246513686
96.978514920409
39.546384604978
-43.704365079365
-90.347763347763
-80.702249546244
108.410082972583
-155.035742469336
-169.902584719968
4.336322206439
-66.374090373602
-76.477355164367
-184.56910412721
-148.8704004329
-31.739004864493
-155.75746513686
-40.635802077697
19.099850344968
-45.923959178842
11.215445470328
-101.800043895991
-30.067120000225
2.719256248309
-164.745753432765
13.466872970779
-77.670536982549
-110.623659868777
-208.382243190837
-175.248737373737
-118.958062770563
-27.763458384064
-98.214708468615
-162.574384328779
-162.586379278274
-160.559876809389
6.107954545455
-141.818001443001
-53.27676528116
-205.910333102228
-195.071789321789
-192.4613997114
-189.272837893443
-91.471598659587
-160.687327375316
-137.435237559749
-184.917305730294
-152.517947330447
-172.34822203621
115.173229927624
-163.121663059163
-142.809072871573
-110.452027952516
-174.943820881809
-182.900322279717
-35.31468493529
-31.922990014543
-198.302120676632
-31.225809292704
-187.862832425821
-146.754939884334
-38.758915888799
-91.400703463203
-174.395743145743
-34.309503376398
-164.564115626127
-42.086518082612
106.091519970915
-81.403499278499
-35.176226551227
-161.421606551001
-176.522755456349
-184.159181096681
-29.603362728851
-30.152597402597
-27.254772191784
-0.693292438898
-186.019508703102
-148.93341337482
-104.521013708514
-139.290303636251
-190.558539496528
-30.618617114223
-44.540063723169
-175.58189033189
-21.659472092578
-37.888450633568
-70.048077736066
110.428932178932
-41.174693362193
-182.50496031746
109.837090562432
-40.735507981602
-84.935606060606
17.160784040179
-158.984106551001
-193.446415888799
-30.957895078012
23.544933853039
48.597884185042
-30.393390517902
-191.379697505186
-151.124742119859
-110.414440160534
51.697178255772
-91.588564213564
-38.496142366748
-34.411616161616
-104.645021645022
-39.42335323097
-161.053751803752
-32.260649886138
-38.449945887446
30.880313317325
-144.340540590052
114.680735930736
-135.327909395292
7.085046897547
-194.766213333108
21.032276940724
59.376192871798
-185.820784575667
-85.855872480384
-79.607323232323
-193.060856190251
-161.722492784993
-193.725468975469
-131.351288414277
-43.519911024306
-187.709776334776
-26.784013404131
-96.209693897682
-82.7454004329
-32.129148629149
-179.754579133974
-197.403216033099
23.732122424017
-28.102182539683
-157.555743681232
-29.426108180014
-183.426595052083
-143.245109437004
-38.666414070955
104.970578412473
-160.582070707071
-194.33658008658
-160.144202206214
-201.170364357864
-30.741239121122
-87.795171300054
-131.393370084776
-158.353996508049
-105.361471861472
-95.951376206259
-29.287067099567
-71.427308802309
-39.756485755997
-199.630390822285
-170.622987689394
-81.529110158505
-91.543851601957
-81.61907580267
-186.561688311688
101.616182049288
-18.634317505411
8.784691572533
-150.486118861607
-88.590971094877
-124.362193362193
5.426033493416
-35.736750174738
-163.04120797822
-7.291563796447
-157.75296843998
-140.48938604798
-39.981712352318
-33.677406740395
-92.227715914728
-162.349288786301
-88.427141109758
51.758720012626
-195.402319089331
-38.613605713948
-86.909820160308
-187.766261949856
-35.825306637807
-142.734737864132
-135.902244402733
139.424082482188
-42.149350649351
-110.742527112644
-89.315934878923
-78.331259018759
-155.92783724522
-36.871823001218
-168.630501443001
72.025453333559
-163.823683261183
-202.862734487734
-113.042818672213
-36.803563678075
-37.109840734352
-33.768300330312
-33.553038053526
-139.499556812545
5.901522902011
1.985652422664
-165.409348789232
-153.68740981241
41.271361776245
-90.792027417027
-107.428731370626
-162.142426638032
11.128066378066
-108.612656982774
-77.365991457544
-51.137376132982
104.52895021645
-167.372642440025
-38.010912698413
-50.262896825397
-30.370490620491
-187.172508426903
-33.371101500496
-30.690945095486
-149.323765698277
-173.251422568317
-91.163332191897
-136.920732858721
-176.865239307134
-86.112644300144
-117.183802308802
-31.568161385056
-161.102112785218
-45.779831659226
-156.198400015783
-91.78660841112
-99.749541311553
-92.782127215233
-73.826409322015
-100.0579004329
91.109279175685
-177.376004746122
-31.69045575735
-40.0
-31.881563260958
-190.076589697195
-103.568161385056
-91.431637806638
-173.742604617605
-192.213827025839
71.424533420139
-156.983245541351
-143.314476376488
-138.313409626398
-87.245753432765
-180.224025974026
-23.177288369183
8.507284761679
-43.792769350875
-35.941169507576
-173.489968744363
-37.318702510597
-40.717803030303
-36.461018527913
-74.184495625902
-153.260835193452
-116.299963924964
-169.902695340684
-145.863005050505
-40.193480564574
-105.873203998692
-43.383400128517
-165.361304168921
-180.842089280078
-37.13330747486
-78.880321067821
-37.77495377886
-108.012556508162
-84.176517547123
-36.059982497971
-168.018586394075
-152.898088023088
-143.925685425685
-48.84317153116
-16.829365079365
-29.99817581507
-187.238373551362
-198.950216450216
-28.573953823954
-24.683812525365
-139.290481545364
-209.23374580064
16.942911255411
-32.392885326479
-145.507014198909
-81.204164271059
-79.482712166306
151.637626262626
-35.875097938086
-83.525432900433
-38.705447330447
-164.776056463068
-30.708575712482
-77.171467042073
-29.838633968028
-153.792937043425
137.344668786075
-16.176409392474
-162.55275974026
-156.64392671131
-141.760711890106
-162.575293955177
-93.667588975694
-28.664690290179
-19.83866215165
-157.884822696834
-149.23547979798
-200.644009148404
-92.035646997317
-152.415695036301
-60.604867734262
-145.711239769345
-160.49503968254
-191.073711444805
-35.054395799513
-143.791666666667
-90.300955988456
-141.258928571429
106.259730043177
-195.062971371077
-35.101280663781
-188.930723248106
107.911082786571
-22.584846089241
-207.86822818024
-142.372848180465
54.410384185042
-38.902084460678
-174.972783780889
-30.592068846952
-184.236311919417
-30.513638759244
-146.584693897682
-96.584124588519
-185.0094823796
-155.836850649351
-204.505089257531
-104.284652467758
-80.060758252164
-34.526324559772
-35.907487965593
-28.41619529559
-85.416548295455
-174.848374227769
-154.945165945166
-170.890532698638
-112.297902293019
-177.196546942641
-48.498003190386
-201.544990924874
-98.313458595441
-41.919913419913
51.109868917974
-136.695616883117
-37.221681096681
1.092171717172
-194.127442815431
-162.548791486292
-25.924054298566
-33.197858890242
-179.558814991432
-140.668282292794
-154.247016059028
-156.963744588745
102.365780432675
-37.215811152823
139.728174603175
-31.340888657783
-159.808351370851
-195.518578643579
-34.193813131313
53.77607196406
-87.388808917862
107.177398989899
-37.974206349206
-159.454906204906
-205.064942815431
-173.60101010101
-28.910333102228
-179.939734256629
71.236652236652
-48.473381978265
-39.433080808081
-31.020104082116
-35.630321067821
-153.101461038961
-25.496642626037
-98.638167388167
-151.156823536706
-34.412255225244
-41.232673766121
-36.92957124256
-81.986103360615
-154.835235023223
-135.400002395608
-46.39917027417
15.324182815882
-101.210149767767
-176.776355209461
-176.891316203328
-32.587419958514
-187.797077922078
154.866985987103
-177.830795398178
-160.421626984127
-155.242416491928
-41.507936507937
-86.240149119544
-158.070707070707
-194.375290995896
21.24502699991
123.459145021645
-16.950749825262
-148.837481962482
-41.952749453238
-82.808794558306
-151.988976680871
-138.306194619183
-38.566648629149
142.251242193137
-33.566385816874
-40.319797444309
-72.218591819422
-205.100030720148
-160.965167157062
-148.74216143015
-31.882395382395
-31.350850158956
-31.731302985209
-82.018426804315
-29.83658008658
-185.327581760687
-99.635101010101
-83.893480705492
-80.952009985457
28.926527763686
-154.225641600153
-114.625368500857
-37.818522135417
-203.400765467172
-39.450036075036
16.07748910703
9.450729392136
-27.916576479076
-36.752144069039
-192.778970649576
-27.965728715729
-201.221578226461
-41.828656261273
-202.498397056503
-190.619506307495
-40.495317995806
-153.112762671356
-185.207534327652
-189.839007401019
-177.049062049062
-76.044630174513
-189.755792438898
-108.687347808442
-35.704746262852
-86.100399221005
-33.525340246776
-87.587765207882
-16.253947820842
-89.80381380772
-37.917638297033
-29.026102613749
-142.660103405709
-137.579385512491
-152.349858095464
-171.34918591608
-152.044109482098
-178.092241471636
-138.642955080943
113.266040708424
-163.142254013348
-70.649793836806
-114.694993320482
92.313652005547
135.302819278161
-101.642418887536
-176.843163780664
-157.241785178797
-94.306921052038
-156.319874949269
-99.107310549693
-35.24339587279
-140.129329004329
-151.189824444219
-77.654292999752
-93.79023141572
-158.231581298476
-177.575639204545
-164.446789321789
-39.4181998557
84.43377412518
-39.190927128427
-89.331349206349
-131.706509148404
-179.501192871798
18.70615086411
-151.736644486156
-86.219127660534
-30.831078643579
-35.122176001082
-131.278249148855
1.842635337753
-172.571235513618
-43.307537216473
114.518570893083
-183.997662873151
-36.455870084776
-51.096500721501
-28.058740304834
-162.826097892992
-179.102154356061
-91.298680865575
-161.289883347989
-194.613476421582
-22.963453592848
-166.734327792433
-131.544761228355
21.732212611607
-175.226723851236
-129.003447561553
-35.117145929158
-143.652118281025
-156.945809940927
-169.180764114358
107.158732624797
-111.528118095013
-169.02035421176
-73.599193666576
-43.678641183036
-90.158217216811
-39.924603174603
-1.439061372655
-193.834214776109
-149.502246939259
-107.321977447466
-197.625701067596
-134.479354792343
-148.697874038938
-185.828004515016
-152.779483591495
-39.443472814078
-120.36438604798
-163.831627519616
-196.746031746032
-113.09832490643
42.748997719945
-90.736562049062
-192.412497604392
-26.561487503382
-28.06727994228
-38.338043521149
141.166545829388
-31.550234487734
115.862123607729
9.002092281633
-107.802842177354
-36.192349696744
-31.127254689755
-89.748376623377
6.601180259628
-34.981240981241
-31.487373737374
-95.752517502029
-36.652929969336
-178.032024345013
-77.374639249639
-31.159078226461
-74.680437184343
-43.349920099432
-160.300316924829
-28.754406509289
-160.543027231016
-35.929485987103
-140.97670341811
-155.164391543786
-138.21905790607
-158.411719031836
-27.054563492063
-138.979859983766
-89.570526695527
-152.812700808306
-90.580808080808
-198.380681818182
143.411232512063
-161.870109437004
-66.141123145518
-38.461768212256
-34.056346810741
13.215437719832
-38.381563260958
-107.691488687094
-37.497183751578
-30.452388702877
-39.616244053256
-159.421467042073
-34.487935296041
-37.22504622114
-185.515040894435
-150.849304287293
-99.70202020202
-34.090901340413
-177.122807314214
-201.968091560133
111.591800750248
-37.56328350469
-88.71331408392
-157.992584184479
-156.644673577291
-88.183552179158
-34.313672438672
20.466189870243
-179.040133477633
-185.683864312771
131.056825932314
-191.606429106917
-136.057080994093
-185.763868455763
-36.6829004329
-180.037420099432
-112.373709190115
-37.830357142857
-94.246570405506
-175.579906204906
-98.053501674107
-31.302821744228
-210.581418960814
-133.520390145878
-158.034279034767
-107.894460086355
-91.118583998467
-33.439651819535
-35.90892321654
-33.57042875744
-26.095398037293
-200.410235164141
-31.557359307359
-77.817890822285
-46.253669507576
-86.134461946474
-178.225399221005
-181.747495180601
-180.274198457792
-23.997675555781
-182.174796232413
-165.991800679789
-164.387154891549
-34.764909136003
-167.892225829726
-187.002151819535
-41.623905066288
-83.016053391053
-38.869871989989
-37.433191428797
-180.698350694444
-166.928669366658
-24.987927545545
-150.372023809524
-87.124258066153
-98.955467763573
-147.246302308802
-29.220980029086
-88.967885467397
98.002705627706
-141.617424242424
3.729617604618
104.36343555533
-198.119781802399
-38.112296232413
-29.081952335859
-27.61744467555
-139.684974747475
48.84335190634
-177.18462174761
-197.573495135507
11.591983591495
136.840656495198
-132.389061513573
-168.857946794959
-95.761301632395
-140.447088068182
-112.3290120795
-174.557449494949
-150.190025252525
-87.411283594877
-147.275510405393
-142.973657473169
-190.308343620355
-178.559511126894
-167.162234792118
-39.134018759019
-136.652708023314
-33.886010636499
-25.663968789457
-139.89411976912
-93.465646278635
-41.011093073593
-200.022719522231
-156.02121451682
-99.267919146825
-33.352710982594
-155.073773448773
3.721201975108
-68.961420144526
-72.577040635146
-42.427857678346
-104.690648815161
-92.327352768759
-89.926587301587
-187.418542639002
-31.219967532468
-36.287868571316
-186.549763116658
-0.774899525388
11.557346624729
-197.782119464737
-33.24817581507
-38.241821112915
145.611283735795
-153.958181141775
-170.994119839579
-38.776076896194
-32.916318598936
-29.870490620491
-99.8894173318
-197.057088744589
-193.393691730362
-30.56117008534
-93.401432714421
-166.853645974251
-181.857323232323
138.080377575983
-28.554543058938
-33.764512451524
105.990092047709
-34.979679608586
0.976468789457
-82.56744763483
3.558912929518
-81.108142671131
137.499556812545
-149.867973118461
-27.576667202155
-15.346861471861
-191.569735440341
-77.991231370626
-38.933621933622
-33.253509565521
-200.534722222222
-168.158036841631
-35.734730113636
-46.892053205041
-155.649018082612
-181.555284992785
-97.412809033414
-72.862824675325
-190.250020433126
51.348304473304
115.104367474973
-174.259129379735
-176.949512916554
-32.513425268308
9.624937996032
-101.749258066153
-89.875370966924
-37.599054157648
-116.531393031881
-144.790584415584
-39.738005050505
-155.269918774802
10.527507215007
-238.2778059614
-210.595869408369
-94.95497595937
-180.729048295454
-36.707604082116
138.928249078396
-34.502545685651
-38.063339871934
-35.265048644931
-38.082804890422
-58.24730212279
-136.538530534136
-180.754411441423
-172.087281154176
39.430555555556
-181.025425149937
-99.938652005547
-176.912886538375
-151.942377880366
-81.039301356196
-89.844155844156
-29.455808080808
-91.885191197691
-162.491354673972
-161.793934039051
-28.98862861314
81.844689219201
-81.065403969945
-40.270111832612
-29.050294025636
-40.465811152823
-113.026896335002
-26.735590418696
-159.936126753021
-170.301919868326
-37.69924481985
-0.478625541126
-83.069251386634
106.364087301587
-63.976079855474
-149.949023578418
-33.28038300133
-161.948240073728
-91.181998556999
-123.546356421356
-164.81746031746
-74.528146278635
-176.992792743281
-154.84623015873
-180.75747781949
113.385371572872
-121.152339522457
-35.492612368101
-152.481949799333
-39.374721686733
-182.512105570211
-171.273276148764
-80.87300812252
-136.190726320121
-101.543297793786
-124.613706118101
-170.942009379509
-29.187881183487
-131.052210864223
-36.051657056052
-173.798090418696
-87.843905714511
-30.569544848598
-11.584675930623
-77.648636899125
-78.827909395292
-32.149190707296
-146.186946191829
5.416153724747
-73.164605034722
109.508029161594
-135.726844688515
-202.620392682404
-120.3991829568
-99.317029812635
-35.328893708288
-91.35158187624
-161.531573407062
-172.255689568678
21.705877835272
-42.077589511183
91.878156565657
-169.61831836783
112.882305194805
-28.125541125541
-165.556346810741
108.189837126849
-81.936500186012
-27.225316783911
-157.908271470283
136.015233952246
-162.433699438582
-24.516517011634
-175.242792743281
-161.871031746032
-28.138806451795
-196.309343434343
102.871642626037
-96.333887141504
-187.537247474748
109.461788645382
-135.254349437455
-171.5404117909
-178.97563138359
-35.302566682449
-91.222845784858
-29.395194269706
-34.357490924874
-43.511273448773
-173.140775077787
30.69897425708
-115.093504097899
-194.780635597042
-33.715630777642
-96.051677489177
-29.703761949856
-28.908307404401
-87.522997835498
-153.346021599928
121.128326724274
-172.000881442776
-105.662871037383
-165.56727994228
111.41254622114
-202.102195222312
-168.585948773449
10.792089420996
-32.413981472087
-66.153499278499
-154.726661847267
-27.958152958153
15.238979146938
-31.454913955402
-146.303130707183
-206.258928571429
-207.685144906092
-184.411768353175
-38.431457431457
101.063873246979
72.131833823728
-26.507312945301
-102.117875180375
-37.667117604618
-140.274342898855
-140.193903318903
-38.756833823728
-31.588195712707
-151.924492553887
-146.690107689619
-163.839826839827
-175.125610880005
-192.988914676903
-163.947961760462
-147.999729437229
-37.509178701073
-73.509359076254
-69.221652913059
-38.507395382395
-94.714744402733
-32.210139551204
-196.082820391414
-159.199023578418
24.905483405483
-37.562041311553
4.409083158595
14.135451543899
-200.471562725469
-45.028527462121
-199.1449934614
-93.694645252751
-166.34632034632
-197.036997345103
-197.881645698052
-41.172245614628
0.798688616071
-39.280751502187
-183.790063723169
8.52415759154
-102.187860750361
-187.914772727273
-39.213231646825
-170.180104617605
-148.535832656926
-202.074696110096
-155.334075267181
-130.597139785128
-38.261794141189
-39.607421170409
-36.623487244093
-144.860848298837
-92.81260287022
-84.551427359533
-86.814200881584
8.096931226326
-34.966069032964
-93.342462713068
-37.357413419913
112.352071918966
-203.741875366387
-87.767496392496
-36.405143088249
-106.937750129645
-177.119576061959
157.749479307585
-144.440476190476
-28.697052134064
-151.036353349342
27.380132942145
-61.349837662338
-177.386281199269
-152.285263347763
-41.132727949134
-110.429936925054
-164.690739002751
-16.629259249865
-99.991710492199
-140.439303751804
-103.880037822421
-204.204565887671
-149.29825036075
14.50764551204
-100.632305194805
-159.753094561688
-37.476620981016
-108.686237373737
-0.170426361833
-33.757944258433
-36.22545100841
192.847144717262
-39.975399221005
-91.343975468975
138.168831168831
-193.826028138528
-135.974374041757
39.158168600063
-83.521186333198
-179.828795770202
-31.399628962617
-170.262002699991
-146.208632079726
-178.751450751939
-148.47132034632
-157.081078643579
-161.49713443024
-34.372003376398
-29.624930245536
-126.151973839962
-160.190829190341
-45.747036492154
-121.551664806548
-29.758560070572
-171.789391543786
-166.957181327787
-42.667588975694
152.170532050415
-33.075569450081
-207.662407416802
9.349997604392
-131.573765698277
-35.415842295725
-120.158181282693
-40.078450520833
105.054200275636
13.940494157535
55.724214099702
-185.208055020067
-192.477100102588
13.682060560967
-99.75449669688
-29.344885095373
-156.11925617785
-171.459042151425
46.887247545207
-38.953942325036
-99.129787692776
114.672709235209
-186.021562584551
-47.244428802534
14.570096190702
-172.455266955267
-84.989558672664
-138.5018115023
-91.439674718727
95.607761487644
-181.482946794958
-101.228202786797
-100.586788645382
-175.987631617514
-32.611221731827
-88.614337431232
-42.493145743146
-28.580795398178
139.602723665224
-171.387543825532
-98.369598961152
109.782487965593
-78.86047979798
-83.727154356061
-160.438762626263
-70.706349206349
-25.634359076254
-37.11335805037
-34.912136854031
-13.974546666441
37.885943348102
-33.25305862757
-116.339092656475
13.486361240756
-26.92566499256
-187.870593490711
-81.842462713068
-155.736853044958
-29.775683030078
-113.825229132846
-42.40098177647
-170.171085858586
-158.985938486427
-31.498987503382
-97.357135106647
-166.774961529356
-193.076909581304
-138.030212842713
-170.736824861337
-168.095045037428
-38.465035398629
-142.589404085498
-91.816746567235
-146.567127750721
-164.786144790539
-58.574134199134
57.999639249639
101.742166362284
-34.938381442776
-31.676308988321
8.970019319873
-24.563048876037
-45.767496392496
-30.378274936869
1.717983405483
-56.068660939755
-107.977973794868
138.372083347425
-74.64437764926
-199.907529536436
-163.66026581383
71.313783059389
-66.543011730023
-35.807068311463
-188.354519666531
-202.681928802534
-144.570616883117
-29.84919859871
-30.177231297348
36.487742238231
-200.630571197466
-143.340929524035
-58.077290764791
-36.025551271645
-186.20480826682
-45.744666249549
107.993158425776
-196.742145929158
-30.489157056052
-146.834846089241
-36.277965903454
-35.578220824315
-48.850948097042
-29.439233997339
-32.191767000361
-175.175623421717
-40.102112785218
-24.364267676768
3.273837707431
-194.764638573232
-25.383588254194
-34.90854978355
-44.455988455988
-86.545434112329
-37.585116652011
-40.696678701073
-48.481047923431
-90.017669017181
34.406004097899
-46.02581408392
-146.63647425708
-165.877074314574
-144.353161920545
-86.796186262739
12.976090072037
-89.081862148268
-115.274178024666
-201.294560420049
-89.803383302895
-89.119330864448
-194.704725829726
-23.587932900433
-35.402355023449
-98.215027648133
-104.478285223891
-192.452463389475
-182.536886724387
-193.122564935065
-29.329246708153
-32.983495670996
-23.545967487374
12.265803261409
-157.297418239313
-184.437139249639
-144.806354561237
16.152507215007
51.706176581665
-151.482671300054
-34.205808080808
-164.178190245085
109.255321067821
-26.702089956484
-89.220771470283
55.566808571203
-40.404122841135
-200.514880952381
-176.381243376849
-27.464744402733
-32.158938717532
-115.32243331755
-172.452228760823
-196.965367965368
-183.00650125699
-24.908266538149
-177.226272913285
-149.804501488095
-44.872925685426
30.619478123873
-145.46617965368
-154.581429177376
-158.906387747452
-38.044024226641
28.781668526786
4.875533375045
-207.30563799265
-186.823675510687
107.030212842713
-156.875623562635
52.975366105249
-183.037858354753
114.416125541126
-86.130960131448
106.890770145653
-173.898157777552
-82.240883302895
-5.243985615079
-154.780303030303
-141.691808571203
-35.18184636544
-43.028499278499
-164.463564213564
-37.564033189033
-31.080336709731
-148.987463924964
-165.121856116973
-41.28869047619
-135.051344922439
-142.942828818317
-88.452811457206
-38.377692945076
-140.483926175821
3.313749943633
-149.563103129509
-180.356684168696
-27.696067821068
135.111562049062
-70.754579133974
-38.8559831011
115.972142251195
-163.910866477273
-163.300595238095
-92.917047850153
-172.492403809298
-175.693612323007
-40.076587231128
-39.550144300144
-156.534000721501
-153.529663966676
-184.99712174761
-5.281565656566
-28.014169668222
-182.997474747475
165.919815481827
-30.683178746167
-42.244047619048
-156.453996578508
10.432171181683
44.292380416892
-154.394480519481
-90.813950751939
-169.61934636544
-143.651605339105
-137.933441558442
-11.172250546762
12.642656334551
-40.629246567235
178.412798816852
-42.472755597267
-10.936868686869
-195.534619352002
-166.156217588835
-202.762085137085
-159.066988946384
15.466898688334
-22.184433621934
-158.923941211783
-44.830287388393
109.512085137085
-179.641581833965
-105.060696248196
-88.914953102453
-33.191440070346
-158.351108039096
-162.585026464421
-165.665113044508
-41.750443187455
-108.733585858586
-80.372322555916
-192.561507936508
-191.732295048701
100.645001211896
7.491945120851
-29.522173464556
-14.254128196023
-156.728146419553
-154.708090954185
68.61753486314
-39.896534400929
-105.652605153093
136.922608831056
-75.723567285579
-23.177857678346
72.419380044868
4.649649395743
41.77789614899
-140.27607196406
24.351723851236
-187.96922559862
-154.090200272817
-93.672897360886
-27.295492945639
-31.173222177128
-93.940213378202
115.912175254216
-190.905094471501
-175.254669321564
-143.961969020563
-160.496925871438
-155.021915584416
-28.635822510823
-27.205728109781
72.234327792433
-92.968053159948
-46.458341083829
-37.964396335002
111.091741212347
95.217269655258
-180.556998556999
-159.129787692776
-29.478112599206
95.60586754825
27.687049062049
-165.105730505389
-135.401507401019
-83.711948587437
-179.091117649711
-109.464979031385
-189.49523274035
-181.454274891775
-201.802489177489
-83.764618140106
-35.998095844043
12.917187359082
-92.642947330447
9.657349161255
-156.303460807855
-163.694055510462
-130.722742914637
-47.688572034519
8.570268815386
-169.528957966946
104.654470908865
-138.013631008748
-153.590159406566
106.479244171627
-164.21617965368
-102.295364357864
-93.353625541126
-31.456599335994
-58.015081760687
5.55581836783
-35.993759089218
-148.708305149711
-39.622626939033
-142.472229972718
-150.671967301362
9.756483289931
27.169019294508
-30.028671903184
-152.805444934839
-132.048902107008
-90.841457966946
109.710307243754
-27.179272496167
-86.388507705402
-159.813860564349
-25.207271515377
-149.164862914863
-177.04119529559
-14.315919377931
7.657287157287
-115.30581836783
11.843885281385
108.933348904784
-46.469885095373
-134.744109623016
-181.893418701524
-181.508760878878
-35.028318903319
-29.189386188898
-168.943529885913
11.358683796672
101.823425381043
-186.560147372159
-185.07024838226
-35.579004329004
-99.442648443137
-39.169885236291
-43.273822206439
-103.9933056852
-158.068985755997
-201.550505050505
-26.837481962482
-199.461116465999
33.36717411278
113.589979031385
99.809080622069
-153.690939811057
-36.822670764565
-21.142065887671
-98.113033234127
-203.70681282693
-155.623709190115
-168.695825441919
-24.951278268173
-32.619511239628
-19.786275844381
-189.301497113997
-206.044362077809
-29.723665223665
-37.705086580087
-47.589195526696
-161.04300679789
-195.976821789322
106.947510822511
-146.625881442776
-86.330475514069
-139.513154705538
-171.618055555556
-64.513084951073
-91.892328699946
-160.471390100785
-137.534000721501
-42.839708468615
138.46444565634
-175.064393939394
103.227440419823
-104.107343665449
-95.613337617244
-164.253164316153
-19.24808562748
111.958706766324
-111.578282828283
-165.09544665404
-37.57809223654
-31.671426175821
-35.582016805894
-143.841081715593
-30.928932178932
-149.63159144458
-107.892135642136
-174.677641369048
139.199327256944
-36.602022597628
101.204457733022
19.705024576118
-99.489538239538
-160.109959105565
-195.310237559749
135.829803334686
-127.498438627345
-104.701228946834
-209.876004746122
-169.406094285489
-185.399829770924
-38.872474747475
22.452027952516
-86.330114763709
-186.806609623016
-96.867965367965
-179.278290719697
-43.052677303166
-37.793733230745
-147.244601427219
-96.249549062049
-194.031467718479
-84.899162523674
-162.410513477408
41.770181587076
-78.122848180465
-98.864350113862
-35.005702251308
-161.336329956935
-29.268967577561
-32.433712121212
-160.005241096794
-153.576569264069
-139.538788414277
28.837551716946
-32.583413304361
14.514721010326
-33.289932669327
-35.187762812275
-184.682727808216
-19.963932714421
-8.934807054924
-153.727723665224
-196.502525252525
-81.748639435651
10.147518713925
-42.90585190634
-37.287407416802
-87.477002164502
25.70976858428
115.291416537022
154.924422799423
-142.002692945076
-65.420565166171
-93.582459641053
-162.082882395382
106.799853304248
-183.311307128202
-146.877713378202
109.557609437004
-89.371011312906
-100.754537563131
-153.434163059163
-80.444526881539
-30.534374154491
-91.257485569986
-162.150605525117
110.273157777552
-106.431124864719
-32.113185425685
-159.137433204816
13.583992830087
-136.94523569963
-91.286095469201
-75.499742119859
-99.154032653544
-35.180006679518
-98.108335728941
-38.546356421356
-205.293318226912
-153.538850418245
-184.828852137446
113.15518994352
-31.136064889971
-30.365287923882
-177.011085323097
-104.859840734352
-174.568091630592
-40.265983636589
-207.245289812184
138.552050922168
-160.244699365305
-29.97095959596
-35.80123676779
-95.60283428594
-183.687249870355
-175.873106060606
-163.490731111337
-173.055924056412
-141.645181587076
-33.222332842938
-46.050955988456
-172.955475514069
-145.295725108225
-166.806186868687
-192.865702927715
27.011355885868
-96.571358816964
115.246655308667
-34.180444934839
-87.209856305804
-104.588195712707
-29.392787388393
-198.024430620378
-39.941558441558
-176.365612740124
-159.750971630366
-177.945103941198
-180.587404457522
136.928182494589
-111.682519249414
-36.629607317596
-31.662595542478
70.11038961039
43.240821298927
-32.026154401154
-27.209436017541
16.063561817956
-109.854457662563
-140.931805499188
-153.886363636364
-154.708951963835
-35.02581408392
-159.762827070933
-190.092730809772
-141.592073779086
25.684984964038
-110.211842898855
-0.058712121212
-178.314012755907
-37.512994763483
-160.996753246753
-143.626360564349
133.133137316243
-32.500623562635
-71.046897546898
-134.389721010326
-100.660616347628
-137.502422382305
-103.611041356647
7.238373551362
-32.846869222358
-188.111464110976
-152.077561327561
-118.907364662247
-86.359479983992
104.145312640918
-199.379071124188
6.747371877255
-190.250979380862
-92.258740445752
-135.898559394165
-25.939365755772
7.59613997114
-154.365628241116
-167.14690783392
-90.619498556999
-32.428960362554
-55.709263392857
-184.480248917749
-52.515524948142
-31.307429061824
-26.757237906408
-189.555756363862
-89.887154891549
-26.866501933396
-27.363353118236
116.140089511183
-159.436979307585
-36.382034632035
-122.899711399711
-171.375360750361
-175.313860564349
-173.134477447466
2.135268702652
-37.395034327652
-149.658970071812
-85.701499509605
-165.032836033324
-19.793831168831
-39.465027648133
-39.825937950938
43.324126448638
-67.827733952246
-183.506243376849
118.936064749053
-24.379620000225
-159.981421356421
-101.931818181818
-164.331537332026
-209.944707256719
-134.683523995536
-89.383014012897
-78.36075036075
-27.666666666667
-28.405844155844
-186.936245124233
-29.076286018669
-182.074695757801
-158.515692640693
-144.055375180375
-39.792305730294
107.661958944918
-37.194617069129
-97.614288109894
-151.918560606061
107.163692942257
-91.34164327426
11.376182655235
-87.204983709867
-80.913968789457
-181.685425685426
-84.613613464444
59.990287923882
-36.563221500722
-96.236311919417
-32.507062815657
-36.804615279469
-102.739989177489
-137.13534338925
-171.972485034497
-191.408792162698
-210.175422613411
-111.003579319986
-38.477162106557
-199.047250546762
-79.279318717307
-31.986010706958
-156.959157704275
-156.754308571203
111.260551948052
-154.685954128337
-111.659160663555
-31.153130777642
-153.492215683622
-1.185868872881
-69.040210982594
-117.631702065296
-27.600170229076
-28.90856246618
-78.970591095103
-37.130661385056
20.646276520788
-187.83876502187
-177.21454852656
-155.020299958288
-156.229179349296
-26.834595959596
107.727432669327
-31.580349392361
-30.797827606421
-177.239427618822
22.163337476326
-41.562237187725
-32.560446118552
-162.696449004554
-201.992705021758
-37.670377040494
-137.655766650884
-131.115911486517
-161.359577922078
9.909804659316
-193.028138528139
-14.453573824179
-41.173541356647
-35.031204906205
-33.896186333198
-27.12682418493
-27.257583508072
-37.130862193362
-61.520119583108
-20.490630707183
-171.260211630817
-28.312798746392
-29.735381859894
-33.651252339241
62.054120304609
-189.37768519458
16.63638406949
-197.595057720058
-40.267614763709
12.360361426768
-181.681277056277
-194.738734301723
-141.046536796537
-186.850559163059
-197.544482915088
-172.976079855474
-143.74703156002
-145.328901458784
-91.716610158505
-157.306568052174
8.648546711535
-103.114079551091
-155.428391053391
-196.209874272863
-246.429375366387
-147.324252570346
-90.672418239313
-38.489357864358
-40.716908904897
-84.830697460092
-81.0498941705
-152.512265512266
-32.968434343434
-101.130037822421
92.825737142632
-147.089979031385
-96.422699018646
-103.868534677128
-30.8577946034
-155.979187099793
-90.027597402597
-90.946075571564
-4.663481917388
24.282099031611
-151.303648933532
-33.474226782332
-81.633567821068
3.405483405483
-31.415494227994
-79.946961946474
-189.710768398268
18.110832797845
139.899989712978
114.724013291396
-141.230826329703
-191.341702812162
-199.138159637671
-47.091893403905
-38.24025974026
-190.704205137311
-43.377422382305
92.192452566964
-150.817640692641
54.088283434231
1.623168064574
-27.77217839669
102.280393217893
-102.127144069039
-96.395104082116
-160.918457735841
-139.214576710182
-182.422807173295
100.374902061914
-29.00064928019
-158.763084951073
-70.48575036075
-38.419372294372
-36.691921657986
-177.956361888979
-181.993075988681
-36.169583319242
-155.468975468976
-183.72869529559
-95.681436998332
-30.036247660759
-30.538968789457
-46.214077155483
-159.767524576118
-58.05294011544
-23.871565121077
-41.16646585836
-184.230607202043
-46.666393637829
-33.922175860164
-163.873897315792
-187.173270793876
-35.530024717036
-84.910526160038
-192.904581529582
-193.47973597583
-31.346057534046
-172.659660218254
-66.127267372385
-142.462842712843
-163.82883170432
-84.662415167298
-92.318431947826
-36.309876809389
-99.128329190341
96.991973304473
140.043913605925
-29.639179884785
-141.007565541013
-166.693931502525
-34.89247595937
-175.197490389385
-60.665105294012
8.777236652237
-207.335510518128
-118.663530534136
-45.144668645157
-156.868424056412
-200.824855699856
-148.190192945076
14.986479611968
-90.951126076614
-92.165203232098
-179.394467836851
21.604888167388
-193.422070171582
-174.411165223665
108.677030489042
5.905241026335
-148.803682049288
-187.102723665224
154.003587070482
118.088646650658
-102.784188847177
-158.825757575758
-157.051254734848
-114.117944934839
-146.745593490711
-43.737492108586
5.783462062027
-159.928050736156
140.364916956958
50.775535770653
-156.323232323232
52.893308080808
22.932469928075
-94.058163245175
-149.196797072285
-26.168039913645
-31.140040894435
-35.021096145608
107.478264790765
-173.747757992875
108.664023042929
-210.652777777778
-97.254501629013
-184.923438486427
-34.059954314349
-33.402860214872
-99.972325092442
-161.709956709957
-141.13274838226
-204.582318370648
78.246565121077
-120.436758066153
-33.727551040539
-76.080295138889
-22.371214587279
-56.15758590368
-165.914030793425
108.149438370874
-36.591007028995
-87.003710373828
-179.231691919192
-33.605359538465
-180.697317764701
10.660000535489
-87.506243376849
138.478437415449
-195.545286852904
-168.069812945301
-4.982405669417
-44.231942048837
-191.939734256629
-163.2153059614
-78.288121167027
-191.522789276696
-119.397899897412
22.897727272727
104.288339942393
-153.925512801001
129.729377691536
-178.768849206349
-26.675316924829
-95.116981054969
-201.159611601506
-35.391955266955
-34.478084415584
145.008235254329
10.369588744589
-38.827950261544
-92.280225525343
-144.669552669553
-120.406954590548
5.192661125767
100.443555251172
-67.430382930871
-170.233959291576
-34.948232323232
105.088466275478
-194.435515873016
-78.82424481985
-34.070998066604
-35.589437905844
-27.096590909091
-30.520681141775
-175.374258066153
-31.178599612193
-36.473935786436
27.213834776335
-135.960858585859
-199.346583158595
19.246423146081
-147.572518573007
-96.941189940702
-205.532565470554
-194.252066564078
-145.651507401019
1.784263533775
-95.664662106557
-34.954352396735
22.284889914773
-73.558650117244
-178.210157518263
-83.915952916441
-155.01919727408
-91.49016955267
-111.822961760462
-42.901973839962
-36.240878370761
-175.096250591856
-159.610832797845
-131.23575036075
-180.343266650884
-185.388721196338
-13.015782828283
-31.35282160331
-12.471418284407
-198.01251564191
61.037858354753
-168.322340663893
-93.264512451524
-44.539432410038
-95.340728715729
-108.34892803594
-95.212600333694
-53.804223174829
9.800775613276
-193.708361516955
-64.949294141189
-190.666014920409
-31.210505585994
-113.777589652101
112.8716528426
15.90395021645
-192.540375856782
-145.610209235209
-26.897559580177
-55.502435064935
-182.969959781971
-106.43193655303
-81.232302799197
-31.989746798341
-145.336420144526
-201.144001397908
-90.567751313357
112.17163720069
-39.948502886003
-141.533029091135
-180.844093840188
-185.399523274035
-78.969877344877
150.141032957927
-43.081681773088
-33.744678932179
-171.907660590278
-75.737623867018
-88.432537216473
-178.355130546537
-38.335858585859
-195.625450937951
-27.53852278364
1.982323232323
-166.406094285489
-57.547536610525
-35.518496206484
-198.817710447105
-163.493867243867
-176.192550505051
-191.547425989809
-99.354174417163
-26.089383652372
-103.045823046311
-31.067179538127
-28.593447026064
-92.979805730294
-30.815323998918
-33.496933621934
-152.012072454455
-185.64638220937
-98.010745005862
-101.345689033189
-32.422910043516
-34.694715007215
-105.610910302805
-159.345717216811
-109.129509379509
-199.717151284046
-10.107864357864
-28.001172438672
-143.17219629329
-187.815213378202
-9.023727086715
-122.609327792433
-103.172791672303
-204.188922568317
-179.332972582973
-40.251345063357
109.018377835272
-159.398559394165
-242.441767000361
-181.756513939619
-183.154581529582
-87.198781199269
71.092179467668
-178.410005467623
-88.719439089556
-156.638505239335
-31.000651746257
-1.424783549784
-28.879890562996
-175.417055952945
-49.460866336355
-82.646276520788
-1.841901154401
-36.004259249865
-149.384461946474
-147.72584240846
-165.361832611833
-19.392243796785
-147.330254272637
-195.628808311914
-176.293449985345
-184.061307128202
-144.077089956484
-171.97095959596
-33.390053577065
-184.882305194805
-50.275716145833
-183.088474025974
-30.06936200735
-200.167187359082
-197.341380461986
-151.124757620851
-163.127795815296
-154.039973535579
-199.371843434343
-195.916576479076
-42.699224386724
-137.108766233766
9.815496623602
-133.711149581755
101.798320115215
-41.141865079365
-83.736008240891
-34.300226737238
-170.188381442776
-87.413066913555
-142.873659868777
-144.436036565431
-145.131160939755
-121.432982869995
-192.273920144526
141.730887981376
-38.098026160038
-35.772276334776
-39.726002350514
-32.431006493506
-164.715125586219
8.65367965368
-149.565192945076
-36.118145743146
-73.921717171717
-41.314677184794
-201.760301818407
-31.602916723034
-177.263716264205
-159.307178932179
-165.229957921852
-201.722845784857
-142.049242424242
-32.445165945166
-139.51443001443
-100.040133477633
-132.283271470283
-35.546877113772
-177.179465553977
-197.747023809524
-171.946588513483
-88.496691242785
-142.981859611742
-179.024739583333
-34.514630822736
-184.807622119634
-88.812071961242
-42.598935786436
-95.459796767902
-187.862734487734
-149.728736161842
-178.433441558442
-172.883740445752
-35.342344341856
-96.729875484758
-179.809781689664
-85.896554834055
-188.499979566874
-163.647214330808
-146.061507936508
-26.585487618935
-147.930354747249
13.897464460453
-6.230220734127
-199.634108946609
45.743346551452
-28.327169927512
102.382665945166
-177.564782873377
-29.431637806638
-42.486471861472
-200.921183796672
-150.014893635011
133.331452076569
11.904669251105
-87.167498788104
-167.25859600469
-144.712675020292
-50.350440791847
108.992171646713
-153.902409276921
-93.367617300234
-21.149884024396
-323.585588023088
-166.285521227904
-87.336732278139
-36.936307128202
-180.757846320346
-33.228334545229
11.401244588745
-200.286768353175
-39.196518759019
-158.566620445527
-195.907545037428
-157.827491573097
-184.810232627615
-164.583956895969
-181.276793464782
-155.155725784632
-30.123626753021
-159.727112785218
-143.097320160308
-182.053584111201
-163.263700763212
-196.626873506268
136.03858760597
115.156367314326
-194.184142626037
-83.605720288826
-35.26530370671
42.371379813763
-39.726911976912
-39.620753432765
-35.320526695527
104.106068356557
-175.302316552805
-175.954287574405
134.915945165945
-167.624389119995
-173.098575036075
-24.569083694084
-173.139638573232
-85.72801466112
-36.683379554473
-138.621199438582
-162.274087837076
-37.638881138393
-198.501270376759
-45.048603360615
-94.415764790765
-27.29510154559
-31.305928988546
-39.065955312049
109.827849857391
-154.888059233518
-31.725440791847
-95.693099381088
-205.849043941085
-193.093893031881
-176.095410719922
-194.793900923295
-106.525585091991
-37.952553577065
-104.190393753382
-113.398088023088
-74.33170995671
-41.394279711174
-182.136801891685
-83.042395917884
-35.508665759154
-173.424603174603
-157.823490203373
-227.350559163059
-93.015069078057
-117.96636002886
14.542720734127
139.035964415359
-25.238623681006
-78.673422985435
-92.054736116748
-77.242326304338
-17.713556463068
-153.541854792343
47.134552134064
-190.480367288961
-79.863017733135
-99.99600356241
-24.565996882891
-163.342199900794
-54.545086044598
-34.160180910669
-147.681617373512
-8.176167013325
19.873376623377
-158.343885281385
-165.508645326028
-35.372051993146
-33.993083739177
-53.691640878653
-34.392947330447
-189.916014920409
-159.643217893218
-87.764159451659
-185.653027907422
-179.89133170432
95.089257530664
-158.279942279942
-153.201131008748
-133.864726365215
-159.632222757711
-77.667408600514
-168.194444444444
-31.505140692641
-180.263340012852
-94.637507891414
-172.334415584416
-36.40386002886
-183.323894286052
-29.897727272727
-161.459207025613
-161.938221500721
-93.712584832702
-30.892256479415
-204.324683075171
-148.140362540021
-4.378787878788
-180.568710261093
3.105601917614
-24.197879323368
-35.651244588745
10.990911486517
-95.91399168865
27.663038729933
-157.334846089241
4.427496927985
-29.944354256854
-151.742792743281
-175.994761369273
-152.657487965593
-161.524593028499
140.845057720058
-38.294199669688
-114.290133477633
-0.785526160038
-36.172516177399
-61.963203463203
-32.600038470644
-157.61257454568
-183.552045990034
-196.5358122238
-36.892573897457
142.376185121302
80.334132339015
-1.887884142767
-99.230998602092
109.681807965255
107.348116347628
115.244598961152
-34.194624819625
-29.703275077787
-85.905385467397
109.815045685651
-185.892939579951
8.757145252751
-28.075126262626
-91.508760878878
-190.363185425685
-32.442919005907
-157.243805239899
109.300226737238
-179.028409090909
-156.575007891414
-33.758928571429
-191.28641535331
113.861824861337
-119.705357142857
-151.458255828373
-30.776002209596
-32.233225108225
-73.968704906205
-32.166408786526
-172.493777056277
-156.114025297619
-180.083083203689
145.909291717397
86.583495741455
18.273538961039
109.274788904672
-92.502635873241
-76.158487779582
-153.254481195887
-140.92766955267
-163.365051181457
-136.047701484713
-167.716007028995
-177.804362683757
132.253406695301
-57.761724386724
135.717921401515
-182.423312364719
-146.909701789096
-188.094696969697
-145.400953592848
-189.210866336355
-5.593988151605
-158.390602453102
139.780233275839
-35.85922738828
-83.759490130096
111.078615395022
103.58866215165
-90.288801096907
-195.931449680961
-39.48050679789
-34.132413349454
-37.686049248061
141.214313897908
-11.415854978355
-155.052226365215
10.448801632395
-35.760482193588
138.337662337662
-34.837760275749
-42.671093609082
-152.249118557224
4.574126448638
138.577300981354
-36.885670319264
-145.293733230745
-81.384817764701
-172.252705627706
-145.211108715503
-86.219689219201
-185.619068052174
-87.15404040404
-158.264270072376
-156.82836279931
-30.301504864493
-93.370372249278
93.286172974161
-160.895833333333
-194.844885095373
-22.811618557224
-104.109750546762
-132.816731066243
-138.085776148764
-52.216610158505
-110.292285297168
3.791658916171
-132.752806031859
-28.268019550979
-118.19888406949
-169.800705858811
17.736389424378
-160.327373201885
5.829447516459
-190.924512987013
-88.389721010326
-30.945609132621
-153.143140388258
-32.915473794868
-36.206356956845
12.092622655123
-93.611902366297
-33.810959060471
-31.359770979888
-31.370111903071
-94.578352582747
-133.204746262852
-37.127504819399
-89.350190662202
-26.970155658144
-120.726288414277
-32.483397732909
-40.889319393714
-31.112165178571
-38.059974747475
-162.776076896194
-81.015463296469
-132.313783059389
-182.751873506268
-69.87309831011
-42.60082972583
-154.311036565431
-93.331439393939
-118.292184893015
-148.382186823593
-166.155295279807
-78.575196017091
-199.123379089444
8.78067153116
-138.999105874594
-211.438201067596
-182.006305380817
-190.243784806773
7.448564889971
-97.208964646465
-30.154483591495
28.608964576006
-108.806887936282
-148.427476494859
-108.929104803617
-86.601821789322
-30.796335988231
-150.022539147051
-184.62700456011
-70.459152772141
-37.059884559885
-164.527757344652
-42.137646695752
-36.857864357864
-33.239066868461
-154.347492784993
68.347420564462
-162.96654040404
-148.967331659226
-161.686660128066
-33.989510055916
-175.898428340323
-32.220889841495
-88.271436462843
-91.216159220554
-197.382583508072
-142.478473349567
-202.839466089466
-34.954176953689
-8.931818181818
-187.610940952494
-176.846673346185
-36.762023133117
27.790290953621
34.204094516595
-137.487554112554
-168.041576479076
109.469897778003
-72.443965322872
-41.768238326344
-36.329663825758
13.301195901538
-187.615640923746
-168.216630591631
14.920034257192
3.649322465729
-169.839125772231
-183.996691242785
-35.783008658009
-189.700056508162
-40.661513291396
-28.235820115215
-163.364801051813
88.651605339105
-202.87481962482
19.045073361968
-64.885191197691
-188.83343127142
107.402847532242
-160.727994227994
113.860090863997
-149.122294372294
-39.601370851371
-153.437770562771
16.771562584551
-164.70976858428
-213.402617835723
-34.928190245085
-2.850378787879
-147.09145021645
-15.905295279807
-192.070817691423
-36.945877229324
-195.938311688312
8.926316738817
-183.984217171717
-175.065934878923
-36.950749825262
-96.554681863276
-153.975211095328
-92.001365496483
27.891032957927
-91.63962307224
-197.6636002886
127.214564027552
-40.770853766459
-25.281774215368
-153.603362728851
-114.799755366162
-44.729429478941
-176.617514430014
-43.56058562748
-47.986464110976
-189.75746513686
-31.68549543989
-38.844725153319
-210.678038053526
-79.743686868687
-31.230158730159
-40.881583694084
22.926850113862
-81.350559163059
-200.25946969697
4.338744588745
3.721348529942
-78.429914025861
-38.817341946248
-164.863353118236
-154.681277056277
-99.304743867244
-42.405746217758
-12.422180792298
-99.812652191558
-199.19802376443
-25.204274891775
-192.533168600063
-154.147789276696
-161.071060070572
-42.44227994228
-29.665153910759
-25.979867734262
-28.739989177489
-177.115189985795
-102.816829004329
-93.026327025839
-140.3777880648
-194.865738861833
1.285062539457
-27.502587256494
-155.304092120987
-28.924853304248
-32.244838874233
-173.607954545455
4.893599076705
-151.627868035827
-31.823585323097
-199.574585137085
-151.980078759132
-93.548513173025
-33.861652236652
-38.682178932179
-100.728612858496
-142.890955452967
-31.880972814078
-158.310253060741
114.360830331778
-179.113262930646
6.757696594855
-32.580279637897
-83.238067054473
-35.342865034271
-158.830169017181
-78.580705210588
-86.864808802309
-40.085309709821
-159.640344572962
-28.315919377931
-35.580509334416
11.743424056412
-30.108778916396
-34.825729392136
-2.088814343209
-203.26721807923
-98.538059163059
-94.022539147051
-50.006022135417
-159.881583694084
-35.497655122655
-34.954467949585
-175.499549062049
-170.143009334416
-26.126242193137
-200.276445397051
-197.393738585633
0.073350694444
-32.014858053188
-101.724747474747
-75.141040708424
-18.377086997204
-36.394410765016
-194.589576710182
-23.831542264159
-31.406823536706
-147.099283854167
-196.190205627706
-168.885108760597
-133.208706766324
-177.674082482188
-85.756553044395
-30.169101731602
-24.261085323097
-39.485667923656
-128.452130822736
-160.6681998557
-189.000332566739
5.723456664863
6.722062280168
-76.818882885777
-196.867506679518
106.326659451659
-27.309974747475
-170.332792207792
-38.234196738591
-34.695165945166
-39.465450402462
-108.493764373647
-169.652146464646
-34.11126330267
26.091710562658
-154.516427176339
-151.462399525388
107.976461038961
82.973863565905
-172.957411024306
-35.693694760101
-151.739169738681
-0.959415584416
-85.145029395518
-38.923340548341
-106.373003190386
-30.232330982819
-145.178939929428
-113.833603896104
110.147985152868
-147.48060966811
-155.047446422935
-100.587592583198
-31.571781571293
17.644861702967
-153.609467301362
-141.123438627345
-109.031086534993
-25.281217588835
-150.157738095238
-34.06519787721
-186.126262626263
-98.481524226641
-95.017197646104
-29.978723479212
-172.456960086355
-183.669212352318
-77.963223896329
-158.631485755998
8.503677258072
18.206439393939
-2.600018037518
-98.963321834416
-169.177919682314
-37.412345412834
-91.575778008883
-195.995941558442
-26.513860705267
-194.590638528139
10.761175510687
-92.133109132621
-37.679030117018
-155.756104572511
100.059351184839
-38.524502840909
69.168490851596
-103.188672438672
30.852571473665
-143.964736652237
-147.934982497971
-29.506826073232
-136.53642803594
-151.850005354888
-86.201208513709
-87.619199810606
-82.885291601844
-33.45888220937
-36.030233275839
-160.867133246528
-33.373446377841
-153.763708513708
-173.763597892992
-178.280766650884
-98.183802308802
-36.071616697105
-150.951757389746
-176.09335190634
-178.549693362193
-42.495552624459
-38.062667692551
-31.036538656656
-30.344967532468
141.335588023088
-24.718073593074
-158.951090142496
-95.459152772141
-189.164702972808
-168.222394846907
-31.923709049197
-177.222763347763
-87.371410463451
-174.670544733045
-35.13160412721
-90.995137620626
12.161157473169
-194.481872294372
121.104968138415
-99.408271470283
-151.975737072173
6.820266349319
40.77129202178
-25.576857793899
-179.768661080673
-40.958170925212
-94.392926897321
-160.350208629261
113.349647070594
-160.536407602814
-31.352182539683
-183.326479076479
-192.769480519481
-162.351170043065
-88.737886679293
-158.925435296041
-65.673520923521
-132.375811688312
-186.839556277056
-195.478264790765
-178.013347763348
-137.694802728738
-185.863906926407
-186.281552973936
-186.214576710182
-29.768496206484
-133.192903504915
-138.302489177489
-205.844704720193
-193.195797258297
-154.303862424468
-44.768050200667
-174.583861776245
-82.100752220869
-26.946619163172
49.741702741703
-38.574572454455
-31.553599612193
-142.532848715954
-53.70661976912
-35.750881442776
-179.958854025749
-90.479506983902
-169.451651701163
28.486992553887
-86.96646289908
-177.251270376759
-35.520021645022
27.468532281521
-88.331509148404
-180.460497835498
10.376180189168
-137.238546176046
-112.459415584416
-105.42403386544
110.88265819467
-25.430367429879
7.231759207589
-180.701589697195
-195.805473118461
-154.182817995806
-172.94695701434
-40.044573102679
-99.508797517587
-15.285977097989
107.845065470554
-151.779831659226
-32.821268629374
-93.445194128788
-12.840007215007
-87.649593028499
-40.331537332026
-32.51261851213
-1.761253015648
2.426677489177
-39.505481009876
-99.485549552444
-91.841831399937
-162.281856652462
-201.529942279942
-173.314213564214
-130.822338197826
7.871861401402
-31.942432133838
-98.495781616387
-109.375610880005
-35.971492971005
-36.317037563131
-152.350386538375
-137.643375369205
23.934044687951
-34.750639063627
-38.315989132395
-0.232163290269
-186.506202510597
44.990628241117
117.381503723056
81.63674481985
-153.414981286075
-173.960858585859
140.826311383929
-40.615009610615
96.352723665224
-157.579996392496
-189.698232323232
-186.839839522457
-35.380679352115
-109.567813317325
-132.9604305471
-32.574384328779
-198.567009379509
122.235500231106
-191.460497835498
100.860840548341
159.600208629261
-28.480408859803
-140.594073407062
-117.45384438695
-123.589084905979
-33.902777777778
-74.507665945166
-26.492083925189
-89.642434388528
-77.552739307134
-105.055001747385
-118.797528860029
135.843777126736
-46.798688616071
-91.342261904762
-28.141491646374
-177.987373737374
139.789424659542
-169.663309292704
-140.354089161706
19.688401875902
-37.27608464669
-33.981851861246
-160.656357097763
-177.924775799288
104.059966996979
-10.989087301587
-21.702533143939
126.334853839737
-35.513244893128
-30.412510287022
-200.017406204906
-145.693985755998
-35.586371527778
-32.939123376623
-179.736000490395
-171.503787878788
-174.006521690115
-197.746843434343
-30.131292698187
-127.788128917523
-148.255411255411
-153.75200456011
-183.012327516234
-46.693653189259
-36.535624098124
-33.356122610029
-157.145202020202
133.155333679992
-97.99252218051
-26.86803512243
-86.064762440251
-37.643508889114
-32.981143043155
-177.877012310606
-29.790687285804
-172.505772005772
86.518599076705
-27.614185239674
-36.310897056503
-174.309974747475
-198.761162828057
-33.871920939304
-51.795835728941
-162.414780477769
119.628267186373
-28.103174603175
-149.451138759244
-107.885023505141
-0.399523274035
112.734951355069
-39.458423520924
-183.599948283054
-163.140782828283
20.330295138889
-159.890319207702
-149.085685961174
-73.51500178966
-40.433232999639
16.484655427038
-30.931158685065
-163.710678210678
-39.673438486427
-182.265053577065
-93.856864543876
-77.603071732955
-205.091091932156
0.677857678346
-158.855449726055
-133.505411255411
-143.131145438763
-133.613455988456
6.345049969562
-205.392759204771
-150.051587301587
-200.037157287157
107.688213750225
-24.401257271374
42.307622119634
-26.178058486652
-132.98260154559
-182.323510636499
-152.78365265377
-99.074654891549
-159.733397732909
43.999007936508
-79.051316738817
-196.189574314574
-172.617416491928
-138.615058931953
-38.362435741342
-89.745511053617
-33.902154215142
-41.53660841112
-96.44255050505
-125.910283780889
-181.781122469111
-140.430826118326
-30.05266955267
-3.086108715503
-192.673971861472
-165.381465322872
-99.335866336355
-176.590720965233
82.427226365215
-160.797897360886
-173.070186378292
-38.030295279807
-93.763340012852
-32.198309828193
-27.35427975345
-28.741612554113
-171.466999092487
-84.445137761544
-94.377713378202
110.936958874459
-186.259359076254
-177.803362869769
-28.029130591631
-86.036956478851
140.212690521284
-167.00477994228
-101.528228715729
-153.076679884785
-52.066931874549
-66.055437184343
-146.591901154401
38.563324370942
14.889852768759
-110.254607317596
-30.616952871347
7.093176463294
-33.683879813763
-205.324031328914
-31.513237142632
-178.43740981241
42.627234256629
-51.352380881922
-39.17288961039
129.298077736066
35.569995786549
-44.099414908009
-172.403790274396
-137.704094516595
-159.741805611923
-150.997093563988
-181.838626217532
16.875188125676
-156.373258252164
-179.754238816739
-172.137904575893
-67.968975468975
-154.386925195031
-199.322322696834
-97.38177181976
21.860126798115
-149.15089158888
-31.914744543651
-29.861659987148
-40.142496392496
-111.548090418696
-26.06162630772
147.709493089376
-87.060232627615
13.288059163059
-187.77035421176
-36.541514475108
-89.822871572872
-172.568632756133
22.156552973936
-97.721029350424
9.482315481827
-141.781746031746
-48.576471325983
-139.720980029086
-35.030094471501
-171.446248196248
46.482766419778
21.969086089692
-7.965076969472
-108.132956941062
4.363796305691
-33.400232092127
-26.750270562771
-158.604970604482
-141.424706044823
-34.958676116635
-38.246121933622
8.103507169913
-159.152757344652
43.09344209393
-87.973907602814
-94.55752699991
-41.01414676903
-182.797972047484
-39.734951355069
-160.113123421717
-49.104285037879
98.796900012964
-95.584948959461
-106.818001443001
-92.27876984127
-26.156503652597
-133.716367779356
-21.221941442889
-116.019230389836
-118.912768167163
-24.994318181818
-153.021665454771
-192.245449401944
-201.411644345238
-92.676948051948
-33.480068542569
-84.506320881809
-42.068091630592
18.441926942415
-196.735126798115
-37.466872970779
149.502435064935
44.823564889971
-179.518759018759
-36.861304168921
-118.238283363772
-155.392849392361
-32.334595959596
-49.757485569986
-95.923167923656
3.700036075036
116.69427181976
-38.491831329478
-186.120158053752
-31.414842481737
-32.454553205041
-154.598935786436
-53.863033234127
-164.787510287022
-81.528388657783
-125.21444565634
-172.386391819986
-159.312049062049
-140.136876578283
-161.164834731241
-104.343421660804
-45.829816017316
-43.116981054969
-98.695990316108
-192.340818903319
-155.130960131448
-34.773629148629
-51.692341946248
107.248647186147
-75.832794673859
-193.084866522367
-34.185415468863
-147.043560606061
-34.968983219472
108.644452335859
-31.833774054721
-103.379890562996
-24.688291255186
-16.982230578666
-116.433699438582
-161.534008471997
141.269722898629
-29.443194500812
-64.800657242063
-164.663169783775
138.504669321564
-50.08178746167
-35.931880185786
-188.84006886668
-35.416658916171
-30.141483895878
-131.506382885777
-203.694444444444
-26.97201366342
-28.930916305916
-193.675154516707
-153.292109854122
-50.401146650658
0.515339640828
-184.398229998084
-156.956640202246
-89.856990665584
-205.549062049062
-159.788259971365
-196.621031746032
-30.860778544372
-109.513958643353
-27.725366105249
6.262613579996
-20.996905438312
-30.886211444805
-25.546163363546
-169.510724572736
116.981140577088
-34.044524485931
-143.447088068182
-171.133477633478
-29.131235626353
-156.268751268263
47.134539451434
-160.232135106647
-90.789592352092
-38.006145438763
-25.83190301452
-32.610139480745
-107.391844646239
-145.815656565657
-198.819645252751
-191.945153262536
56.287247474747
-202.154483591495
-101.556818181818
-32.664571918966
-168.636842757936
83.438943001443
-33.437332307449
-79.991911300505
-175.842733275839
-40.121565121077
-46.353522670905
-171.711953519571
-196.904609713203
-42.07502832454
-31.633469882982
-36.804120304609
-34.616973304473
-24.850669783775
-186.460837800437
-35.324425195031
12.555746147299
-35.93950456011
-65.331627519616
-173.835330142947
-35.798783735795
-191.29624580064
-179.155233275839
-197.82979558419
-38.46914809366
-28.251154471613
-31.544462481962
-109.82997595937
-152.579164271059
-153.277625586219
-171.140331890332
-20.875262812275
-37.921073175956
-36.804190059073
-33.197982193588
29.034389655483
-77.682088744589
-157.370879554473
-145.033840779446
-42.73644367785
-131.531225339331
-187.816911441423
-83.169199669688
-142.621683492289
-134.184265929383
-164.922536610525
-196.960678210678
-89.176705672799
-168.399268212256
-185.978473349567
-138.11525974026
-141.600850158956
-171.551156796762
-141.022616652011
-33.139499768894
-172.054194991207
-114.033611787518
-30.575236883342
-25.480076293065
-158.405212842713
132.282356911751
-36.389409581304
-9.630493692505
5.624368686869
-197.320887445887
-135.616632987238
-194.926198367605
-150.163863100875
13.262889074901
-74.596459855249
-181.375992063492
-23.536796536797
-88.9136002886
-159.831058210453
-39.516654054496
-97.878870315882
54.154421587527
-202.152929969336
-146.737762671356
-193.55284992785
24.013419983879
-34.633768629374
95.753308757215
-33.450487012987
-185.957431457431
7.659279034767
-27.17011422822
-161.539502164502
-80.41369047619
-22.572350880456
-204.102120535714
-192.724927849928
-79.451651701163
-36.947982193588
-104.673701298701
-94.160353535354
-40.196047387942
-33.178932178932
-52.237902180285
15.841519970914
-25.929864704523
-43.956106827201
23.143877389971
-44.619137806638
-90.317182004194
-35.368756623151
-31.170642671131
36.327290764791
107.533467346456
-201.541305916306
-179.510294067911
29.591651024756
-143.667929292929
-26.775693246641
-28.828553391053
-185.215179839692
-159.372593118687
145.78039568396
13.595340965458
-175.291653984037
103.348101198931
-79.844689219201
-25.355769610164
8.171165829613
-150.460265672912
-130.327721269616
-167.079086766098
-29.783101311666
-26.105401109307
-135.370199624594
-148.477806102318
-150.717061096456
-153.011482007576
-148.021915584416
-91.829365079365
-206.93090855542
-153.661013032107
107.369328398381
-41.381235626353
-199.465548340548
-18.639762581169
-152.151424963925
-174.632846320346
-160.961420144526
-167.935335497836
-92.344503911887
-74.386002886003
-92.689123376623
-30.902404344787
-98.58181282693
-50.563291255186
-107.105339105339
-92.034271284271
-133.453816203328
-194.334402901786
156.147005772006
-37.511162828057
-191.024698717082
-56.223763161751
-97.384088513483
-36.298902107008
-186.096701529807
49.9613997114
-33.284902597403
-175.944542382531
-155.94515819467
-153.792480821045
-33.914043476055
-26.352973794868
-194.43740981241
-35.480339105339
-77.047951614358
-163.34795147344
-26.925304242199
-29.190115440115
-141.461038961039
-102.621322741928
-163.703664011769
12.515955452967
-69.073515568633
-159.436876437365
-135.094544778139
-27.333222712617
-159.967081529582
-95.787940791847
14.981148327584
-132.738976680871
-152.037518037518
-189.709894705988
-162.840265095148
-99.083214962121
11.388881138393
21.457784457296
-153.911693666576
-154.676759926272
39.997183751578
-26.032988224883
-148.870969742064
-97.464105339105
-180.713486708604
-153.756916260823
-145.899371082477
-186.251553622159
-127.785373968479
-186.655310780799
-99.623626753021
-41.469586348981
-141.320629565747
46.539053692618
-161.856511544012
-40.967893217893
-38.198170319264
-207.898636899125
-39.042999047394
-143.202811457206
-169.158938717532
-187.323064630682
8.589633782017
-133.562069495175
-37.991702741703
-35.96357196406
-39.042929292929
-161.705565701659
-68.68081836783
-148.439110693994
-76.714015151515
-44.552378556773
-23.03668591608
-179.752164502164
-34.585886769481
-33.024330216225
3.654388471771
-208.016426824044
-150.807457245446
-112.878398944805
-39.307178932179
-41.237353304248
-157.307158499053
-30.552128427128
-81.304202741703
-163.936167619273
-36.765770145653
-180.367424242424
-88.800386679293
-42.413430129983
-176.347701343795
-85.410714285714
-164.471500721501
-91.508477633478
-36.932531932044
-85.429370434253
-161.260273634785
-158.962690521284
-29.781655844156
-35.135894731354
-174.72257275602
-34.679370434253
-203.163260323661
-157.159263533775
-28.582369453463
-28.544179236562
-124.392504142992
108.509088513483
-185.071408138303
-39.453102453102
-30.539314038826
-198.808642366748
-200.38484312996
-31.444341574224
-191.441107503608
-38.909361471861
-37.956820577426
-166.676850113862
-3.161185656791
9.68281024531
-148.63664194963
-32.392135642136
10.480872480384
-180.750881442776
-169.669921170409
-161.725912162924
-168.535271098259
-198.249077690972
-31.177821744228
-95.911513291396
-147.048090418696
-41.557622119634
11.230331354843
-189.897799493258
-44.875553808171
-41.674713795319
-63.390775077787
-95.835407647908
-85.092962972358
113.593321256651
-100.861562049062
-32.262195757801
-95.44036556976
-38.350100474612
-59.159632034632
-190.231240981241
26.251164688176
105.581647952742
-96.349316969922
-156.525334962347
-28.330635456124
-181.599378973891
25.72322203621
-34.151715959821
104.374739653792
42.128517316017
-53.195707070707
-173.409438976822
-92.422559509718
-32.618446955605
-84.96509493653
-197.21826171875
-86.560716681322
-95.839806406701
-51.192377880366
-182.263077200577
-29.653068773674
-174.343191964286
-26.11326786278
-80.270222453328
-89.479867734262
-37.874729437229
-0.719246031746
-164.630944630456
-199.78345959596
-37.719253782242
-170.901064213564
-151.766787574405
-192.529220779221
-152.033291903409
-33.944923566017
-182.427136177624
-165.042548109443
-82.841241657648
-83.669014010078
0.534000721501
-35.829607458514
-43.256506189123
-170.781295093795
-107.419835914953
-125.751602943497
-39.136100824089
-166.126741747836
-100.20489845441
-91.487476607594
-81.233467487374
-94.464383652372
-34.502344877345
-96.183982683983
-189.080795398178
1.338757271374
-46.577290764791
-193.599136594742
-37.1856884977
-28.515520016008
130.241061212008
-35.141156261273
-194.724685470779
-26.012077386589
-32.343975468975
-94.244068052174
-30.645743145743
-160.315996882891
-58.146905367853
-35.714994532377
-90.434134875541
-34.220310315769
-59.942723129735
-162.339215959821
-194.781905973801
-39.525363145969
-52.377517502029
-199.389798515287
106.665752108135
-159.620338428932
-24.091380461986
-183.765331890332
-36.350358354753
-199.576741888754
-199.424706044823
-186.782557720058
-33.200138945256
-35.583062770563
-29.02293583153
-173.042035167523
-194.05476430037
-149.597673160173
-87.210407647908
117.358433667027
-174.06268037518
-124.554403550009
-96.940143623737
-26.22897854099
-38.710317460317
27.92106542546
-186.25792875744
-36.026404530799
-124.225288600289
-154.319624819625
-197.457521645022
63.660572310719
-52.514618140106
-153.369137806638
-47.914752294147
-165.206869898764
-118.396596052602
16.304350001127
-160.294995857008
-190.975857909452
5.461510332116
-135.999577245671
-40.759461946474
26.753607503608
-30.594949565409
-189.63724507914
-114.142516825622
-192.452102639114
-39.859307359307
-210.853293326682
-37.164702972808
-215.343413910308
-36.079442584325
-122.479347041847
-40.403158961264
-151.526515151515
-29.055202555691
-38.69140625
-85.781037213654
-120.618596681097
-176.225719105114
-164.35004622114
-28.626234442641
-2.686335311824
-28.063943001443
15.968191964286
-88.436881369499
-175.613989363501
59.666138223755
-192.229519666531
3.832160894661
-158.016594516595
-33.774342898855
5.212830030213
-58.35313620299
-179.433523995536
-163.809732368326
108.279303216315
-74.870588558577
-32.212592583198
-178.386301632395
-151.677481426993
-55.981150793651
-79.029671717172
23.340638528139
118.35922738828
-34.658910533911
-27.670737790855
-162.289252034858
-83.867424242424
-33.237992367875
-156.30945405506
-99.203213073819
-164.845238095238
-166.929125236742
-35.921356421356
-33.093704906205
-196.722492784993
-36.129988501082
-79.733433667027
-97.192120000225
-94.454447516459
-201.225559163059
14.534348789232
-176.191385816874
-34.993674186057
-98.408737909226
-219.18272005772
-34.928190245085
-33.639229206124
-77.045524299919
-175.038948356331
-121.45681282693
-162.802120676632
107.035201343795
20.150621026109
-141.918638111021
-211.459595959596
-143.634199134199
-152.157655658144
-152.048979611968
-93.50172131471
-36.500360750361
-81.114004864493
-27.064115626127
-188.635531514926
-179.036172974161
-200.855532163149
-29.734126984127
-149.360201484713
-37.706050459957
-181.443973073368
-38.906735815183
-36.998113811102
-36.036177906295
-49.069256318768
-173.829545454545
-177.197601010101
-177.135093259605
8.48853842555
-192.299803982909
-175.61725161774
4.042560792073
-31.320624633613
-36.422147676542
-158.658098845599
-176.450868196474
-161.442377880366
10.758748196248
-148.026937905844
5.785714285714
-173.559773939168
-173.667486105474
-191.516066073683
142.427306336242
-94.46854496415
106.649721616274
-33.072129639024
-192.802308802309
-37.374451123963
-32.100358354753
-28.263195571789
-199.567259509154
-155.90404040404
-98.581599335994
-29.667748917749
-152.484918239313
-137.007694128788
-208.562149466202
-85.862082741477
144.465728715729
-101.500971630366
-42.943181818182
105.585678210678
-0.020861516955
-38.901424963925
-95.471237909226
13.972691127232
109.54547497858
-198.593637617808
-170.695907879013
-160.485639740034
-182.02807652417
61.820449190566
-32.613546176046
-143.030583809637
-148.731130360525
-38.465347532242
108.96922559862
19.458601430037
-43.927329235435
-13.621933621934
-34.713092842487
-33.959242959731
-38.478715728716
-126.608593609082
54.310155122655
-165.71636002886
-193.628787878788
-25.457361702967
-36.690283132666
-1.897193897682
-206.82664676903
-160.801747243642
-168.420482729076
10.801607734713
-37.775079900568
-38.505882626488
-91.515074010191
-177.778388657783
-35.448482452877
-133.45843127142
-37.359057229663
-144.640865265377
-170.913177534271
-119.436958874459
-82.791035353535
-88.30563799265
-83.029511775117
-30.660603664998
-30.338105525117
-147.726198226686
2.736672669778
-172.590478586084
-29.739107734713
-157.947601010101
-77.165313852814
-168.925574804969
-196.288141600153
-141.797701484713
-37.488997113997
-185.830988455988
-42.214646464646
21.193460131448
-33.519127519616
-128.145735395247
47.863644114132
-31.135551948052
-165.384732509244
-28.356238515174
-101.47044665404
7.636203694309
-103.853973608856
-32.057068311463
-37.537698412698
-94.026182584776
84.148350835363
-89.117236116748
-44.894382581394
-97.903138528139
-35.461129148629
-188.224046407152
-99.82883170432
-32.90863997114
-35.645993275388
-93.387556508162
-33.209333147321
-169.206148398043
-26.542810921717
59.965999278499
-31.733858887423
-79.213175279582
-31.014540635146
-36.290945165945
-79.418011730023
-80.560072685561
-174.951180330087
-102.589437905844
115.877177184794
-166.10579004329
-180.183781875676
-35.649809337798
-44.402870431435
-38.871412929518
-86.970418470418
-166.734044547033
-31.086211585723
-200.896026391144
-96.087211399711
-164.619650748557
-181.107490924874
19.603086881651
-146.186147186147
-104.137786204681
-39.229076479076
-60.976030534136
-82.415792974387
-144.937201253608
-34.881833823728
91.623036306142
-161.427731556638
-114.995470187365
-34.846861471861
-212.239545990034
7.641264415923
-171.260281385281
-154.484315109803
-34.331988269977
138.585778614831
-31.5643115023
-166.314664502164
-182.484938672439
24.619478123873
-181.730782292794
-194.431735744724
-40.314832194715
17.08163245175
-176.493436739042
-127.098242469336
-33.112623867018
-79.403058557111
-38.261446073458
-33.981970232459
-172.071711816829
-127.276973839962
-153.334776334776
-162.038842667749
-108.69707256719
-45.486111111111
-155.567251758658
-50.619518990124
-94.74981962482
-31.550234487734
-26.310876623377
-119.498044056638
-136.869498556999
-193.645104082116
0.214626031521
-78.37510287022
-54.753136132531
-156.743416305916
-38.416133291622
-197.715375715864
-179.982766419778
13.815115440115
-29.39630470441
-91.340720965233
-182.010379323368
-148.846861471861
9.535010752052
-31.631423752029
-88.581988269977
-31.905380535263
-149.929099871483
-53.031086534993
85.387252829636
-196.228424732819
11.937971371077
-101.365411931818
-65.300041429924
-25.900440650929
-153.415133477634
-198.493846810741
-42.770312640918
56.478264790765
-180.8152880648
-8.947142321654
-39.898559394165
-37.803641183036
-89.688409626398
-43.563303937816
-79.540063723169
17.719897778003
-201.707513894526
-179.207153144165
-139.894037332026
-200.145320391414
-88.082792207792
-184.965535657918
-175.231178977273
-89.517787388393
-37.708694083694
108.855617418606
-211.849464229347
-182.467635337752
108.861672669778
-39.229166666667
-188.238386233992
-84.924495019954
-105.371392496392
-128.221951659452
-148.71463871415
-175.975461224973
-61.898739769345
28.018771701389
-26.275425149937
-30.856122610029
-101.023727086715
16.852723665224
-39.88817760473
44.416816392158
166.815084790427
-105.388069450081
-13.126152005547
-185.20211038961
-148.522026205132
-142.168720548115
-109.204535237982
-122.46453584393
-84.979725759267
-80.448745265152
-139.128697691198
111.686708744814
-179.337149395743
-111.693911069399
-119.946678701073
-154.805888122294
-172.62003968254
-103.613644114132
26.771915584416
-140.820526695527
-107.623765557359
-35.530130405619
-30.120830937725
-139.204357328869
-38.554390867379
-97.000639063627
-189.981060606061
-163.308552179158
-194.78536128585
80.917666480655
0.798360981466
-32.063963434569
-77.037677979572
-31.522997835498
-149.882137502255
-37.895951704545
-33.566821253833
-46.491800679789
-35.978507169913
-140.203643578644
-167.666756854257
-93.37518037518
-205.047701484713
-155.166215728716
-193.6893115023
-177.015873015873
-167.39897721636
-147.287518037518
-106.95888220937
-158.412518037518
0.495954241071
-49.426414676903
-146.297248080695
15.990079365079
-94.893941860006
-182.002525252525
2.038698226687
-32.865710678211
-171.826007705402
-195.322539006133
1.523992365057
-36.505509193497
-179.790661920545
175.022797027192
106.797230113636
103.325417258523
-87.995753432765
105.036525974026
-53.413169783775
-101.261716636228
-90.645763578869
-136.576290950803
-176.689914631809
3.251803751804
-79.537420099432
-5.333681401064
54.453154240508
8.114615744499
-139.12987012987
109.93368393759
-167.09796415607
-29.98421470565
-112.584338079455
-28.804264745671
-157.739726365215
-168.255779756268
7.500458688447
-108.661497790404
-154.015893448999
-36.677128427128
96.008920820933
-195.057802494814
-96.537309478716
-183.229527417027
-91.773920144526
-29.876881256764
-22.533207000248
-95.105859797754
-147.349025974026
-169.47391535331
2.548964110976
-157.129529812635
-54.787816783911
-38.046724922213
-30.130230880231
-193.068354442866
131.853924287518
-46.33065588925
9.800136549648
117.588945397051
-92.908619538014
-82.472382164277
-74.542839105339
49.313394125406
-158.450695571789
-38.800747429654
-160.842290088384
-42.036886724387
-153.727162106557
-39.018225643714
-192.326659451659
-155.355782292794
-155.263015196609
-21.829352396735
-183.499881628788
-28.568985755997
-180.596611342217
-37.657106782107
-64.548701298701
44.863894243777
-85.215478586084
-29.385634385146
-36.800324675325
-182.460788831394
-195.791937229437
-189.700036075036
-165.503677258072
-162.818359727295
-35.01604317449
-202.469606782107
-34.636634199134
-145.72792447353
110.89868868653
-172.153318903319
-51.846964342082
-39.36525974026
-164.215339781746
-36.112041170635
-84.805006679518
-170.390409395292
-193.736451428346
-171.222382164277
-94.339383652372
-32.139241888754
-189.693465063582
-189.73566017316
-147.095751037157
-35.788169783775
-35.73573767812
-30.087412208018
3.085137085137
-138.948933390828
142.17863343254
-39.56050812252
-190.031266910173
-102.32989845441
-146.088474025974
-155.854347041847
-44.730499047394
-157.065955312049
-38.800054112554
-60.023709119656
-27.640143764655
-29.418220288826
99.018856956845
-77.628038194444
-34.204836450442
-86.488283363772
-161.000373432991
43.240640923746
23.319256318768
-187.95211038961
-133.340249594156
13.276687776199
-36.830730575848
-27.564471444354
-46.419761228355
-174.007096636003
-35.994518990124
-81.219704720193
-203.782980474387
-200.282176536571
106.014048830943
-57.772026205132
-87.117362238456
-138.509670505276
-179.284882164277
-35.024703649215
-33.133116883117
-206.263610575622
-108.776252339241
-51.716921587527
-91.102813852814
149.318993506494
-104.153942465954
-159.01851663961
-85.68253968254
-34.817161571068
-30.691365383748
-13.104519666531
-31.055888122294
-86.039932669327
-163.486569799558
-87.593857097763
7.61352574292
-111.443341760236
-77.216630591631
-191.682018990124
-156.829906204906
-164.848575036075
-31.654220779221
-41.231589048972
-91.24722461783
-177.528790274396
-152.814205813718
28.745691428797
50.099747474747
-171.448753015648
-82.743207747114
-80.800783363772
139.602342481737
-152.682449494949
-43.315476190476
-34.992506679518
109.835559839466
-153.768918960814
15.298330331778
-126.454816017316
-33.118045338993
-76.342630405619
-148.941538008433
-85.391985916644
-44.348935786436
-119.04606542546
-179.615460548566
-192.42115561305
-188.669129915224
-28.778867779356
104.322760952155
-191.328545640557
-81.501631127119
-163.772990085002
-162.796897546898
-153.971340779446
134.536095469201
-79.560876623377
-155.483212425595
-98.710866336355
-166.783910533911
-166.597935972448
-83.622662873151
-189.267566146961
141.220420936485
-32.786899407017
-102.802210864223
-51.108967042073
33.901424963925
-189.839375901876
108.350559163059
-37.529220779221
-26.930833868822
-190.978146419553
-178.939386188898
0.405421401515
16.608846204793
-96.402388843795
-29.04502404063
-168.506645698052
-183.75963738952
-34.886716636228
-150.993859493371
-90.892774705763
-157.390262135868
-28.43922131471
-33.802308802309
-35.175803796898
-194.68958206507
-30.363365800866
-28.750381183487
-129.064406622024
-28.718241285624
-162.006575943588
-173.489976494859
110.082469857616
-203.652347272953
-194.080295138889
-155.49980694219
-109.991251803752
5.170106477724
-202.710247705853
-82.031254227543
-169.521096145608
-116.027159147276
-108.18272005772
-196.205710142722
-27.862644300144
8.351461038961
-177.264708327697
-110.955197200803
-98.657815600198
-80.625548876037
-138.656246124752
-73.596418284407
-95.434642180736
-188.443202251308
-148.619846624729
23.740509869904
-99.802460993867
-109.792761600379
-166.988706118101
-47.289051226551
-183.838834776335
-70.624396870491
-147.179362683757
-3.051607734713
-191.68567581507
-87.432441744453
-34.137884142767
73.883214821203
-178.980421542433
-139.426754994138
118.163718659812
-155.288530534136
-162.019091585498
-184.887355699856
150.364806336242
98.226440605835
-119.403478845373
-190.580529767541
107.521745425798
140.424051832499
-77.73079004329
-173.940295815296
-104.02789614899
-103.043740981241
-162.843532281521
40.32196969697
145.705099262716
-155.383900387807
-159.898781340188
-91.717795279807
-78.964576710182
-91.842081529582
51.638229392136
-34.420627170139
-153.855416610299
2.229249103761
-80.41524409835
29.30764255276
113.531282411165
-94.872023809524
132.370761183261
-27.787087532693
-183.483766233766
-42.117486246392
-92.196317950712
-29.971619092713
-37.955086580087
-35.670003607504
-160.544795048701
-35.328726015738
-104.10396585836
-40.209866522367
114.867846996753
-187.60274409835
-35.537940791847
-173.340007215007
-191.305826118326
-147.671897546898
-164.012072454455
-106.358225108225
-160.583763838158
-177.308712121212
-82.815723854054
-113.99712174761
-29.997585368191
-182.681568052174
-162.092089280078
-183.506583694084
-34.950043825532
-136.024613461625
-139.172446422935
-37.021402642496
-161.027659406566
-28.259539451434
-37.280782151876
-123.522915398404
99.506063001668
-185.203373015873
-175.865357678346
-24.733869103986
-102.274288645382
-29.492707487825
21.642877575983
-161.640762395157
-187.306830864448
-30.782397778003
-37.308609250992
-166.667630546537
106.438303937816
-159.836951053504
-179.013175138663
-47.586649841044
-198.94054594494
-200.397026205132
-144.212940650929
-177.613296046402
-130.357302799197
-45.957619583108
-92.210928340323
-43.210879018984
7.45509679665
118.350268167163
47.646665454771
-205.382403132891
-34.589118021735
-37.251533189033
-198.342434529446
-205.593704906205
-33.083083203689
107.247737559749
-153.050505050505
130.26173213722
-192.541326349432
-156.87985744724
-31.046786926181
-94.847771098259
71.434884559885
-84.327027952516
-214.135260952156
-24.299410116793
-161.272977402372
49.43444137243
-182.3529117909
-74.608163104257
-170.854609854122
-90.157266724161
-88.844246031746
101.766316203328
-163.705377575983
142.691806105136
-154.205184518173
-24.980437043425
-146.153597216586
-93.385732323232
-141.714375901876
12.852801170184
-35.173430735931
-24.838386304451
-24.399613461625
13.171356421356
-158.724386724387
-32.968156030168
-31.507846320346
-33.117965367965
-134.86753486314
-39.276584905979
-28.486549366432
135.29806998557
-163.727079669462
-44.755962597515
-159.853813666802
-36.811946191829
1.125512941919
-25.602205438875
-45.271624588519
112.681527185922
-170.042859538465
-68.543490851596
-39.614968744363
-145.188201067596
-27.695964950848
-28.897575081169
-168.259359076254
-39.957609366545
-204.924520737509
-188.383928571429
-27.537324979708
-170.907279406791
-44.934523809524
-102.152847532242
-147.142436854595
-32.596488038871
-74.212564399576
-32.981331168831
-186.215105153093
-32.015782828283
-0.434433621934
-74.964626031521
-35.192993692505
-36.444653003247
-156.90844691333
13.79788961039
-32.565115440115
-142.925345108451
-194.891947516459
-109.997051993146
-38.798340548341
-108.741141183036
-163.03555434366
-71.48775492086
113.959936276831
-25.542588975694
-161.192919005907
-167.804030117018
-108.941357633252
-198.199683075171
-20.520673391279
4.547361167478
-192.286878973891
-30.03822685561
-30.831168831169
-149.916133291622
-184.282570402688
56.108918425325
-31.92506186305
-31.787801282918
97.198753015648
-30.758214821203
42.248675369769
-42.471750851145
-40.74034992785
-184.277855282738
-15.083846275253
-108.56240981241
42.666847041847
116.035093189146
-144.832333519345
-91.192161571068
-164.61038961039
-144.626540939529
-153.646673205267
-49.161644345238
-143.245663245175
-110.258858816964
-103.60560966811
-108.216069032964
-34.831050459957
-149.159985034497
12.788670043065
-43.691738816739
-35.662219291126
-164.118256363862
-37.083936462843
-98.469426406926
-176.664481731376
45.463474025974
-198.636113506719
-30.927419423025
-91.335157518263
96.82406444467
-156.363914676903
-31.598415094021
-87.403158961264
-162.102105034722
-28.796446608947
-86.977973794868
-112.555485801091
-36.227473535579
-102.769480519481
126.822400201795
80.61056998557
110.265602453102
-190.826319134425
-176.516865079365
-96.645271774666
-159.807609437004
-186.221348529942
-199.011974516369
-82.058912929518
-94.333062770563
-176.786373782468
-178.228535353535
-180.906011848395
-103.240087115575
-83.303591861697
-160.006673881674
-82.063143995761
-73.8297053966
-30.069013939619
-87.371933621934
-48.832985265602
-176.113095238095
-132.353543104031
-173.538252220869
113.986902366297
-31.029501558554
-160.128968253968
124.445359002976
138.198793881899
-2.641666737126
-107.35099741838
-180.196220012626
-91.743679118191
-110.760521298363
-160.885273634785
-206.773801773314
25.608433667027
17.938822164164
-163.101752034858
-169.955717893218
49.69353235198
-168.138806451795
-201.218795093795
-160.582008703102
-93.935786435786
-35.635441327336
-30.824554487396
-161.706501397908
104.517197646104
-139.325675138663
0.785082972583
-25.693369943858
-152.547008167614
-95.78564453125
-43.796709421221
-185.955357142857
-180.131222943723
115.324286390693
-197.570083508072
-36.373466810967
-203.85866829568
-72.448765698277
124.824031328914
-166.220230344742
-37.861291486291
-90.973394660895
-90.438221500722
-86.054104803617
-81.188201067596
-37.276412281295
3.51414676903
-65.004349437455
-35.659479843074
-135.437950937951
-77.592073779086
-180.10032206834
-186.195436507936
-182.821346134334
-35.002823998918
-121.998494994589
-171.32215007215
-158.76471854426
-169.255764255276
-189.543310476416
-153.621495366613
-100.556637806638
-205.015540449134
-171.763175138663
-98.159443908956
-28.037538470644
10.422270979888
-105.407475282964
-32.637889074901
-200.087281154176
-17.757959407129
-142.909729972718
-158.29625848327
-89.272727272727
-184.076388888889
48.386162828057
-160.677649119544
-150.126615626127
-166.280200160083
-40.691480936598
-203.963752339241
-154.825327070933
-143.295106477724
-160.276715959821
9.584265858924
99.409363937928
-138.276133968028
-170.17297979798
-143.684876809389
-0.564404155957
-36.930104617605
-29.094336219336
-94.681887936282
2.258219753337
-187.922077922078
-172.392939579951
-32.715749148855
-146.421737604843
98.953914141414
-108.353703046086
-31.916563796447
-94.277236652237
-33.858773984262
-191.454635642136
-177.092359842848
-196.873454128337
-94.476641414141
-153.624757620851
51.859848484848
-109.517143392632
-165.496544687951
-30.787809033414
-164.231498861382
-32.066841686959
-134.347505467623
-154.209608642226
-157.015935019841
-21.483387516347
-152.701290950803
-53.1277880648
-154.368133060516
-131.437700808306
20.452450706845
-164.036275844381
-194.718596751556
-149.608418166035
-182.228457848575
-155.03104496415
-198.100476725965
-174.228527603039
-110.490149119544
-176.99044011544
-109.445805008793
41.836059394165
-63.634838197826
-172.640151515152
-184.847480102363
-35.642787388393
-12.960227272727
7.340978845373
-30.232490924874
-115.409093375158
-41.841102148719
-30.971603591721
-189.807560115666
-129.136093073593
-150.642738771645
-145.76424963925
-91.486381673882
-33.226530793425
-109.008727763122
-187.311056998557
-127.397193897682
-145.82024838226
-86.396464646465
-115.472866217983
42.515790578779
-41.711780894886
-202.642246262852
-91.515692640693
-36.91647854099
-38.408160849567
-35.081341455853
-81.46427796379
-101.777118281025
106.695554879149
-36.195686637581
-192.688471630366
109.300242238231
-151.293132567302
-32.097062280168
-160.33380470441
-152.957160894661
-30.470057720058
-41.035866477273
-148.498203998692
-90.175762930646
-189.726723851236
-41.509449263844
-179.135551948052
-29.318653189259
-85.068620073503
-54.691738816739
-150.603826349432
-30.823051948052
-158.87012987013
11.397755456349
-195.363213609307
-31.674763116658
-170.386716636228
-47.741592120987
49.291408786526
-93.168282292794
-147.772985152868
-161.765324139836
-28.457508962392
-149.807547433036
-34.257284761679
-67.803383302895
-39.899531024531
99.322358630952
-91.072580576975
-78.761716636228
-26.820518945031
-31.843975468975
142.19218975469
-201.819812945301
-168.844426406926
-104.21941865643
-74.998015873016
-195.156503652597
-179.584603710092
-94.774981962482
7.15213871415
50.569264069264
-29.626533189033
-124.598747660759
-105.055957524463
142.226468789457
-146.399981962482
-25.446165759154
5.353986291486
-43.290210982594
-28.200036075036
-43.365870620265
16.76702502142
-169.801566868461
-194.921016104122
-183.628800561418
104.986319669913
-167.09205334596
-62.593606968119
-34.111755106872
-194.887605477205
-186.813208818092
-39.521256087662
-88.137072454455
-72.491442395495
-39.422000417118
-178.007846320346
-38.932606970937
-34.741419496302
-109.98862861314
-45.002976190476
-34.334067516685
-20.723005726912
10.958055020067
-111.466102148719
-90.749389119995
100.729707792208
-111.426226551227
49.945776825171
-147.511273448773
-166.798639294733
-33.684503376398
12.386245265152
-172.130972814078
-34.462379092262
-153.966893403905
17.55466143015
-208.972415280032
-203.59145021645
-188.049402366297
-109.321570546424
-184.437569754464
-172.514069264069
-153.202733952246
-172.475649350649
-28.875912092465
-72.413662292569
-192.996482683983
-182.563860564349
-182.682199365305
-113.214834590323
-29.95949802151
-101.527589652101
-186.953082019977
-60.090097402597
-157.782294907783
-138.872454314349
-91.25983044733
-164.325778008883
17.727555972673
-14.691648629149
-161.690556161503
-28.711301773313
-90.230326422709
-87.914883347989
-165.520292207792
-193.962760275749
-149.909529164412
-26.281024531025
-173.359861167478
-75.202589511183
-35.147990085002
79.12987012987
132.782980474387
-186.729174417163
-83.861281269729
-170.933900246889
-25.112110925099
-98.966277591766
-170.544815481827
-171.686938441333
12.246281875676
-32.537177720283
-37.00468975469
-33.042047850153
-148.957181327787
-153.748889565296
-37.955738326344
-33.001365496483
-37.69705988456
-34.999098124098
-89.806104431593
-86.208784271284
-100.666957662563
-170.058461991567
16.970070402688
-118.014159451659
-169.502172252661
-107.140942770337
-74.547425989809
-28.832140461535
54.068272005772
5.108072916667
-40.640311457206
-145.397394705988
-41.43081836783
-34.364808802309
-37.16349741838
-33.769478053414
-164.109868917974
-194.817272191784
-32.39880952381
14.052388773336
-31.617256549874
-157.334402901786
-39.368588930601
-11.797018384177
108.490640923746
-29.298077736066
-77.334866522367
107.693372409925
-137.547456639498
-98.347845784858
-207.166215728716
-142.967540218029
-175.930104617605
-36.538620721726
-95.268656148539
-155.987734487734
4.686175369769
-65.16369047619
-119.312221686733
-133.184766188672
-163.801857864358
-33.075847763348
-163.196436321925
-52.196621629239
-40.207279265873
-38.718782411165
-200.256230694219
-171.498585534474
-162.645743145743
-158.350406971501
-139.428751803752
-55.738739233856
-121.558523995536
-176.717519784903
108.214896594291
-187.263909322015
-192.646374458874
15.387744633838
-34.555756363862
-196.638896639385
-130.524531024531
106.465478586084
-148.531495902101
9.49493681232
-54.588912281295
-164.083243145743
-33.22810484871
-34.392336450442
110.537149536661
-182.802689985795
-63.222332842938
-166.819083694084
-143.945980099545
-200.285005467623
12.374549062049
51.625208558802
-38.956070893083
-26.894738399621
-80.191135687229
110.605040358947
-113.564331935426
-138.870670995671
-30.587932900433
-154.59995603355
-32.483142671131
-157.91714578824
-41.407016594517
-89.216810966811
-81.163981472087
-87.262806637807
-161.992694805195
-161.635379323368
-30.608405483405
-85.613726551227
-79.667215542704
-35.259116697105
-30.257485569986
-190.75497300009
-51.38446969697
-35.516032957927
-83.152118281025
-88.998376623377
-173.226932410038
-34.2086116466
-191.72783428594
-141.122675555781
-33.463002654897
156.382395382395
-103.654761904762
-66.138790950803
-144.719127660534
-92.444985569986
-38.706070893083
-192.465478586084
40.68958206507
-32.503066378066
-144.349366291261
-35.407096565544
140.983104270946
-163.970660849567
-158.9170890687
-97.01702502142
-94.407315340909
29.365718428707
-164.884116697105
-78.103826349432
0.638237142632
-84.516233766234
-14.724103478986
-174.614378297484
19.257926291374
12.66810966811
-71.693632756133
-28.513159637671
-81.188151746257
-36.471668414051
-182.076188080583
-4.517135642136
-92.431970373377
-173.962489712978
-33.032459781971
-79.508926105362
-151.905102221997
-35.994047619048
-163.871683492289
-184.139680144075
-150.718802844291
-29.809433621934
-163.146902901786
-193.655323463429
-156.740870620265
-67.037587791982
-77.856434039051
-154.445624633613
102.551213868597
-110.274703649215
-34.651404530799
-183.89917027417
-168.476911976912
-40.835685961174
-173.580725643714
-158.513430200442
-18.270119583108
-148.598582786571
-34.755952380952
-152.854527417027
-158.984639926046
122.159539380975
-156.011165294124
-180.749569495175
-170.465298210904
-30.155545409452
-198.294289857278
-35.937237187725
-35.262203508297
-200.947593259605
-32.409353721365
68.812229437229
-42.481130360525
-190.408529350424
18.61831836783
109.734850950915
-172.682892682404
97.702270331665
-164.335490085002
-18.025252525253
6.407570402688
-76.342011775117
-201.52408008658
10.664314038826
-155.81240981241
-188.0027880648
-26.173603360615
-175.810363681457
-33.404339150433
169.149974211986
-99.680658425776
-205.261932945527
-200.677198181593
-165.794011544012
-170.929555741567
-33.759900201795
-172.212128962617
-29.05753968254
-79.420011358
-32.345245845734
-31.764069264069
-189.218622469111
12.555485801091
-156.914862914863
-179.009910418358
-193.851551226551
-74.973943536932
-115.427030489042
138.385533980993
-30.26911976912
-151.157475282964
-32.317432133838
-95.930215238321
-56.00009018759
158.393666365102
-158.266246448864
-155.968073593074
-31.490491902845
-12.797508426903
-154.997474747475
-149.772263652146
11.545696924603
-31.098956219562
-29.748626753021
-167.395915770427
-31.03154522344
2.518929177376
-149.2952946034
-86.372853464894
-28.750643995761
-23.304821372204
-34.487275799288
-35.711301773314
-89.341352278364
-72.903138528139
-168.416494041982
-34.550963738952
-154.941295629284
-27.533918284407
-146.630681818182
-34.126595193001
-160.013790950803
-32.627156751668
29.890793044846
-117.491550550144
-174.877726060832
-194.457774240733
-111.584526205132
-104.295093795094
-128.658709725604
-89.613443305826
-150.1636002886
-125.324211704094
-200.846480288375
24.020124515242
-206.88892235694
-37.100115975604
-33.554285178797
-193.874391586061
-38.437437996032
-48.206377389971
7.155643347538
-170.597291976686
-183.484155167749
-30.979638037744
-37.336337707431
-39.254439625045
-198.596889655483
-153.759188917636
-150.831612018624
-29.30972461783
-185.307817995806
-147.205815831304
-25.682166249549
-27.534438976822
-164.062922754329
-158.69715007215
-155.309240564123
-115.099276103671
-153.889978890467
-86.797270979888
-199.878599753111
18.414953102453
-40.630702251308
-176.188512496618
-170.56067581507
-39.366592120987
-185.660152727047
113.079094516595
-193.175705858811
-29.428300865801
-159.333173391279
109.496402712955
-34.651785714286
-42.964494273088
-205.398268398268
-196.116050995446
-29.70661976912
-165.099116161616
-28.420634920635
-94.079262209145
-131.189455943362
-161.949863450352
-32.057256437139
-153.675876017429
-3.385802077697
-169.125922309028
-136.47044665404
-98.190045685651
-180.252262440251
-179.984036796537
-81.401896335002
-90.329968208874
-197.065636132531
-153.580266955267
-34.051649305556
-55.461572336084
-159.077749453238
-1.602551040539
10.32673695662
-159.541112858496
-98.296967301362
-96.172899826953
-67.971611342217
-166.645111832612
-34.90204852656
-175.331050459957
-180.615808616297
-179.263971325983
-177.945075757576
-32.527228901741
18.980068542569
-38.756403318903
-33.614911672529
-266.908737909226
-187.293831168831
-78.290404040404
-138.023556928098
-87.113445771893
-153.707681587076
-82.93272005772
-102.431715311598
41.133464950848
-141.002635873241
-159.649711399711
-171.819797444309
-164.926156796762
8.433642366748
-30.871302308802
-146.919302539908
26.119047619048
9.726754500924
-150.334886955492
-144.421606551001
-176.75381606241
101.578836636454
-116.690303565792
-67.066476004464
13.452589511183
-105.453200391189
21.327671948277
-32.182186682675
-201.986180865575
-88.250901875902
-153.813852813853
-65.278437274531
2.694715007215
-23.452824139836
-168.974206349206
-117.667035167523
-33.343864848259
-102.314824444219
2.815767186373
-34.215187590188
-42.177661802174
-151.247196434208
14.005669135552
108.56746031746
-158.971632127638
-43.904844341856
132.926948051948
-203.094787157287
-37.871663059163
-83.593967718479
-26.663961038961
11.865718428707
-101.171626984127
-155.009227317821
-148.292305730294
-144.410804473304
-154.923582927489
-184.10560966811
9.512273262762
-28.609668109668
-172.588002654897
-37.138437950938
-31.119949494949
-139.463376087888
88.720676350559
-201.908286971275
-194.835987173634
-37.292588975694
-169.380140692641
-32.932178932179
-36.305826118326
-169.550443046537
-159.79825036075
-52.962391774892
-176.526973839962
-37.626152005547
-34.129939884334
45.391061141549
-101.145395078012
-166.183830492424
4.442970793313
-162.249749870355
-159.855539913645
-97.730679422574
-70.740051181457
-88.373286435786
-105.811409998422
-39.701909581304
-32.394217707206
5.437943187455
-182.486915048927
16.836407461896
-144.499889379284
-165.314906881313
-84.153499278499
138.14428746167
-149.603445165945
-179.853605108
-138.260732323232
-22.285111156205
-34.556560301677
-34.126631127119
110.331168831169
-36.778569032964
105.680978309885
-35.388966393849
-28.450404575893
-28.637917258523
-164.94897425708
-87.892967763573
-33.25659144458
254.855421542433
-150.851661847267
-193.66916373557
-95.0710058171
23.69515819467
-196.73853842555
-77.220147907648
-35.085781080898
-178.758199320211
-160.313943001443
-83.339375901876
-141.628246753247
-99.969537027642
-26.524358399847
-31.553772236878
-176.553731370626
-34.139860519255
-38.192272191784
-37.430104617605
-192.856150793651
-155.306166435561
-180.465179839692
-161.440406436012
-170.412435600424
-172.415506910624
7.332251082251
-177.114066868461
7.61316499256
-151.30605546255
32.264973606038
-192.123186031633
-154.679292929293
26.756972628066
-93.586227086715
-79.898108456214
-145.105331354843
-32.731593981106
-168.227084601596
-162.781475468976
-21.789891098485
-30.398157777552
-100.51424963925
-2.582313086219
-96.554300679789
-115.323129453012
3.643656148539
-175.727620795004
-7.229465413059
-183.858044733045
-102.511531328914
-185.131563260958
101.115800865801
-171.672626798115
-38.539953102453
102.883395196383
-202.635121443227
-167.382137502255
-102.997216867334
-128.84604978355
10.215916841405
-199.917578759131
76.897559580177
-97.203721083604
-31.104179349297
-149.882756132756
-36.761994949495
-161.975087791982
-164.928308616297
-133.461487432923
-139.063041125541
-199.124659682765
-33.629218383613
-27.477154356061
-90.930903623286
-36.777056277056
83.813234183351
-29.659915280032
-160.987804242199
-92.469253782242
-162.750007750496
104.230248917749
-44.073572640467
-33.288788414277
70.650672813515
-41.066640878653
-16.732052669553
-9.776231906115
-203.034008471997
-142.344849161255
-104.023891960904
-155.095900058058
-87.561520619138
-28.056367243867
-140.323750549581
-184.182970187365
-159.074765512266
-23.289924918831
-181.647278800843
107.733495670996
-85.945045107887
-174.097582972583
-4.494929061824
-41.939997068903
-160.467803030303
-94.340367965368
-97.138958643353
-178.739919423025
-30.533189033189
-32.882583508072
111.825564517947
-146.587489712978
-189.444645252751
-87.281856652462
109.478638223755
-93.633227503833
-38.329878021284
-157.432462177579
-28.257493320482
-148.681885470216
-46.320514012897
14.586948587437
-139.561167619273
-136.057699624594
-145.953903924851
-164.145632525027
-154.295524299919
-82.310544056638
-161.975847692889
-93.336912653319
13.530102221997
-46.189123376623
-93.966457966946
-103.860541801948
-135.908258787653
-32.70758364899
-88.740697995581
-86.613463738952
-129.953491387085
2.150453333559
-162.309155308667
-101.352891357774
-101.49808562748
-1.420995670996
-165.987463924964
-166.50295575735
6.940664316153
-36.060204091698
-28.608946608947
-155.285984848485
-164.563873246979
-190.56718975469
-207.36994949495
107.306990806503
-171.518315831304
152.972485034497
-30.729519666531
-197.470398037293
-152.854326608721
-196.317287692776
-48.799353044959
60.826556581439
-38.621851184839
-25.888698297146
-59.266156261273
-45.407099031611
-94.553300865801
-93.478174603175
7.454924171965
-162.888437950938
-40.598021227904
-38.057637620626
-193.820797258297
-185.375257880141
-32.413357909452
-45.65585190634
115.407106782107
-93.644057765152
-186.913788414277
-29.128434878923
-15.960108901515
-53.36112907817
-141.829553205041
-84.130411255411
-174.161878973891
-185.8137524097
-148.690916911864
44.999278499278
-32.274974211986
-118.611832611833
8.300144300144
-85.438672438672
-192.920905483405
-40.007305194805
-87.344343969832
-31.445895196383
104.417588975694
-177.898961715368
-28.83677314439
-189.649811803865
-139.627275122881
-191.4607063943
-76.956717707206
-153.674886420004
-184.146735209235
-78.18202674062
-141.921114042208
-32.69101484995
-133.395846015963
-39.006473073368
-179.375097938086
-175.965901340413
-183.790324069377
109.271374458874
-186.239538239538
-186.862997300009
-196.328012265512
-30.563311688312
-193.506423752029
-35.433962250857
-39.108575642023
-28.693743376849
-156.167478354978
-130.806374994363
-36.238102988591
-33.769482985547
-177.169109482098
-35.866640737734
-159.721042033054
-151.177787923882
137.376012496618
-82.698683261183
10.012716450216
-162.557429061824
-29.440357819264
-94.381673881674
-117.687860750361
-150.120921125316
-35.754939884334
-166.809093304699
-37.671905297394
-182.785992598981
112.95262333153
-35.122987689394
-36.614455802444
-25.274778688109
-19.106393172799
-202.605346855835
-78.806387676993
105.144841269841
-2.677301051813
-171.580447330447
-94.083451704545
-187.347322626375
111.467331659226
-152.236680420274
-171.806076247971
107.423420519368
-165.336369061711
-31.5884944591
115.456988269977
-104.467442279942
-85.075840012852
108.422368917974
-166.912255225244
-26.684315250722
-191.79339291351
-30.302587115575
-31.53546415607
-78.680354747249
-32.083423520924
46.821637130231
-139.597492784993
-186.613102988591
-120.414932669327
28.425685425685
-131.469766724161
-194.213827025839
-85.483057415675
-23.0652880648
116.44571728727
-25.535915094021
-81.370482869995
-155.875894125406
-40.230158730159
-35.762724200712
-31.753079060696
-36.191538008433
-27.225767721861
-86.97792447353
-37.426607734713
7.665684819738
-130.150683030078
2.255862193362
-64.707000952606
-36.152700272817
-179.362706304113
-85.914522597628
-29.692542754554
-130.81077868529
-175.903158961264
-191.379246567235
132.762105570211
-26.954184704185
-32.83240327381
-75.192570938176
79.157836033324
22.974636854031
-194.733614042208
-29.050242238231
-75.897559580177
-188.780032467532
135.102182539683
-46.661443536932
-93.287510287022
-26.611173115079
-28.169454731466
-134.606691919192
-44.561327561328
6.449855699856
11.866965553977
6.918261859668
-85.390429828418
-23.965455686891
-158.135371572872
-32.296003421492
-82.786345598846
-182.133637575532
-148.797410488817
-192.675116116522
-77.655413651019
-98.048320115215
-37.984024113907
-17.146727458739
-160.076599913758
-173.612224011882
105.601350418245
-160.810606060606
-38.699564703959
-153.734745614628
-43.474760157377
-39.445789507801
-87.101641414141
-92.631756318768
-189.475641600153
-191.130439439033
9.408619538014
-199.58198051948
87.474505095599
-30.293130101236
-144.470140157152
-167.442653375271
-138.775675279582
-76.964744402733
-30.394722898629
-32.673693548205
-165.032307590413
-178.47619047619
-91.591700346095
-144.942432133838
-201.931439464398
-194.997204184704
96.979269536887
-165.679001933396
-190.767733487216
-32.394217707206
-162.597735164141
-33.394037332026
-209.28058134357
-183.206627519616
-101.687852999865
-111.310155122655
144.06393278488
-177.519001397908
-31.08083626443
45.772426060268
41.863886493281
-29.288321975334
100.041496508049
-87.954192454681
-155.215831585949
-173.087834962347
-169.634108946609
-33.841921587527
-99.0622167546
-100.615800865801
-176.505328818317
-48.955385326479
-27.439143809749
3.113247429654
-89.592512034407
-35.06737012987
-205.688943001443
-86.789973535579
41.567751313357
-104.172910043516
-154.919024226641
-123.459235209235
-190.352445351957
-43.468815526921
-76.676476680871
-34.475378787879
59.672168109668
-103.063394125406
24.428362869769
-38.613025483631
-153.957529395518
-40.731671486066
-115.907578153184
-186.552731556638
107.92994467555
-176.58658008658
-139.350857909452
-206.058338688221
-170.81259018759
-179.037074850063
-164.182006307495
-27.106601731602
-174.482934112329
8.795464762017
-20.970065470554
-198.897263652146
-161.67775974026
-26.149621212121
-73.945879695391
5.600992133951
-201.186355744949
-99.157369594381
-115.259289321789
-185.973695873354
-153.916305916306
48.962118746054
-178.044830982819
-131.81747300009
-35.997016059028
17.218135597042
-195.423278544372
-2.516066073683
-27.8523526983
-195.375901875902
-155.319715007215
9.352723665224
111.732743520585
-173.240648674242
-45.692550505051
-164.153602148719
-33.165486477498
-149.797508426903
-38.493867243867
-73.764499768894
-101.112546362058
-146.130882626488
-150.00783856985
-164.103452916441
-199.885088327471
-31.349476911977
-189.141692454681
102.611662453215
-28.087002840909
-36.863656796762
-31.435134689529
-28.312417562906
-168.112914862915
-27.887105570211
-39.728728411346
-193.551927618822
104.650953592848
-29.586038961039
-136.655483405483
-135.026327025839
-173.447781385281
-54.798951428346
-159.593795093795
-26.705918701524
-189.157217402823
-22.072698948187
-35.030233275839
-159.355859797754
-161.271562584551
-38.475940346546
-31.111922799423
-17.100100474612
10.138069450081
-178.952172393579
-32.166305916306
-34.428378370761
116.585137085137
105.420905483405
-160.144951890557
-199.627705627706
-157.7913883534
-79.17584536774
-175.674415048927
-111.885273634785
-74.699113766008
-158.616439929428
-113.504148629149
138.817702696609
-169.002226506133
-34.566218124324
-160.675324675325
9.189561631944
105.08754396645
-85.897175930623
-28.300304242199
-144.90729737385
-167.657106782107
-93.579483450577
-43.066589091247
-145.058974933487
-161.149940743935
101.975489408595
-149.924242424242
-142.193903318903
-154.759998139881
-189.744478123873
-31.745843620355
19.396624588519
-152.257403132891
-142.551697922303
12.276793464782
-167.131063001668
-197.46808134357
-35.120248241342
-161.048971861472
92.38265819467
-34.053383302895
84.536525974026
-88.039344688515
-208.982343665449
-194.137543825532
110.966290274396
10.416556045951
-155.34795147344
-181.34606246618
-73.048881673882
-138.673639294733
-81.485021109533
-193.814586997204
-39.555826118326
-209.973575036075
-194.959846089241
-105.753004374098
-93.818292438898
28.359668109668
-44.885039006133
-37.711198903093
-29.942071383478
-149.631194760101
22.457972582973
-179.858024299919
-79.582361702967
-137.440115440115
-145.201610482616
112.144217707206
-175.456918515512
9.022977402372
-89.056921052038
-161.904581529582
-44.25458688447
-199.835497835498
-108.917929292929
-38.776043780438
-36.45002832454
-169.236922799423
-32.845957129893
-30.043359797754
-89.285353535354
-188.251412351754
-33.373724691108
-84.306918585971
-31.43846387987
-38.436569940476
-40.996392496392
-170.96723372114
-133.283021340639
-72.269849020337
-94.062069495175
154.671356421356
65.255872409925
-191.272657518263
-86.385121443227
-187.62481962482
153.374075224905
105.100309033415
-160.417478354978
5.859147417253
-113.301935369318
-186.670536982549
-193.52427314439
-203.901236838249
-140.854256854257
-154.175517733135
-26.928370620265
4.497294372294
-28.240502119408
-196.549943491838
22.502883536819
-35.508768629374
-177.763971325983
-84.962842712843
-187.048327865711
-94.488107920725
-152.725115975604
-41.199404761905
2.666506724612
-206.189726506133
-155.856158544147
-116.928009869904
-68.825999954906
-138.210858585859
-30.467434529446
-36.090249594156
111.355346855835
-71.308609250992
-166.055367429879
-28.798701298701
-31.160291531385
-43.364710864223
-205.958173391279
29.614641109758
-108.30266955267
-38.904048154536
-45.376512755907
-184.157557720058
-35.770542337437
-39.95462789164
-45.648636899125
-182.795622238005
-84.518771701389
-148.799069799558
18.935794186282
-180.178481240981
-142.785423289818
-153.843947285354
-138.904192595599
112.751994343547
-161.912337662338
-38.382846320346
-170.304563492064
-109.872502931097
-179.649420403815
-40.653649003991
-34.925185870987
136.837371341766
-72.048889424378
-149.756403318903
-147.137007632125
-209.111111111111
-143.817710447105
-24.67985448796
-141.864177489178
108.688520247114
-33.679543058938
-192.109930921943
-28.888437950938
-98.998626753021
-171.268029767542
112.435806868912
-179.194624819625
-201.067091816604
-34.131521690115
-94.66142803594
-23.046827792433
-32.282846249887
136.925685425685
-157.482511358
-139.183178746167
-145.387458570076
8.042759134312
-151.623647186147
-105.490058931953
-202.58276402417
-138.616321558216
-53.03191865643
-96.026314343209
-13.00946969697
-31.418047664141
-89.347472351867
-160.161283594877
-146.688301471749
-198.393877389971
-140.434163059163
-156.863558858676
5.797008167614
-120.77533249628
-67.742396058802
-86.924796232413
-37.585129334641
-159.426657056052
-120.37718493529
-159.458905108563
-100.653388657783
-152.95497595937
-101.06718975469
-111.674229741613
-37.261350953734
-154.955439579951
-197.709304963699
-159.816571124188
-26.542777101371
-176.191017316017
-148.492625050731
116.302672018736
-155.934451588993
116.321892192009
-84.314754689755
6.858573175956
-31.544923636476
9.22113997114
-112.49981962482
-100.556658239764
-101.832251082251
-39.096673346185
-36.891602267091
-183.458243145743
-96.055846551452
-177.086018527913
-45.855637851732
-105.339375901876
9.115468299062
-47.270464832477
-165.151875901876
156.854617604618
-190.780462972358
-186.086497649486
-172.976200692753
-31.895500766595
-27.032640157152
-93.265339640828
-35.77409276921
-103.360778544372
-166.932338874233
-50.86073767812
-175.823502886003
-186.109577922078
-170.485639740034
7.533938717532
-159.593604502052
-160.086337707431
-96.874085441468
-31.029403620468
104.24434636544
-142.706792393804
-85.879419191919
-45.041736421131
109.550693176181
-152.078733766234
-157.268586394075
24.558158313041
-153.857586044598
-153.81928450239
-61.012806637807
-184.703914141414
-16.735209235209
-150.931748427354
-91.099716825059
-38.347562539457
-85.894202206214
-151.162878787879
24.314296001308
-172.079996392496
-118.968893031881
-177.303932178932
-45.360209235209
-36.536768353175
-170.566578874684
-157.372727343186
-39.47590723079
-35.320609132621
-32.669129915224
-43.403839595734
-37.754859913307
-91.602300910895
-107.705808080808
-173.38283856985
114.092344341856
-25.433351370851
-31.681305239899
116.867784992785
182.866439929428
-37.140942770337
-70.523621398133
-33.253627936733
-17.26624151673
-173.80687771972
-30.675386679293
-184.3623941705
-101.070645066739
7.498376623377
-36.659980102363
-8.068099381088
-92.292491037608
-79.940636132531
-96.676234301723
52.5652880648
-131.477994227994
57.585768398268
45.854597171492
-22.163780663781
-192.776875901876
-21.566558441558
-33.776577155483
-120.007047314665
-135.059351184839
11.321526509515
-33.322760952155
-41.836559653454
14.962561933509
-121.136634199134
-188.269021831034
3.043740981241
107.097492784993
41.360577736066
-32.946781571293
-31.092955221861
-107.710428081034
-131.390963203463
-200.17993199292
-30.311335311824
-78.981040172935
-139.410977097989
60.540563982459
4.273018268624
0.203102453102
21.129336754825
-170.211049177602
-203.208964646465
-37.743486060381
-111.679120304609
-150.109139666757
13.100095542478
-162.865891053391
-83.815205627706
-92.367875180375
0.763999509605
-101.761105756223
-173.56554594494
-39.674672929067
-140.076311383929
26.145472582973
-207.278130777642
-199.410345784858
106.143468022863
-166.938291255186
-80.439553881448
-130.052218614719
-160.8731884977
-15.45871451682
-141.580975773359
-201.613566609172
-33.190213378202
-200.923500490395
-40.860188802083
-171.660082972583
-36.254398758793
19.832508962392
-152.927138643691
-35.039945351957
-139.900621026109
-181.008047128653
49.479625355114
-46.824688007305
-102.197392451299
-87.704926638032
12.96732390873
167.010835193452
-44.261806823819
53.966748962843
-38.614149305556
-85.041548295455
-154.044851415945
-88.629447375541
-93.585745499076
-42.095230344742
8.986892149734
-122.08867483428
-204.731408673792
-90.573142135642
8.250749684343
-176.357511358
-84.690496623602
-131.873569681187
-156.875721500722
-32.823031514926
-149.467532467532
-161.135178515061
-174.555104617605
-33.47391535331
-111.231601731602
-85.022717056164
-189.008034446023
-188.633088699495
-40.225260416667
-153.692362379374
-166.602293160399
135.299755366162
113.246031746032
-198.517967763573
-140.517045454545
-37.626249943633
-159.652708023314
-172.405823722718
-158.036533724522
-125.854166666667
-28.486113577178
-108.537059349071
-152.202200577201
-140.938852813853
-89.65882034632
-30.799863520811
-31.290924732819
-148.511335452742
-54.582792207792
-34.86085323097
99.094434157422
-59.766594516595
-20.660005467623
-27.193612323007
20.898719336219
-160.344684287067
-92.726654096771
-164.0751058295
-186.814393939394
-50.281836219336
106.630411255411
141.563672438672
-146.341089466089
-190.762203508297
-86.862811992695
-137.264159451659
-37.56718975469
-159.558441558442
4.107954545455
-146.402674907558
-42.659443908956
-140.068259323142
-27.960399897412
-57.297147676542
135.286956478851
-184.150425149937
-166.811237373737
-44.382194574089
-68.661172974161
-41.08152958153
-27.803050736156
-116.172090604708
-173.392295231895
-197.836247519841
-185.085670460182
-200.492272050866
-110.093704906205
-153.118326118326
-176.552599798205
-173.43264255276
-184.831189264295
-160.177329235435
-147.174430549919
-35.902208468615
-138.316197691198
-87.276685310133
-34.95211038961
-32.742411559794
-162.006112323007
-150.43739712978
-161.049873737374
-34.725128658234
-152.29538479099
4.382194574089
1.621663059163
-196.38273569963
-42.730150979663
161.710165268759
-193.814553881448
137.678568962504
-36.509580317686
-40.633825701209
-168.470709466315
-35.528048340548
-154.524531024531
13.963855209461
-160.425033679428
-32.558273865891
-183.95183982684
8.740189985795
-40.522969651876
-92.761273448773
-29.561700994318
-37.165404040404
7.591457966946
-163.787260157377
-27.022546897547
-175.691468253968
1.154774587392
-140.505421471974
-26.749188311688
-154.441045499639
-171.675685425685
-3.500801471749
-132.151417213429
-121.585559839466
-41.068089164525
-197.787427849928
-164.029962713068
-23.045823046311
-158.689824444219
-149.927218614719
-195.240342177354
-185.150265207882
-29.763971325983
17.169390261431
-140.331591585498
-33.32474507914
-103.992125496032
-141.999639249639
-197.07721325983
-75.956779711174
-55.519562956575
-18.679393333446
-190.029491341991
-197.431339060245
23.956008889114
-180.25295575735
-146.116341991342
13.266061141549
-89.794552669553
-78.323044197556
-175.85273141572
-198.554653679654
-197.360139480745
-183.377275122881
-186.130521876127
136.87373490767
-33.921779175685
-172.611209049197
-38.998737373737
-157.09126984127
-186.741050995446
-165.827922077922
-93.604326608721
20.279511775117
-89.783542033054
-181.12490981241
-32.207258832747
-161.778409090909
5.728084415584
-100.578483636589
-169.969176629577
-175.421967301362
-40.786075036075
13.336469465864
-83.646652772141
-204.178759554248
-99.140221269616
-72.984585672574
-82.336482148494
-72.429731184614
-183.140942770337
-185.929924242424
-90.281495902101
-143.203122886228
-41.720147907648
-98.668900923295
-165.505168876263
112.451097892992
-190.454164271059
-38.352272727273
-108.487636549648
80.275703463203
-158.679993996889
-153.804481054969
97.566287878788
-186.264803447421
-97.153138528139
-110.074392079275
-35.789612785218
107.13466275478
103.565746753247
-32.911067285579
-101.585330142947
-148.509018759019
-31.737201112689
-150.666043104031
-175.453630896014
2.933449308938
-95.294109482098
-36.200930200442
-84.941628196023
-172.539571918966
-0.306179118191
-173.55753968254
-86.33763415404
-153.322490389385
-187.385740073728
-144.657006377954
-41.372913002796
-191.116883116883
-182.886376318993
-141.483856421356
113.543658544147
-126.2346061057
-34.717352092352
-13.603264790765
-32.941115254104
-73.398185961174
-153.733856421356
-31.893939393939
-201.008116883117
-149.561680561192
-26.25305862757
-100.471390100785
-162.253496882891
-178.614989177489
-149.437430245536
-186.833985079591
-39.443550319039
-111.372126679744
-140.347833102228
-109.254669321564
-152.785804473304
-41.877545685651
-193.802038239538
139.915654170049
-27.405934343434
-168.104236421131
-129.15853710092
-29.059013333672
99.088945397051
-31.940316248422
-186.763430200442
-157.454635642136
7.656192223575
109.517426638032
-202.052767490756
-178.727620795004
-37.239329680736
-147.200198483157
-164.596841038736
-116.2626058295
-35.417748917749
108.787518037518
-82.882235440341
6.525162337662
-151.077831890332
-197.194903132891
-168.103285223891
-198.808011053617
-187.149378832973
-170.774342898855
-198.621482683983
-166.839723969607
-35.279679467668
-189.218163780664
-88.988095238095
-32.93003486314
16.892676767677
-68.604797979798
-162.923611111111
106.497495180601
-131.872843248332
-98.972111601506
-98.864427618822
48.410373968479
18.131042568543
-185.804485987103
-197.348103664998
-182.94705988456
-161.524593028499
-77.41829004329
-152.543823418335
169.886446073458
-31.972029164412
-156.798541356647
-60.686876437365
-93.26173213722
-27.319354256854
-34.736652236652
-85.836329956935
-155.893738585633
-42.118444489538
40.017483709867
11.350981917388
-38.206730389836
-160.729888167388
22.598124098124
-13.169392727498
-167.733856421356
-190.666937229437
-155.676504864493
-93.957271515377
-171.701396639385
-34.926677489177
-166.445987850041
0.738636363636
-181.274593028499
-140.238906926407
-92.849378973891
-37.983397732909
-80.598484848485
-185.406483219471
98.707972582973
-94.421238050144
-115.994576061959
-161.799054298566
-90.540301170184
-29.127254689755
-36.139888702877
-165.273075340458
-45.765935019841
-81.70689033189
-155.180465367965
134.462384024396
-136.772727272727
-161.512355699856
-35.713536029942
-156.804272496167
-75.270338710768
28.582398341676
-80.667040099657
-29.127012310606
24.461469465864
-181.853715728716
-39.80475161774
-139.740710678211
-154.830996206484
-36.888811383929
-150.303038053526
-185.916035353535
-44.888340012852
117.623930431548
-166.310946377841
-131.332243331755
-198.332640016234
-32.156385281385
-30.206792393804
-64.001185121302
3.142578829591
-176.700757575758
-196.699036261048
-163.959866522367
105.161144790539
12.735758111246
-169.691197691198
-145.634281571293
-36.218774660669
-151.002365310471
-171.278200532107
25.672508426903
-155.684253246753
-174.321420820933
-100.928962828621
-123.253705441694
-89.90367965368
-152.498288901853
-89.981343851461
-40.854326608721
-83.937049062049
-146.019923706935
21.782385095373
-128.043622610029
-34.548680865575
-2.66123497813
-197.007124819625
-186.059343434343
-160.438762626263
-169.276613089601
-32.185273493867
-141.614648860254
-167.582799958288
-144.898448773449
-98.205615022998
-77.7068001443
-36.606429106917
-8.652757344652
-38.885461760462
-188.521825396825
140.86066017316
-35.356859611742
-177.12899643759
-149.940579060696
45.92145682551
-154.338035770653
-25.017246262852
-150.463023088023
-99.078483636589
-182.702388702877
111.087940650929
-186.638180070797
-92.13724507914
-171.04594388359
142.81441437252
-30.104980821045
-33.956189264295
-200.984840734352
-214.588862959957
-100.489169738681
-31.858874388415
-81.191669062275
-64.532209652327
20.198420448909
-184.926053926542
-37.028409090909
-43.550316924829
-202.352092352092
-143.179535308442
-166.458722267316
-34.570686637581
-147.940306031859
-149.660090723079
-35.943702510597
-163.684974747475
-39.609745614628
-34.59422559862
-186.010580131674
-200.136343203238
-193.916756854257
-170.17228648088
-183.792851787969
-170.000368500857
-38.773789090684
-149.040326535444
-35.516702671244
-42.659632034632
-86.772296767902
-80.407109248174
-185.700236883342
-89.348956219562
-98.753759695166
-156.128865383748
-108.327388702877
-42.302661802174
-25.657016594517
-40.216610158505
-136.024469020563
-35.182367057855
-177.643135456124
-167.572773634785
-35.610369177264
-25.24063317325
-154.156364848259
-104.082439207927
-85.145049828644
111.074404761905
-148.752102498196
-55.795454545455
-104.053092306999
-206.453172207567
-178.699564703959
-25.448224572736
-34.873196248196
-106.018570893083
-189.832702020202
-177.594488410895
-190.43054780506
-105.127406881313
-165.017197646104
2.148175744611
135.959686147186
-30.209513522502
-31.873549248061
-33.582389886589
-28.282475282964
-141.305207487825
-158.415113044508
-134.941558441558
-29.391574083469
-200.62699187748
-165.774621212121
-152.465097402597
5.738566609172
-32.428473490485
189.501713564214
-143.078442770337
-81.951126076614
-31.535075222087
-24.419990924874
-91.643828773223
-91.974497345103
-155.883575571564
-162.093795093795
-156.037087532693
-152.230346855835
-203.118604431593
6.831176581665
-185.406939089556
-97.698593073593
-154.334580808652
-150.943091630592
-146.454707069787
-185.263167388167
-151.486810242115
-164.499169556007
-165.40711038135
-31.869498556999
8.495590190179
-196.411251833084
-42.104869403192
-103.439036809349
-36.955353522542
-175.824401141589
-168.603174603175
-198.39908008658
-69.351096668285
-36.277787176906
-128.282467532468
-29.699115434938
-171.731237360925
-100.120689759867
-90.352791468302
-121.590657292334
-38.596572144895
-40.665963930141
-34.024895395207
-117.901969709782
-30.175309531444
-192.393755398443
95.876078630767
-176.221478455338
-53.144191226574
9.278670254552
-194.839090144995
134.694279263374
-193.023091559114
-164.864354328332
-17.301046176046
-32.629238816739
-39.264629119746
-88.426771212794
115.708671817532
-117.527668860052
-29.288339124958
-175.703531124891
-72.369678932179
-1.015080057697
22.236642905644
-35.764072800095
-37.496659523137
-206.935344896963
103.942668821905
-28.174516523039
17.272114689732
94.970493463899
-41.659383738024
-81.643285814646
-69.348935786436
-90.69247551157
160.761991413469
96.806912074013
-37.796104656842
10.098832495113
99.609758297258
-194.509108946609
7.949930793795
-175.850183319048
-28.938127608526
-87.738632659031
-36.031903904066
-198.011976151239
10.096198392981
-153.068722943723
-161.890264205602
-97.104685289347
-99.4375
-168.842265609367
-183.316374361773
-102.029239577476
-193.2812987984
-29.652774073173
-175.407305955543
-99.361036017172
-31.991526071127
106.666837642719
143.916212024111
-182.739880191643
20.888888888889
-131.225111929713
-191.629505674904
-198.233852716751
-175.391323953824
-87.757233805471
-89.391346456685
-194.50712852423
-119.084393081555
-150.575306637807
-39.486723625987
-92.429454506218
-44.484055594792
-58.233927810691
-167.139407511569
-40.441990581254
-122.260642135642
-157.183238680401
-181.160515112278
-53.872764108501
-190.838564213564
56.98063217097
-163.826114621513
-37.741251803752
-52.944459538095
-36.226376545894
-183.775271323508
-38.681976054138
-176.906204906205
105.243709371548
-164.197672399436
-133.328196345298
-172.985460999724
-42.004577064239
-108.790152275889
-176.752615440115
-189.109668109668
2.604978354978
-178.331345501744
-164.373196248196
-31.668489216726
-41.028296400458
-95.724676085413
24.455612611977
-154.004329004329
0.446770523534
-39.467442279942
-162.220395967558
-160.357124058887
59.229775476937
-30.924606879208
-124.926249054087
-33.973552533214
-183.882752428151
-156.724852755988
103.86064507951
-202.478520259885
-134.085227272727
16.171285032022
-30.074292071454
-187.045007312109
-54.311507936508
-204.819895382395
-148.593975468976
-163.770378690777
-32.090905386304
145.72275765324
112.619150910371
-100.275613275613
-150.008500136338
-35.049963924964
-198.359220876322
78.484017998281
-193.062142954244
-28.928387348786
107.099480616582
-137.834347899686
-34.673430735931
-154.280956846295
-90.99529515166
-34.813225205326
29.57198479062
-180.542320482659
-189.250811688312
100.129490581254
-40.776244588745
-174.457266175902
114.424400296562
-34.502149408514
-106.920839516115
-33.27148344472
-201.325580905182
55.741428474327
10.917500857839
-197.529397449796
-157.224476911977
-142.99722298296
-162.703910436809
45.398272102873
-80.162878787879
116.522344019506
-29.950922857287
42.988170332035
-102.202737998137
-174.770179517341
-29.132850024951
-161.341288639526
-159.558837097961
-64.069087398689
-191.72305270879
-143.915655804919
-134.395202020202
-108.462388070287
-152.618412601311
-152.189119672018
-75.128678892942
-164.680300086436
-27.358762529161
-30.564213564214
15.27695641786
-183.782666705904
-204.459772630171
95.493795854533
-157.399527319926
-140.721143675745
-94.403946511845
13.158534689899
-185.194696208959
-207.044098026997
-159.139700577201
-179.870332748171
-86.828305331143
-166.445259837361
-0.641057095658
-174.485934440536
-170.229005089742
-88.729764632848
-191.945259837361
-153.417474650373
-202.994047619048
-32.977160036822
-39.344336219336
-111.853967493231
6.597334912673
-189.609668109668
-28.327290764791
8.283170234933
-40.122745310245
23.75746677173
137.031210328249
16.393112611977
-1.919191919192
-163.42272432886
9.869765415164
-171.415922663085
-152.721861471861
44.915313852814
-172.322082387421
-39.02364424228
12.677520806999
-172.794124234462
-37.342085234187
99.199788015126
133.854414726577
-154.830266955267
-164.380065598701
-24.847222222222
19.803282067545
-198.873713153437
-192.058422760186
-144.441393160029
-30.572980558717
-147.150436605038
-151.611453063216
60.662859989623
-88.98044438658
-33.508639210402
-26.176064429345
-164.611813813577
-151.482699076335
-179.591536699435
-184.962121212121
-35.290310148209
-101.256764069264
21.22104978355
85.911435786436
-149.349050194326
-180.325111168976
-88.301786475023
-122.399602413866
134.795634920635
-149.389230840994
-37.664141414141
27.946362604138
-95.151685855089
16.129851331614
-213.32700510837
-39.957698315597
-163.215116200853
-116.200487012987
-45.467186810822
-157.607777874879
11.116537460173
-111.309005186843
10.643311785413
-100.071447369684
-147.080969657733
-183.499101828703
-184.211651475915
77.789302991066
-41.29572881283
-34.641230061629
-162.85829649756
-175.886630494529
-83.016139874039
-28.745875591151
106.90099282423
16.293987323711
-168.371121933622
-31.189397643999
-154.921803654702
108.511183261183
-88.261074275337
-32.105425588324
-25.779149389886
-199.398178210678
-185.660533910534
154.165584415584
-30.409010393107
82.897561991198
-34.801406926407
-161.296266233766
49.836125444024
-156.020758239394
-47.946064116463
-123.377164502164
-135.983243906481
-99.160533910534
-162.185515873016
-187.779239577476
-148.822443137781
-180.745291447055
-28.379058441558
-115.857229340128
14.167948091185
-55.81727994228
-140.326366386028
-26.982146561748
-168.34154040404
-79.063127608526
49.689316583058
-196.254490581254
-178.473304473304
-185.787717210954
-38.913712979051
-30.866616258718
-88.524350649351
-147.506399614298
-137.922369094122
-135.27678807026
-132.419011544012
-100.305663996445
-41.304834054834
-106.599840018312
-163.410173160173
-189.500340141087
-90.048608755136
-178.171518543238
-47.324929990122
-61.998284079812
-41.930197161169
-201.023268398268
-153.913507745035
-200.461487543015
-201.250994419467
-29.965169336889
-34.987276779109
-8.069627175599
-113.068253752473
-148.931274700302
-153.264177704958
-4.416287663007
-34.593416090135
-186.410189057497
-34.513525782553
-60.089123592404
-204.331171187143
-84.963726335446
-159.500811688312
-33.677218614719
-151.332232828952
-165.382737879457
-31.643941749914
-144.574659427351
-34.892679123651
-145.890512265512
-27.471246056054
8.474639033858
-186.626533189033
-153.389177704958
-31.022997835498
-159.794642857143
-164.651424963925
-165.161343242871
-177.892246438999
-32.659557744366
-29.45445762293
79.243686868687
-168.41829004329
-163.595781576754
90.319112163946
-33.345420826393
-145.158647831728
27.554286158618
111.606331168831
-36.056743891552
-150.209129124321
-116.028499278499
-33.020273954493
119.18787900366
-83.785724502277
-101.556818181818
-105.38502907581
-158.160804473304
-80.664319433347
-127.885822510823
-150.742424242424
-31.756775551888
-108.708802524583
5.814306107778
-83.134490306243
-188.272167893887
-130.307163034855
-175.601710992458
52.314107479299
-174.490962987682
-154.781385281385
-193.936327561328
-109.427218614719
-43.622474747475
-98.130591630592
-113.826945911754
-195.794388191697
-48.791287663007
-101.955609452329
-171.479058225778
-164.162610581083
-89.401262842043
-190.489901345874
-199.378174818956
-70.676046176046
49.809902813183
-98.500288816069
-35.414684895657
-82.880122439342
-96.426839611059
-81.184542062823
-93.342983405483
-171.023088023088
-84.095871764344
-37.666650769342
-158.11769244922
-69.889159451659
-108.332073063045
-150.153499278499
-145.431640162612
21.22339230492
-167.59415820013
-144.357702235983
-154.587118856147
-126.713471669999
-23.753968253968
-154.487556468529
-30.612373737374
-26.197688841717
-92.205266955267
45.768125349653
-36.464378257851
9.2495399354
-38.289303536023
-37.373827561328
-201.432428885676
24.178046200355
-199.247386915859
-171.678102237322
-129.442208007989
133.936881259406
-93.211778715059
-30.572980013761
-182.622023809524
-39.821049567769
-95.466813322786
-172.453463203463
-36.826765536574
-96.983678402151
-96.528677297705
-40.500892749252
-35.571990306243
-190.552667196695
-96.943813131313
-30.915494227994
-37.474116161616
-165.735281169501
-38.797736615158
-92.584614212895
-34.941919191919
119.576850043403
24.561595768123
1.978264790765
-38.748175638923
-31.421178402151
-33.320616883117
-175.225723640915
-68.467534823507
-185.844606782107
-38.897995479523
-15.574494949495
-192.673162529135
-64.161974556002
-163.513816954598
-193.136002886003
-90.197041631261
-203.717595275174
-99.364646680427
-145.427762096234
4.691378066378
-179.97169934998
-31.180717677437
-2.184343434343
6.777262766124
-202.695057504277
-171.490370537123
-150.837313069926
17.804762120543
-22.054004113223
131.60308205961
-102.331872078591
-139.688311688312
-50.111649880678
-27.575198196918
-144.595867052395
4.650423773783
-40.956691703411
-34.922540342653
-187.092534823507
-171.742315801535
-33.503068734041
-74.469315610063
-103.066468253968
138.918274145966
-173.039071835825
-208.363113491394
-86.434075227548
-89.213945573198
-153.721031530251
8.626715920188
-168.772887038634
13.27108328683
-109.950507622261
-156.596068036849
-198.286706349206
-11.65582825852
-162.726373207346
-162.065654209682
-146.747583188364
-185.971498365526
-36.943720587748
0.221931050178
14.045456901429
-79.929022366522
-186.526855292602
-156.440927128427
-144.863092882121
-38.212662337662
-108.144406229215
-190.768846850375
-27.23014047686
-197.558714477187
-77.553460631708
-34.410956378623
-134.904038048066
-86.164502164502
-199.808901623042
-173.91313109735
-45.657537110784
-167.128950000669
-37.400631528912
-145.039682539683
-193.511650096458
-188.75909069331
10.36796772394
-158.792839105339
-42.216362384835
15.854966872354
-37.769552453772
110.724582996891
-33.765419721947
49.607431673212
4.839646464646
-176.284181096681
-99.5965189748
-210.471773640246
-34.433441558442
5.412069455542
-170.707990836271
66.516035137754
-30.622132250413
-152.907830638803
-89.016594516595
-43.903393193585
-34.468344155844
-89.345776864805
-164.237031240312
-160.653763070595
-37.717155819847
96.327903824623
-177.995957455766
25.074314574315
-97.258408055161
-35.112285905758
-44.647255725503
0.055918661891
-177.776769816961
-118.40667174148
3.588580110888
-145.641666450886
-43.885894445114
-100.459773978802
-24.520093579313
-91.164301180048
-81.863816738817
-175.089806230553
-140.123106060606
-38.080537518038
-48.719500697192
-153.646464646465
-165.956998772779
-189.382127175599
-154.454383332664
-30.332972582973
-81.368867243867
-185.865527947056
142.859758297258
4.787139033858
-158.099729221449
-87.03869047619
2.215458152958
-34.659918494727
-164.70146082318
-155.492784992785
-5.764251995224
-72.194536988009
-183.979525061053
14.747943938725
-165.355339105339
-171.984397546898
-187.964926154066
-200.635894445114
-27.24709809979
-190.507374773122
102.742676551896
-34.68759931424
-33.125628957157
110.624200884226
-35.059794372294
-151.857161110442
-168.920835905089
-84.152687590188
-147.136886508606
-23.642679123651
-190.531549759241
-31.399422583642
-178.592333839053
-185.50422056344
-171.097023593743
-129.789125516817
-119.963095022314
-134.160425469645
23.792818496066
-191.06015276668
23.828551035079
-33.939826624046
106.51415032501
-194.246322918076
-30.359307359307
-197.738976504724
-212.664779497947
-193.665226021198
104.580805724833
-195.524801587302
-40.319264069264
-185.675342928624
-131.104166666667
-150.92325036075
-192.626443001443
101.753893963702
7.249384584193
-158.088850673659
-36.743668615388
-108.77633242036
-173.18562195793
-29.958351586632
11.705185894326
108.951960840267
11.767676767677
-163.585389394609
49.573340764121
-190.738636363636
-89.175796222549
-105.825919697639
-110.366326094018
132.632684198465
-160.313855169827
-191.911075036075
-88.311780855253
-198.844338575311
-26.222760991789
-43.959054834055
4.633493530802
-163.250108440889
-152.799494733714
-29.224745118773
-147.961577730605
-159.204725829726
-37.792385811414
-83.677653655345
-170.998374267402
-146.736770607864
79.538157101145
-38.469794907783
-31.578094702606
53.282119464737
-39.872196434208
-38.390033143939
-28.356434039051
-41.384116697105
-92.532106782107
-162.697763418222
-34.070637316243
-31.10323878697
-185.71975862137
-77.628489132395
-29.69906444467
-203.844594099477
-180.526327025839
-210.688221500722
-37.237193362193
-40.94704720193
-15.143468022863
-179.249286249774
-152.613656796762
-53.606970232459
-138.063574500586
3.913167317708
-42.515331890332
-134.057887750271
-39.054112554113
-62.798811919417
68.141772425708
-106.107065352183
-185.909168414051
-29.046619233631
-139.845980029086
-149.453643578644
-35.184170809659
-203.03345959596
-46.779864774982
-183.872106246618
-162.290051040539
-97.297528860029
-179.270755828373
-149.086830216225
-162.15386002886
-94.850837476326
-87.052378556773
-187.010642135642
-34.497191502074
140.304092120987
18.085288990456
-191.367604617605
-145.638167388167
-67.782846536127
-88.343815526921
-133.791125541126
-168.399628962617
-92.615731111337
16.383838383838
-163.135219381313
18.81242249504
-36.213724155619
-141.62222461783
-170.062852999865
-32.106233230745
-164.920717357729
-5.935668064574
-115.111180865575
-118.191836754825
-112.716249408144
-185.635399756493
-182.623585182179
-41.334714330808
-96.129787692776
-25.400723896329
132.295634920635
-28.524448587437
-187.9595882091
-34.226849972944
-161.662940791847
-85.364370546988
-203.451368455763
-143.677641369048
-39.306555369544
-134.997106246618
-173.636794141189
-29.464574244115
-188.842913651019
-155.154483591495
-160.176615485209
-26.669024226641
-26.62518037518
-29.014873201885
-108.640520016008
-181.598775844381
-138.693341760236
-184.345681282693
-46.283897851281
-85.363275613276
-49.257575757576
-36.09354496415
-30.350641600153
-47.332361702967
-48.00660412721
-33.399240028635
-146.715811152823
-136.350657101145
-31.394009148404
-174.991694991207
-31.244707115801
-168.346042033054
-160.297799422799
-168.95174963925
-34.364816552805
-149.273441022953
-170.985930735931
-27.929112554113
-157.269189523584
138.576131008748
-180.052128427128
-103.914128731512
-140.678759554248
-32.292367734262
-30.304834054834
-27.371815250722
-182.711518082612
-189.925657242064
-37.663079596185
-133.362845108451
-75.138430200442
-27.998549248061
-82.065205627706
-34.179014616026
-163.517496392496
-36.935167805285
-195.861131544237
-33.889499768894
-196.120302494814
-30.192821067821
86.669823232323
-143.728883421266
-195.450306637807
-155.609381759666
-177.812221686733
5.984750546762
110.023281080898
27.258998325893
-159.392857142857
-183.572608760597
-29.456411210317
-181.591388212482
-35.732122424017
-93.265339640828
21.880780042508
-52.996823001218
110.697358630952
-173.505792438898
-107.389139018534
-184.14593127142
-32.269181773088
-41.09804166103
-180.008214821203
-187.173458919553
134.529321183374
-28.541406320459
-36.603543104031
-167.200597633703
-161.438229251218
-48.68462174761
-41.577200577201
-36.997487430105
-94.770402828508
-41.374528628923
-34.56537825239
-94.90845959596
-205.189484126984
-173.804202741703
99.291326349432
-84.006153189259
-76.525703463203
-161.733294862689
84.669274356286
-91.324691111907
-154.146542151425
-27.078110203598
12.921106291712
-196.442079133974
-101.687028628923
-157.368859493371
-28.687790995896
-37.457895078012
-36.154032653544
-30.019467836851
-193.94687950938
-167.646387141504
-172.40090226783
-180.358647862554
-198.157016594517
-34.413030979437
-34.4184831011
-137.303460807855
-76.154130591631
-192.26443001443
-27.113303796898
110.751623376623
-37.781926406926
-33.664079410173
-39.123549248061
-98.671114042208
-179.504038008433
-31.651236838249
-187.580169017181
-1.377553436147
-38.306748427354
-183.646845829951
-90.482774170274
-30.29885349026
-92.04816017316
-84.678403736021
-36.623015873016
-42.880321067821
-74.003607503608
-154.020132265738
-28.882124819625
-30.535902411391
-155.559523809524
-88.212128962617
-2.948603576396
172.122036492154
-182.723755411255
-33.511093073593
-113.596418284407
-98.061319810832
-97.82388406949
-1.799767762552
-175.306104431593
-9.963742122678
-41.439677184794
-150.643550459957
-25.57033856985
-35.184794372294
-72.72104978355
-36.105744112794
-35.240522552534
-200.891594516595
-183.752635873241
-63.185794186282
-179.249639249639
-121.175775613276
-93.32424481985
17.250618630501
-41.220578412473
-29.147436276831
-77.47383784835
-144.884297072285
47.624479307585
-174.110147231241
-34.756222943723
-110.739607994003
-37.752607689619
-194.117424242424
-29.60741588598
-39.460317460317
-40.592630405619
-144.506160939755
0.448675510687
-22.308232999639
-205.282807849702
-148.638278008884
-29.45174963925
-151.516782642271
111.517042988479
-90.72373497813
-70.784992784993
111.694998252615
136.561126753021
46.494227994228
-86.005230880231
-160.994846624729
-163.075937950938
11.439824444219
-119.399440836941
-75.987706304113
-81.538337476326
-118.787690662202
-169.508018945031
-45.388958643353
-106.440476190476
-101.963383838384
57.917315946857
-197.52955334596
102.808068125451
-158.874528628923
-29.031601876924
-146.339298396916
-41.475628917523
-37.931527185922
115.983675759936
-84.938061558667
-32.958776520788
-177.336031210543
-96.608114487509
-38.631521690115
-26.182006307495
-194.79826304338
-33.052120676632
-78.73366829568
-190.552210864223
-177.614801051813
-2.499389119995
-178.444604386499
-41.770485265602
-153.46914809366
-161.092782597177
-51.848685656791
-99.568099381088
-28.904491341991
-176.086572336084
139.394660894661
-65.140262135868
-39.824412512401
-26.416965413059
-182.633637575532
-35.330808080808
-168.339293464782
-51.432018990124
-156.380403504915
-173.227244543651
-21.587190966586
-32.586379278274
6.79059216608
-138.587309337798
-31.968975468975
-35.386265698277
-168.910271098259
-93.598587718705
141.235951169057
-30.672897360886
-30.443965322872
72.11516955267
-36.249902061914
-37.656684027778
-193.094939348846
-30.58867483428
-92.018508889114
-37.591893403905
-152.777417027417
-74.553759554248
-42.975440791847
-180.390963203463
-193.997557184569
77.914875597493
-152.560696248196
-124.709402901786
3.39068242413
-142.932359307359
-34.734397546898
-172.968143347538
-150.829274891775
-41.051677489177
-155.199564703959
-164.187139249639
-18.539682539683
113.031305310358
-87.573216536
45.330918701524
-153.729589420996
-199.238989363501
120.573392265287
-40.146366708378
49.572232509244
-194.258477633478
-152.545807545319
-166.510273634785
-172.383026695527
-161.693284688402
-192.747946118552
-147.503862279146
-174.816981195887
-161.605499047394
101.272977402372
102.681379926497
-71.343344155844
-73.575757575758
-197.10464578824
-89.688520599409
-161.948260506854
114.724927849928
9.337391774892
-161.907377344877
-162.726731601732
-183.015520016008
-34.583361516955
-154.205266955267
16.027527648133
-70.348386910399
-161.230088975694
24.199384328779
-35.796196479302
24.029761904762
10.093614718615
-163.916027603039
-34.959657963564
-76.459325396825
-161.179772050866
-31.971070216676
-187.356874760439
-91.621843434343
102.565934878923
60.665702786797
-151.127427314439
17.306830864448
4.55990499301
-81.128267186373
-196.754797909339
-104.717282337888
-155.998667619273
-149.878976004464
-143.310044501939
-28.107967228084
-30.41169859871
-198.721500721501
-37.892759204771
-12.504336754825
10.944083694084
-193.531405714511
-199.629140878653
-167.094799839917
-71.531225339331
-168.552246798341
-34.378434878923
-30.227285409903
-88.974920099432
-51.256972628066
-167.310446118552
-100.645464832477
-181.673771053166
-154.554030117018
-140.425054112554
-142.933699438582
-32.644112018624
-29.712842712843
-167.85090723079
-195.539342222448
-92.577631082026
-85.657364662247
-144.185044501939
-183.06927181976
-34.537309478716
-146.916826608721
-42.039051226551
-82.566821253833
152.145652958153
-167.420725108225
23.524510591405
-26.320686637581
-214.225005354888
47.272206580312
-105.424505236517
-34.016143578644
-29.739829235435
-27.676878297484
-176.13274838226
-94.856171226777
-163.67479130028
-202.045452079388
-150.761814574315
-37.930104617605
133.215798470193
-192.017939579951
-189.779060837166
-184.489628427128
-29.418913605925
-31.380972814078
11.445464691558
-24.160381718975
-38.67507454568
-190.248196248196
-32.639692826705
-1.006521690115
-144.264342292907
-77.578213073819
-37.835657777552
-182.612533679428
-168.795745541351
-35.486659987148
-158.349845412834
6.29023141572
-91.561770748782
-141.681978123873
-202.390880766369
-101.934433621934
-86.217728629945
-158.826138759244
-180.175672743056
-41.708776234548
-193.455898268398
-197.010904947917
-36.750801471749
-37.57911494972
-40.915862728851
-171.836497649486
-196.220869408369
-36.027146464646
-153.373556998557
-32.96130952381
-168.050316924829
2.176865614854
-96.250188125676
-162.873729623241
-29.380854156626
58.957000952606
-203.108753551136
-185.008407879013
-141.98816499256
-145.148538961039
-36.482413419913
-183.185036751443
-151.361394356512
-144.240267776996
58.853432483315
-151.258407879013
-41.851399034993
-140.449654891549
-195.924221991117
-38.276875901876
-112.325999954906
-87.588306333424
-184.169830982819
-171.763958643353
-120.69246031746
-155.044310290404
-180.883658008658
-154.508748196248
-188.755702251308
-88.038128917523
134.843983219471
-126.641483895878
-181.503406695301
-68.580426897321
-94.469163594652
-143.308261183261
-120.34137271149
-194.047320301227
-40.976842222448
-34.499090373602
-197.357766419778
-23.721931226326
-177.255238630727
-194.341782783189
-137.217532467532
-191.014803447421
-32.511884328779
-151.126443001443
164.923549107143
-87.965257344652
-164.662260157377
-30.571789321789
-56.479499233405
-82.532356911751
-87.512368382486
-151.805246130213
-175.273345903229
-106.67766955267
-36.192558255547
131.545364357864
-63.450749825262
-158.604158916171
-102.596841038736
-170.93262987013
-36.193632756133
-98.396817646329
-33.231539727633
-49.855797793786
105.412791066356
-160.490710678211
-146.482586044598
23.864886307269
105.530310780799
-33.228264790765
-184.171897546898
-112.018939393939
-37.99740499301
-36.073953823954
-89.031233089827
-189.396624588519
-38.377344877345
-40.088453592848
-39.573863636364
-89.676308988321
113.285874227769
-82.990690245085
-185.622647372159
-36.924134269593
-105.506063001668
-172.720168340774
-1.82952502142
-33.206818397599
-38.462391774892
109.976293346411
6.567377880366
-97.921967301362
-133.668269610164
-29.815496623602
-167.955184518173
-160.125819438808
11.653388657783
-30.90892321654
-76.359820301227
-110.60361779063
-38.754808125902
-29.93368393759
-150.463474025974
-30.113649046266
-33.741370174964
-149.247675555781
-98.745019249414
-159.044642857143
0.491169366658
-194.634567635056
-34.218552714646
-73.164582135529
18.571075571564
-39.832508962392
1.362193362193
-186.344606782107
-193.893591326209
-41.73738148787
-31.775855654762
-171.361652236652
-33.963486708604
-26.240177303166
-42.359598355204
-179.749007936508
-33.116599871483
-188.144853952471
-115.05494467555
-36.760219381313
-95.405114904627
-103.465375715864
-165.580627705628
-174.333346015963
-40.789128731512
-193.139721010326
-38.532910719922
-184.829274891775
-141.098291790675
-27.769109266317
-167.479014475108
-191.864989177489
-157.206197014791
16.167826422709
-168.339896594291
-99.136363636364
-1.690553695437
-198.265684890197
112.331542264159
-35.031204906205
-32.579878021284
-132.007305194805
-173.211871082477
-143.190295815296
-50.623306868912
-31.726620981016
-148.472505467623
-156.474665037653
10.777056277056
20.116792929293
-30.47286128585
68.831702206214
3.804924242424
-25.146817646329
-142.138971325983
-38.681637806638
-184.232701949743
-76.06422131471
-24.647528644248
-132.287878787879
-38.769230389836
16.924221991117
-162.135678356
-188.065898944805
-179.275322279717
-158.577569078057
-121.898531210543
-36.003587070482
20.175943305826
-204.92020441581
-38.410020968615
-203.276244588745
-100.249611066017
-76.215035398629
-79.108495670996
-76.917929292929
-106.742514430014
-190.53345959596
-180.9905176204
-31.90375715864
-34.707243331755
-31.578563607616
73.674496913541
-34.109471661016
-30.327293803338
-196.274727473183
-186.505140692641
-156.65961596116
-189.060048861593
-177.295560806517
-99.694176920221
-203.165133477633
-80.26127648732
17.837553038054
-158.825036075036
-92.582524683568
-27.528502317046
-166.304383116883
-31.841176615133
-156.626429966518
-200.063923889424
-97.600105186561
-151.829474378974
-45.241957231001
-89.024817660773
-35.427846889303
-79.198853419801
-183.965548340548
96.408910533911
-94.49406369252
-29.477917075329
-142.955463403919
35.64411976912
103.99304252063
-182.381026495071
-190.156568695112
-141.204564566564
-31.997297410841
-34.231240981241
-148.399698364786
84.01108285703
-177.253697691198
-193.235763395676
-41.546807359307
-142.291579517623
-94.449871773328
-88.96176046176
-155.238352765941
-36.029742792743
-148.267586580087
-172.904761904762
-28.464826839827
5.116358064814
-168.767570506615
-33.146480719937
-163.607142857143
-77.090296889796
-31.986272374273
-172.943739017195
-89.278753767798
-100.775977064521
-39.124986965075
-31.883361155853
-197.782647907648
-163.534735257147
97.667858217358
-106.054112554113
-96.111127184583
-173.668650793651
-160.732883469883
13.330537518038
-41.113620290164
-1.149705542802
-99.091627553084
-39.851919154928
-34.385909659866
-151.69311074261
-186.990366001322
89.498647186147
141.506326166238
112.202728667817
-33.879435265391
-158.067656766113
-43.258297258297
-34.146355346856
-38.228899142443
-65.173337509794
-31.327808638844
-35.138708513709
-90.318252893753
-40.753066378066
-99.138891927436
-41.248830599874
-41.549966963511
-30.774514951059
-180.951946087902
-46.120509732509
5.670180944137
-194.665404040404
-0.035066899111
-28.661632235088
-183.81746031746
-36.628227641228
-80.512716450216
-34.929724755225
-55.964466089466
-191.1262524097
-148.136077000121
-57.517496392496
-200.511708313252
-69.927579365079
65.568272005772
-39.873177136178
106.085110795102
-191.844152805609
-33.252538507635
-114.085662137206
-136.858782307238
-38.07215007215
-119.699491910948
-27.064577353121
79.605264991221
-0.75162641517
-196.05846067046
-96.311043963632
-32.536533152042
-37.618400232444
42.952571544124
-26.183805347349
-27.30618383014
-173.629957278914
-95.362299623255
-133.733933574021
-33.257268688207
-141.343060558148
-150.1803882153
-173.250360750361
-88.215477264977
-170.776405851906
-35.237731449188
-35.597331521831
-33.815457078458
-41.773629148629
112.441391101303
-99.808354409398
-97.801152437108
-29.272472783429
-30.430017468561
-123.351206549662
18.392769993814
-99.486922799423
-162.2454004329
144.849116161616
-31.033711046712
52.177937076893
-26.653843955388
-34.380227841684
-161.671446608947
-76.511907800452
-208.735028860029
-80.914141414141
103.607774170274
89.974811372303
-39.920167909212
-14.625164301708
-1.512442848899
-191.309526848071
-202.747764422264
-27.95763094463
9.030734856235
-154.789573240074
12.878262826719
-32.141066425979
-173.503697691198
18.559871304775
-4.759218246218
-73.8807559323
-197.166592552548
-181.05934647289
-37.604243819332
10.478429092473
-115.687950937951
-157.456596517632
-160.872761383717
8.089723617312
-26.997097923642
138.781572834582
-31.261260193664
-161.210394612983
-30.999565135521
-181.014591277592
13.580086580087
135.955792007336
-159.091070354071
-161.90710374356
-152.60148015098
-83.36516955267
-168.617678731723
-179.52806441402
-153.993235930736
-187.46232069932
-40.838110237067
-90.84378205887
129.476821789322
-38.134543811088
-37.453933253433
-154.463457952502
45.18434647289
-36.280138728595
-32.92316017316
-162.123466810967
-183.795093795094
-43.21724583129
-107.821232122776
-31.726911976912
-141.74610586015
-201.706504436454
-50.859201098245
-191.002509179053
-107.068900280357
-165.582789169245
-26.688388840977
-0.908623897668
-31.894944492357
-37.852362914863
-138.946789321789
-30.942927328883
13.562754489299
-37.550868839413
-28.139955066499
-193.258207070707
-87.236397747354
-183.577361840362
-115.402310766355
107.145366321911
-157.614541278085
-137.727469175925
-84.930210878667
-101.197526895983
-48.224209387753
-141.255143731187
-30.863008089052
-170.491773817274
136.212188148223
17.996411608411
-61.241792929293
137.810147944639
-33.07790600445
-36.194534632035
-167.139793803337
-80.642422278378
-158.072494749039
22.759175882711
-116.950126262626
-171.915242777242
-188.411529012573
132.483408521952
-139.317102605646
-206.479620643164
-82.603898922258
-102.801046176046
-48.313131313131
-35.990262778806
-87.232126783671
-188.869913560832
140.754408975356
-29.94436143487
-35.022543859
-38.018130744174
14.536171080574
-167.833948572993
-96.975646312103
-192.002077353121
-35.11363332509
-54.882753094209
-190.806025605525
13.757485569986
-137.575016963017
-40.71455323851
-198.575487012987
-139.234052870009
130.886008742912
-22.818980471568
-123.563775661188
17.300301423837
-82.982580760169
-168.200561127105
-73.873363588451
-40.504262068227
5.202036275492
-2.817627657716
-163.84460374356
105.597940684397
-35.249007936508
-111.642586580087
-98.960043859
-163.653228715729
-90.279024330569
146.697349559349
-150.20211038961
3.907106782107
-101.496408569864
-5.149801587302
-93.036976911977
-145.70614971915
-183.375283597696
-148.637927827381
-38.333152958153
-140.068887245431
-78.597402597403
-37.957898468854
-81.040117404162
-92.088097202141
-31.556741029153
-143.651531224987
18.140779789736
-38.705898268398
153.499394976904
-178.119427481427
-192.593882242839
-137.019838231295
-43.466150325098
-89.978442127398
-142.631512618512
-116.689951138407
-67.558624972169
-151.581513508058
-188.869588744589
-187.136563123563
-162.549886772299
-32.101026174482
-93.118796168296
-162.558428523516
-176.035189233645
-151.566845077801
-28.817266907355
-158.744772158316
113.436534226543
-23.827287726244
-94.736471861472
-100.305568590481
-24.297525821482
-190.81890635745
-157.719606782107
-85.542130639543
-26.12425938726
134.557198044198
108.303932178932
-145.568288079244
-167.746031746032
20.255321067821
1.503806990807
-39.862444812945
-194.753594468682
-32.096665023209
-181.605864157408
-75.337121212121
-73.679563492064
-39.25018037518
-176.377905114905
68.528228715729
-180.888350801894
-37.060589987134
-192.299062049062
-94.748936860936
-126.305081366117
-192.508190997235
-26.95986348382
-148.180839153251
-194.740153479198
-45.542910180911
-189.568526495071
-161.659979750068
-32.582982799536
-42.465367965368
-197.273555034511
106.043090556091
-94.489254641843
-50.786649629667
-193.221065857022
21.024005972462
-4.755230880231
-190.477368771772
-104.71078447174
23.170203094703
-184.244140845185
-33.2306998557
-171.216108578108
76.907306269306
-88.561672238216
-97.3795995671
9.535263347763
-33.368490420035
-31.63408983459
-25.8182559323
-32.878790917335
-128.178571428571
-145.974116161616
-38.535536949081
-39.563041125541
18.824027938072
-40.858389409934
-30.155828082372
-129.878597287045
-73.581996592952
-35.346227120183
-27.226174402719
-38.02380952381
-72.242607656151
23.193890283978
17.052569148516
-189.491896151808
-157.77561631416
-182.962755563799
-192.217909291365
-175.858389409934
-32.38512012212
-143.356582619583
81.900722575222
8.657554681511
-87.194914494414
-34.95122458718
-32.806818181818
-92.461564013108
-32.109236283736
-27.752989225401
-33.699749438794
-138.484761335805
-158.160260309217
-38.744769119769
-24.852997266541
-117.079980319025
-141.146100857557
-80.971036748625
-190.327097354685
41.183911608411
-200.534255210799
-124.929215776628
-24.774708361165
-31.838996039497
-31.095776182232
-141.633732122776
-161.940292776749
116.762082098538
-19.50867408213
-156.4092002087
-144.523175172132
-210.53624237633
-188.947327408784
-39.340912129456
-176.475108225108
-146.074137237681
-0.308438519895
-30.251604264605
45.524353687897
-40.254796015752
-151.902488102989
153.675975100475
-161.748740412284
-195.980248917749
-31.246588945045
-102.609957784457
-24.314484126984
-162.408189033189
-92.768475421063
-35.671375533375
-26.52876984127
-172.893862241274
-91.194064582065
-27.630878266834
-37.159738295694
-187.606405282949
-133.267329052241
105.50027641968
-41.70263544168
-35.517950368994
-89.657358232859
-179.425849727394
-131.469439441852
-139.834235209235
-37.028135489592
-31.229153631742
-95.331616730573
-38.363436876437
-35.58601984902
134.761437750482
-135.49062049062
-196.79473608328
-34.712675372587
-164.380862193362
-32.293579718079
-187.723826486827
-160.244137806638
-58.307266081222
-115.457412345413
-43.01749335395
-114.120236131192
-33.804370081958
-155.18605396001
-150.534902597403
-34.784544885589
-95.837585184997
-105.754348116348
-145.006203831704
-35.223503960503
-191.016310918899
-97.816017316017
-154.361813499814
-53.318826166238
-84.787234439822
-194.836145222101
15.945813331769
-88.935606060606
-28.70573396669
-165.877992263948
-92.145730110818
-152.847312409812
-149.052666514123
174.464195526696
-33.455640740553
-149.930359106903
-33.451479076479
-3.15775416871
-140.403067452567
140.946144973733
17.79816017316
-181.399534063078
-33.547622086166
106.878536428036
103.591256806345
-158.175057151101
-160.65150211659
-36.273345550933
-194.852253615254
-35.785173160173
-148.61544011544
62.620851370851
-156.168828130284
-210.435064935065
-34.506422430922
-28.307462529875
-13.625968812004
0.331526542983
-43.289849879938
-10.101448004036
-24.172258297258
-184.639697538654
-184.779229674676
-177.789157487613
-86.488742624698
140.461847610804
-159.183154922199
-33.380862193362
-126.894048693548
-155.858205996206
-161.446412497957
102.754132555677
-192.454184704185
-98.96538403884
-168.417027417027
-54.263891927436
-145.291122502579
-185.576858938858
-41.38961038961
-183.183080808081
-157.964298749211
-199.032167641115
-161.392390131434
-94.223140171596
-155.502886002886
-131.441107503608
-74.11446412542
-156.445603848192
-188.706816217772
-238.239013187469
-146.043847242303
-200.899804625848
-163.982158930615
-191.454816017316
-128.605986491942
-183.012883790472
-70.422512786557
-138.747523716518
-40.570977633478
-149.145649919606
-41.014426975883
-187.803661616162
96.626352813853
-31.248363588451
-101.404220779221
-137.620294171838
-107.567924290336
-94.328752878252
-93.892409243453
-93.257485569986
-116.073232323232
-172.626890900847
-33.901676414677
-93.369227994228
-30.597747274291
-33.453012265512
117.089198565242
-36.195629918042
-0.448396624941
110.391414141414
-115.08829668934
-33.781652805609
11.189033189033
-161.845782259326
6.189667540711
20.375170158617
-30.306711920756
-151.766127505172
104.899981962482
-172.450921877466
-22.935335497836
38.747464530912
-32.19003828745
-38.879222743267
-104.844864309952
-138.076556229144
-30.305916305916
-171.127432026388
100.819805194805
-183.204455266955
-86.887642336098
-93.135554986599
23.343431304888
-142.547245262333
-192.22526948827
-96.224641213685
-32.064484126984
-40.220038608039
-36.093630792087
-153.246138007094
-160.388618326118
-40.784628996085
-42.547255258712
-199.670164870665
109.558064734609
-93.743580607625
15.245758144714
-42.129799054299
-63.560061896518
-94.30842548497
-32.068903318903
-159.725845799302
-84.471426607382
6.46543904094
-151.132501643457
-171.025523088023
-30.73556998557
-173.642857142857
-166.753069416613
-144.075667388167
-54.00720197229
-84.748305547805
-152.318184856729
-182.539035153079
-90.17404597559
-28.451124183027
-37.476386924843
17.225185377773
-39.051046176046
-181.521287309831
19.430748965661
-161.36641610546
-149.765976238388
16.869498556999
76.451643378188
-161.876800713257
-152.00235791227
-105.953353903854
-160.031475468976
-99.999893738938
-154.02000557155
-159.651782675739
-89.761164149165
-194.120670995671
-30.526875901876
-198.958172070172
-120.06727994228
-83.99160233755
-27.516501290458
-160.329983357571
13.356604770148
-159.202303799716
-99.154849053805
-84.080627705628
-86.031939441852
-40.080550552963
-105.632469496514
-176.907628795629
-153.861304521217
-203.132018558563
-28.496302308802
9.096861471861
-89.118941357986
-29.848962076471
-151.559781337369
-24.338561175017
47.032566615513
81.923627184583
-33.065547266048
-42.151496039497
-164.324871773328
-156.627631513587
103.129161664074
-37.613710477755
111.119675893632
-153.990981240981
-181.855248917749
-37.88943001443
-161.943275044319
-113.246305347349
6.25974025974
-29.174062049062
-160.576028138528
-210.205527301475
-196.736114149658
-190.785440684397
-33.020202020202
-183.635104048648
-88.046340347885
-0.52282767688
-83.482667909212
-124.767045454545
-194.27779385125
-169.129525452981
101.689484126984
-179.75612253957
-158.704909243453
-191.551300665345
-150.258297258297
-88.782738095238
-145.856063644607
22.709850448895
46.720508658009
-62.218163780664
-89.763077200577
-95.936056998557
-151.908005619462
-54.777056277056
-40.972930688019
-32.450847763348
-187.200049109961
-156.772907647908
-147.855532515445
-32.358679084723
-204.202174287166
-166.469497482498
-204.518292007336
20.882740059284
-87.269947530903
-145.712839674296
-2.460243346199
-40.866432178932
-193.115729790229
-35.35416362812
131.932104818061
-84.922168109668
-33.358060806517
64.709763079667
163.931444396532
-107.244856268813
-32.500557199013
-40.331168831169
-183.818632756133
-27.784902597403
-152.289937028981
-176.49188615543
-78.276872863329
-31.332773095774
-32.300611311567
-48.295271131727
-31.825377713378
-146.18759018759
-195.737827713871
-163.178571428571
-35.9806998557
-41.26461038961
-205.272621011665
-208.991071428571
-93.82781581686
-31.822675124219
-34.579638680682
-212.64355953156
-162.831893370437
-185.144284070828
-200.147637085137
-99.50477994228
10.562049062049
-28.479527417027
-33.618326118326
-105.987985938486
-183.484755258712
-142.519663933208
-31.53526638631
114.94083390229
98.474119200163
-29.862988977033
9.934710041613
-27.488381874338
13.819354256854
-92.258316370316
-34.393868318368
83.143305042261
-181.909528812117
-95.214378940423
-198.229527417027
-1.967277978234
-172.127347915892
157.178391053391
-38.38702123953
-41.29750974801
-36.590274739231
-168.910263347763
-34.180826118326
-30.280663780664
-36.483222069678
-116.437425885882
-26.50867408213
-206.906916190363
-106.244788231788
-197.05484295029
-190.00793346939
-200.789411976912
-89.46719082919
-31.935515873016
-190.093347194391
-105.818285040697
-143.194460517916
-96.772440636485
-102.638995149951
-162.227891005479
-194.791834006922
95.555178731723
114.656215122768
-31.825409860322
-158.079203816203
112.612541077629
-192.520114871159
-110.255066578522
-137.90367965368
-164.698213211214
-180.15116743608
-201.15367965368
15.085336572336
-92.483318334362
-39.238169352214
-29.570256132756
-105.697868534325
-3.350381826426
-100.675688464232
-118.534883485384
-155.967171717172
-175.551497113997
-151.230445366401
94.346046745003
-177.413236499693
19.392586580087
-170.798427697384
-145.15873015873
-37.204983357571
-38.579110590066
-78.992675693176
-35.041035353535
-182.889864878909
-177.981598693055
-189.591975268519
-110.022366522366
-40.131564582065
-35.230145475049
-37.105429292929
-159.909103944016
-95.0567440677
-181.370657960746
-149.903863067407
-110.69524895474
-175.725848837848
-162.01280359926
9.844503339407
-97.887844817807
-143.203730727687
-49.483131882088
-31.03869047619
-190.54385028085
-25.893836171424
-89.391233766234
-38.791666666667
-177.95596934397
-161.247113997114
-196.492856068357
-38.219262105218
-166.21816681921
-187.498212321668
-3.307178932179
-38.91439590344
-144.991548656557
-102.561507936508
17.941271805316
-166.683187069143
-120.459505772006
14.165043290043
-138.961943875488
-35.304199703156
-41.280773080273
-159.843521492478
-93.232519680976
16.324404761905
-174.737628226672
-22.261544011544
-137.699404761905
-29.30076257835
16.592619616576
-94.263976037932
-182.768214854671
-186.514793803337
-169.657738095238
-176.294733044733
-32.671337309338
-111.249275460732
-23.099567099567
-38.74512987013
-156.656742993199
-34.768382194926
-34.028138528139
-45.060534985034
-140.124532988577
-35.791737742238
-128.400774538775
-23.506673881674
-191.46978411874
-40.519854304766
-26.340184551641
-176.91430571585
10.272469744882
-103.108585858586
-102.103805916306
45.965367965368
-169.273071949616
-136.392316017316
-137.150864726365
-61.723662185118
-141.101915015459
13.807532504523
-70.94762012212
-148.241612554113
-32.886724386724
-33.852604149052
3.500376823833
-148.196608946609
-174.177579365079
-173.917751956296
-156.122458674003
-33.486835650379
-152.656024531025
-160.809794372294
-103.147727272727
-151.731240981241
87.157393418349
-158.588280615868
-158.227723665224
-91.435709503306
-146.433715159759
113.166576479076
-103.724728362729
-156.86363332509
-88.093257006801
-78.237444812945
-188.835584984541
-30.845150946195
-141.966898115854
-187.307072671117
-24.85495510349
-198.544475516888
-86.058783196784
-166.913133277177
-180.775429861886
-35.228903281912
1.347747274291
-160.454741903198
-210.404865127277
-170.081787109375
-30.404955314867
-127.991087502043
-35.054831016287
-78.706065608654
-107.173794524838
-139.077935112847
-91.561324522781
-192.801043137499
-101.717909291365
-158.53617825859
-107.965367965368
-27.115546376502
-84.906027569571
15.57089766245
107.851999125955
-37.434253246753
-132.357487534032
-156.237206397118
-150.55131370027
-55.269480519481
51.640989493498
-40.219246031746
-165.402043242131
-162.002074314574
-39.503082451538
-188.787350697263
-27.667191718736
-183.163977112433
-24.947349559349
-195.189844877345
-40.252705627706
-153.831980519481
-24.96617965368
-36.540494227994
-169.555268919313
-33.645379356836
-32.921159972704
-170.683892496392
8.05511351306
-76.717171717172
-85.7282910808
-34.47582972583
-45.367514430014
143.399334575879
-156.699027938072
-74.024517989606
-39.398976864065
-20.315311888768
-162.065569416613
-37.541038392082
-203.48412394558
-116.242784992785
-153.373286435786
-118.379976390932
-37.550160373616
-168.500196448652
-34.877164502164
-47.563675477219
104.496753246753
77.134202172746
24.005230880231
-175.843344155844
-30.659722222222
-145.599766586766
-173.298095130645
-37.016323953824
-98.405554481055
-190.735968915931
-44.861217372173
-25.251008136964
-40.486652236652
-152.57711038961
-172.569264069264
137.537985048941
-43.576842865387
-88.312425885882
-16.569518558563
-72.140318855407
-111.305813083401
-30.595128795629
-39.114795767384
13.65766398112
-31.458407447452
-84.05266955267
-36.325940989485
19.797796384253
146.550502011958
-55.750724539268
18.662688196135
-200.974460838505
-205.024544059456
53.979256854257
-86.659013756426
43.130591630592
-29.438398837355
21.503790917335
-145.003875027831
-174.47123015873
-155.345611880524
-165.662337662338
-33.9896995027
156.279398115854
-48.955176767677
-39.468418269962
-86.099119200163
-34.186404713993
29.995200945701
-163.253604465061
-161.409271284271
-95.326121364665
-29.053107455695
-17.736649198105
-40.320600809645
-50.064863989364
-153.059507736052
-182.243941357986
-38.504058441558
-38.242137606182
-99.618938319439
-40.619482483527
-96.921104970604
-28.63682760924
-151.757411455867
-34.765859980948
-190.835494796951
-158.662067099567
133.862821636778
-34.962044059456
-43.95750557155
-32.999912850957
-164.141501290458
-146.270923520924
-34.099116161616
-170.38961038961
139.526067252111
-96.88600592455
-33.905026610624
-124.332357343313
-26.020743145743
-134.381332243332
83.287176399176
-28.46951355597
-37.005681818182
-27.734487734488
-166.975375749332
-96.625724539268
137.203640540097
-196.73627541282
-85.361291486291
-30.771191045147
107.928845029889
-159.05781024531
-32.222837461882
-158.585842512387
-28.289388505239
-29.85327782569
-77.881129717586
-72.186598124098
-138.214988102989
-166.467548541004
-94.955160694205
-186.407470571014
139.677579365079
-30.950306637807
105.722850496807
-135.991612554113
7.594306890755
-21.400864726365
107.10508461604
-90.66179349825
-31.121569833026
-108.896738247782
-149.585478723479
-86.519573745617
-35.792120643164
-27.94056333952
-27.101818750775
88.753965215422
107.194280142736
-79.020830294787
-37.988095238095
-77.238652437108
28.690853014309
-164.885387646343
-203.800321636778
-44.992153679654
-155.287160325704
-37.433728194684
138.827290764791
136.737843787343
-30.775268598724
-110.571051747596
9.037237258185
-31.258838383838
-100.381419392375
-164.542375132463
-131.552231649644
-110.658749270749
-34.109323432779
-152.288252573165
-146.031478507522
-162.751365848778
-160.731598693055
-26.277867965368
-135.555014430014
110.668373052864
-25.206887293344
-141.415030255118
-30.195075757576
-136.795187021231
-37.574150272606
1.879493306037
-34.134856737365
23.906749070293
-162.667642656687
46.401785714286
-38.288059163059
-155.230181981647
113.081806001209
-156.936852613397
-10.532451458996
-152.805645743146
-121.085121011665
-194.543547350951
6.394841269841
-200.172944436342
-91.0206559967
20.537682339227
-160.293016441973
7.119769119769
-38.808245109789
-197.745142905055
-148.563672438672
-100.877902076358
-147.032921508965
-30.4181998557
-163.966537365494
-188.547531898576
-27.560802509258
-188.511469897426
12.473147349612
11.07098045184
-143.887716450216
-163.653676615133
-166.8453443563
-37.645846368258
-42.049155275199
-38.351644452688
13.716166618755
103.648812562356
-93.049242424242
50.852813852814
-78.662952901997
3.312406773863
-40.229243819332
-192.945526695527
48.364538239538
-195.648806485263
-39.008297258297
-203.528589466089
-193.948306437351
-30.113365800866
136.802579365079
-77.588474025974
-174.273464846921
-179.535517837062
-155.450670426714
-137.059510774599
-33.016601694611
-153.564754689755
-84.093234856235
41.179563492063
-31.640422077922
-40.907106782107
-107.609577922078
-166.147994796951
12.454194920748
-72.748936860936
-163.707969544426
-200.426497113997
-70.25070542725
131.798147138235
3.057446456403
-193.455624667081
-30.763705475162
-197.910353535354
-82.059269320225
-86.76767372913
-152.951746600703
-203.209412545869
-141.445094869594
45.19343630748
-145.1500560766
-37.8692990698
84.130942164389
-99.449317612861
-157.494575489479
-68.343798132342
-126.318001443001
-202.714540203584
-156.280757006801
-41.220685994642
-181.643127705628
-156.489718614719
-37.108582820039
-171.353551427007
-36.412224223259
-170.589826839827
-75.088460770864
-131.855251956296
-38.018488455988
2.56746031746
-109.737190323647
-201.168557567514
-167.748753447209
-165.274440836941
-28.748309907459
-165.393021444566
-33.512987012987
112.058083626443
9.620055756012
-3.990803904348
-202.24693666048
1.987644300144
-33.291325028325
-149.925778651822
7.461933658925
-118.819173881674
-151.552639695645
-74.396361423949
-202.364451090495
-34.400974025974
-198.764864878909
-164.969516594517
-40.181818181818
-184.73566017316
-73.208317259861
-182.383384407341
-35.79736455832
-143.202831890332
-184.911619200163
-30.334702220658
-35.215280816325
-161.799712474212
117.014509985457
-151.407628795629
23.964630391175
-154.246212121212
-53.449494949495
-53.655212842713
179.049780511237
-129.970060758604
-198.112373737374
-199.295995670996
-164.708227072271
105.58741088691
-98.710607135107
-31.764777729866
110.526273917326
-202.718114811621
-75.033563038659
-104.594967532468
-113.298698260155
-30.266865079365
-157.528496239953
50.789972214472
80.061056998557
-141.393114670703
-68.417839105339
50.203917179961
-167.750992063492
-3.365352966397
-197.245657960746
-73.098481809938
25.580160694205
99.326025099981
-32.158645828049
-199.464572350528
-150.928574467118
-83.663255611711
-102.699852661309
-54.526154401154
-152.325229485142
-37.252634552134
128.605861118862
-131.543544532589
-203.038056124512
9.795886371387
-142.175756501257
-157.75849370695
-7.026695526696
-85.596394460439
-31.809053759554
-130.855867195955
-155.412881826426
-170.286274523274
-100.122564935065
-29.714285714286
86.383554786143
21.188749591337
-36.282735056691
-36.352437028981
-199.892061528017
-169.911992985449
-97.75802365698
116.588651362608
-37.864647539147
-33.985299422799
-195.101264590309
-199.102015199427
-24.175598276642
-34.299603174603
-157.453089418177
-85.968701867658
-35.534809371266
-198.19948191457
11.6772479433
-155.209882595838
-33.696786283243
110.69237012987
7.3704004329
-136.164415015459
-36.798624146036
-125.378320867365
6.676838752339
-81.412247474747
-180.639721010326
-157.898649581755
-183.809093304699
-31.932080994093
-34.124188311688
-93.496310059298
-207.043449985345
-185.744408369408
-159.577048385642
-188.814455943362
16.917238441897
-184.535090723079
2.099216565769
-190.562479566874
-105.852460852949
-200.336206653589
-129.714654215142
132.658467346456
-194.48427882339
-18.830439579951
-49.375200808306
-82.702368269751
-170.407640157152
-32.214466089466
-158.443534818046
-154.723575036075
-113.181928802534
-172.477842036436
4.788698226687
-188.966331845238
-185.203803520698
-28.034381904987
-149.976932410038
-70.087920217803
16.346412999977
-31.727383347989
-30.443011659564
-33.191025066513
-155.927489177489
-34.863713868597
-98.81519787721
-138.216117649711
44.971590909091
-38.532565470554
-138.350538729933
-32.822580576975
-34.122176001082
0.914399294282
-204.075396825397
-193.68002218051
-39.621593304699
-188.819624819625
-35.537267907873
-178.085149767767
-96.038662292569
-161.894820836715
-181.223013477408
-171.953893708288
-93.840270027282
-156.301669738681
-206.769951890557
-117.738636363636
-171.232934112329
-180.542846855835
-183.457702020202
108.309260997249
-158.172057488952
14.858165570324
-169.285062539457
-158.135649886138
109.622552252435
-26.856892727498
-184.789321789322
-183.325056508162
-178.349538915945
-91.328553391053
-38.182429061824
-38.533980288375
-17.503898499504
-80.879140878653
-83.296884864268
-169.125373432991
-189.91073471884
-160.411628844246
-29.027306406701
-92.897005772006
-161.747655122655
-161.485742610254
-37.515782828283
13.073863636364
-192.078983895878
-207.29968314563
-202.597382164277
-167.849219031836
-37.393406018894
-191.520681141775
-38.295913233902
-148.685155122655
20.182166249549
-169.42774705763
-104.781926406926
-148.311056998557
-139.170802613185
-173.975468975469
-92.974629103535
-167.994387936282
-31.806297489403
-85.943083880096
-183.812311874324
-78.355326422709
-150.661538656656
9.794364543876
-201.421779175685
-78.569186564304
201.094967532468
-180.800685425685
-173.274961529356
-158.20853414164
-180.919635106647
-157.095877158865
-116.144570707071
11.825999954906
-193.034729972718
-192.121642626037
-146.863886493281
-87.807140531994
-100.864239493146
-160.29510154559
-158.357060420049
-34.123196248196
101.835026464421
16.750430504825
-151.289239352228
-33.575948167501
-151.828401199495
-169.556367243867
-165.843586534993
-163.516061141549
126.604978354978
-186.069915815521
-162.736935482053
-28.426406926407
-26.199314574315
-176.886994949495
18.645846015963
-202.573711444805
-39.23862861314
22.540236347854
-94.219766724161
44.844508844021
3.555202555691
-90.209776334776
-27.534799727183
-160.294552669553
-255.15863997114
-174.86326786278
-169.158217216811
-92.537087532693
-158.112365986878
11.31842419733
-186.287345412834
-157.465277777778
-154.019931457431
-85.488746984352
-175.388445701434
-135.582624515242
-169.119227994228
103.540494227994
-166.500278313267
-200.047085672574
-28.762917258523
-193.946330633342
-43.722665409677
-83.022157963564
-93.359245355339
-120.253419377931
-138.273268398268
61.751082251082
-75.971312595824
-152.353437415449
-37.544462481962
-32.515133548093
-144.540734141076
-113.499569495175
-153.657848715954
-72.948072381178
-82.19055862757
-49.399628962617
-162.626102684208
-179.135559698548
-207.242674019774
-16.884392192009
157.619887490981
-183.77590427151
-37.252713378202
-139.097701343795
-39.417097171492
-146.237734487734
-32.795725108225
-181.63455988456
-32.205918701524
-106.756571011454
-161.015069078057
0.203130636724
-24.586129148629
-36.194153448548
13.533189033189
-37.172709235209
-23.661894474883
-204.28976251071
-29.316710633117
114.229414330244
-143.913981472087
-35.823059698548
-165.207320836715
11.515040894435
1.741945120851
-146.686147186147
-37.939865310471
-28.289862914863
-155.171717171717
13.008928571429
-195.522809709821
-147.909593634447
-180.479076479076
-113.168039913645
-157.451180330087
-152.456869898764
-95.769362148268
-191.222943722944
-166.698855885868
-68.402589652101
74.304272496167
-100.794454731466
-93.760008356444
-119.197510822511
-184.685536306142
-33.583152958153
-102.540404040404
-176.940574128562
-100.592962972358
117.203223290381
-42.869485874369
-167.764048830943
-29.925672743056
2.411554157648
-24.752164502164
59.333503491951
14.16323953824
79.243867243867
-37.783189033189
24.922356235345
-82.068189568678
-32.960477402372
-103.035103405709
-83.077048385642
-38.12708206507
-23.107655799062
84.564110693994
-29.0383170432
-84.170892800776
-171.82492545432
-168.835428081034
23.917901109307
-188.143210142722
-193.602715914728
24.820707070707
-164.785423289818
-34.814200881584
-82.584402901786
-99.585969206575
-32.054583925189
-192.212419958514
-179.42803030303
-38.529200346095
-30.743297934704
-33.383740445752
96.481132826592
-136.261425640332
-32.493506493506
-36.181186868687
-22.509170950577
-129.096500721501
-2.760088327471
-26.534820160308
-201.720611528229
-27.60482616342
-193.590014965503
-90.242055741567
-150.210768398268
-45.088556463068
-35.951589697195
-26.00496031746
-40.216159220554
-190.010974702381
-150.753267186373
-156.852751848846
-33.339999464511
-166.85978648088
-159.59223372114
-35.135711890106
-200.605617418606
-24.199211704095
-79.344168526786
-149.945137761544
12.98826786278
-201.593975468976
-20.121392496392
-182.552210864223
-177.657918470418
-33.472402597403
0.057650303256
-121.591117649711
52.607052669553
20.706627519616
112.042996581327
55.777437460543
-191.03869047619
-142.694707256719
17.453130636724
-166.49591337482
-95.523961715368
-35.340818903319
-32.55075518015
-23.470245845734
-98.028777591766
-142.938582251082
-60.572760952155
-39.180382930871
-30.97619047619
-154.291233695775
-197.540764790765
6.48288479099
-37.637994763483
135.326958198052
-27.857315481827
-98.330266955267
-163.543372480384
-199.201741888754
-37.124090373602
-158.369055369544
-189.818431947826
-76.222464601371
-86.769730649125
-162.178473490485
-167.37480694219
81.51842645202
-134.369831123737
-89.792748917749
179.710788831394
15.131856722921
-189.757194574089
-84.143570893083
-98.533016408505
104.797320301227
95.619398152845
-195.088814343209
-101.32493813695
-141.711100965007
-28.769730649125
-37.90568421379
-139.86725161774
-38.181725528161
-25.725492226957
-33.924603174603
-149.141226015738
-28.874791441198
-26.835497835498
-27.921717171717
-33.390352323458
-36.247807314214
-120.999917562906
-31.908557534046
-191.255423938041
-86.752504819399
21.29885349026
81.821248196248
-33.012798887311
-94.584325396825
35.291035353535
85.575134013122
-147.77973372114
-157.167047850153
-183.494678932179
-146.734126984127
-1.126249943633
-173.298242610254
-36.125811688312
-187.562167433261
138.793137851732
-154.147018454636
-32.982982729076
-28.288350158956
-114.726613230519
204.667047850153
-162.596508471997
-164.417720734127
-115.995158053752
-207.020923520924
-66.036275844381
-190.958353766459
-30.262703767587
-37.832980333469
-203.699582671018
-150.369227994228
-161.839986781881
-140.569021690115
-49.694063260958
-156.846132220644
-96.959047083559
-152.995781616387
14.127795815296
-24.228385628044
-127.635662568768
-129.442349696744
-25.440386002886
-179.354228670635
-158.59164855869
112.237005236517
-186.628066378066
11.231691919192
-81.933982683983
-151.046073175956
-159.82222757711
-175.082529395518
7.157807849702
2.200937950938
-30.743805239899
-44.26587548194
-155.829483450577
-22.140692640693
-111.79806998557
-138.745047433036
-198.012598079004
-147.935425685426
-83.218864848259
-171.31622587482
-36.875069754464
-92.306998556999
-157.091991341991
6.137896825397
-149.920913233902
-110.120580808081
-91.439873060967
-84.337481962482
-30.67984180533
-23.760108760597
-107.374791441198
-140.794191919192
-188.647977402372
47.722971906566
-153.795457011521
-97.268205210588
-41.359688542794
-42.548590677985
113.472853535354
108.835387214782
125.720529091135
-192.088641718524
9.479249103761
-95.900100333694
-30.374737187725
-30.331287202381
-163.1856884977
-179.897706839601
-83.466089466089
11.345418470418
85.10406872858
-189.402499464511
-187.580697460092
-37.496503117109
-101.1270947477
11.056717777665
-144.50965007215
-38.796626984127
-205.139257389746
-150.135023505141
-40.819867198773
-165.02235877187
-39.248466810967
-103.578254644661
-168.879759509154
-91.353563537157
-109.007944258433
-42.105679422574
-184.418457735841
-95.941460503472
-143.124701253608
-43.176218800731
-38.994596495085
-34.063110880005
-32.958603896104
-25.744568311463
18.112353304248
35.054924242424
-89.292929292929
-181.705156334551
-95.24243199292
-40.050693176181
-160.0845882091
-169.005772005772
2.545462295951
-39.945284316378
-28.793171672078
-33.474657287157
-164.319957386364
-134.66169859871
-1.616409279739
-141.797869177264
-139.161874041757
-83.598013477408
-140.588667083784
-161.753685008568
-35.565115440115
-158.052246798341
-165.830906018894
-157.105949985345
-39.407459781972
-165.999556812545
-89.003246753247
141.654934529446
-35.877718310335
-185.055375180375
-189.607676232188
-37.331980519481
-36.427592047709
-192.033439162834
141.42967411278
-135.995552624459
-40.940844691333
-160.203172207567
-172.623389306006
-31.612734487734
-173.138167388167
17.419199669688
-175.237456174468
-145.257096636003
-31.511080390963
114.534882164277
-192.760108760597
19.514981356534
-90.965847086941
-37.32902476213
-28.572420634921
-142.895119583108
-163.580238771645
-38.961551902958
-79.734410229527
-35.951729206124
-189.214917027417
-83.576548830943
-86.443542568543
-87.905586275703
-79.081689523584
7.977473535579
-30.022899897412
-30.004849696744
-34.436134503517
-178.80972461783
98.96281981365
-166.790842295725
-179.120830937725
-116.096237909226
-34.317911255411
-149.894480519481
-26.928038053526
8.946531441649
42.804383116883
13.529060837166
4.868416305916
-39.259018759019
108.963556463068
-172.252886002886
100.258297258297
-83.889061513573
-36.978687545094
137.455537518038
-34.494318181818
-30.545176232188
-31.360098614493
-181.100657101145
-109.387095353648
-33.411463970058
-86.327290764791
-36.073953823954
-78.753517316017
6.032828282828
113.976381067934
-92.286193407287
-157.206557765152
-156.414883347989
-32.728465599071
-172.461662523674
-25.186257806863
-2.167957476551
-124.243256363862
-99.027667157062
-71.80466143015
-34.42278674017
-203.291937229437
-197.118583998467
-35.28545147344
11.550116116522
-29.346881904987
-187.535874227769
-29.040015106421
-134.000188125676
-37.930084184479
-65.327561327561
-83.125541125541
-59.001254875767
-86.309773939168
-46.213994718389
-165.795454545455
-127.254341686959
-141.315476190476
-32.229679608586
-38.253689940702
-105.370838688222
-8.886170578553
-139.231040172935
-36.448224572736
-31.62453109499
-40.975067358856
-150.674832518827
-29.26396110942
-149.782114532603
-36.668039913645
61.778241398359
96.488074804969
7.104359724477
-190.797812105429
-36.315718569625
-102.331377389971
-175.001791069174
-79.094258714376
-37.221390100785
-174.895660708649
-146.849407157513
-183.189672252661
65.27103414164
-139.902757344652
-62.189602498196
-157.693001443001
-97.641676953689
-33.817009379509
-4.114628427128
-26.682359307359
-98.218151098034
-195.01432714421
-184.926559117965
-169.277589652101
-197.625100404153
-159.336662523674
-107.124556812545
-111.731511544012
-195.517664085047
-41.092442279942
106.379620000225
-89.182289552895
-156.733225108225
-161.790764790765
-32.593434343434
104.948873852927
-156.360129264182
-155.751553622159
-51.180014430014
-28.453643578644
-30.797168109668
-178.782148000654
-35.342803030303
-95.255321067821
-83.24140399531
-34.753968253968
-174.636355885868
-41.677739307134
131.692570938176
9.957684053143
-181.246372063267
-140.002525252525
-154.678100057495
-95.518295398178
-32.705447330447
-178.572608760597
22.144328327922
-178.303501674107
-32.672425989809
52.669482915088
-39.340927057968
-169.991182049288
-49.237922613411
-196.121059929654
-34.313020692415
1.841527721411
24.546256017203
-204.639081946699
-173.083312900207
-90.098103664998
-192.234384864268
-26.525806333424
-152.388716264205
-143.091720779221
113.195186378292
-156.377267372385
-192.891836895743
-27.720065470554
-187.828816203328
-29.582511428459
-97.635260952155
-165.128455664344
-35.677821744228
-50.903609899215
107.670274170274
-61.724226782332
-167.801767676768
-41.342962972358
-159.666576479076
-158.02391239403
-30.423541356647
-34.97373497813
-27.393468022863
-166.797536610525
-177.799963924964
-23.799422799423
-33.874167878562
-129.195817691423
-177.766491646374
-188.867957617469
-126.970807404401
9.721681096681
-211.684163059163
-38.603715728716
-27.787227041622
-180.391934833829
-86.694083694084
-166.075396825397
-142.43757750496
-198.174505236517
-147.95488577178
-165.116251803752
3.846673346185
-37.212752525253
-36.175984172078
-112.887105570211
-194.347124284136
-30.134750476303
-35.388626076614
-116.88483044733
-142.516983450577
-93.925582555465
-191.928648933532
-26.140793044846
-55.457952149847
-31.624196062184
-201.427682235299
-156.13463738952
-148.26902958153
-110.344439089556
-44.850025788014
-170.272915398404
-180.050705858811
-154.644653144165
-139.161997345103
-40.828635828148
-112.288319509267
-197.664674789186
-162.67777242289
-89.721570475965
-35.103535353535
-145.210518268624
-29.632575757576
-96.966560837166
-87.065476190476
-35.443341760236
-173.009289321789
-148.51922263934
-85.711247519841
-166.982926361833
-168.115017361111
-27.897206580312
-203.173611111111
-191.1123941705
-204.9375
-180.505619814214
-157.948564889971
-48.82177135473
-158.733495670996
-157.713092842487
-51.305666176272
-169.951541080447
19.727342481737
-70.132936507937
-150.160082972583
-36.778651470058
-173.199945887446
-136.494227994228
-95.865981240981
9.513979076479
-137.922737418831
-27.35264122813
-94.248126493732
-106.278318903319
-92.626623376623
-143.043372480384
-35.555284992785
27.210337893443
-31.155663780664
11.785431040314
-156.361853044958
-148.867243867244
-111.832501211896
-32.583173391279
-44.775613275613
-206.145750896239
-159.931429247836
-33.438700622294
-34.85073953824
-101.752074314574
-166.944083694084
-97.861562049062
-150.461232018849
-138.075675138663
-77.307382206552
-195.836837966721
-35.483302613185
16.557712307224
142.095227878675
-145.080169017181
-30.473415094021
28.647706839601
-201.250708818092
-140.550693176181
-51.808621933622
-219.729416796311
-164.058900246889
-42.502455498061
-163.758214821203
-164.887736883342
-195.76738577178
-153.39422263934
-34.955877835272
-36.311878903432
-168.44906444467
-172.597492784993
16.180375180375
27.90013415404
-147.329573638167
107.828004515016
-35.933073057585
15.806707561102
-157.450499695617
-149.429834054834
-35.141032957927
-32.385551948052
-87.775425149937
-143.549976607594
-154.7732063943
-93.351440605835
-34.735577736066
-181.951200763212
-39.289043476055
108.184755972109
-26.436796466337
-176.189283318678
105.287427849928
-28.468795093795
18.012054487396
-199.585680676745
-109.569173881674
-179.188319438808
-183.429485987103
13.986652236652
-34.22773141572
-42.749077690972
118.23097041847
-78.712822279717
-80.562770562771
-204.011817040381
100.011072640467
-86.784930781025
-93.225316783911
109.199574920522
18.708083203689
4.464007401019
-32.282307590413
-91.368970114087
-11.588213679766
-39.383846134334
-95.043462667974
-29.676399175911
-37.533070661977
114.843877530889
-201.631132756133
29.792568542569
-95.274703649215
-31.953893708288
-83.752893753382
-133.433691688086
-37.275633708739
-149.272374272863
-164.13302422946
-33.039051226551
55.073745265152
116.847943722944
-136.348677906295
-78.028831845238
-177.626893939394
-185.804465553977
-147.193282222335
-31.755578947962
-200.581509148404
-181.426850113862
-31.864448051948
-184.928919496302
-151.898358585859
-106.662260157377
-169.077401385507
-183.583062770563
-91.619867057855
94.033029091135
49.810897056503
-189.661984662473
-149.585206839601
-158.784070475965
-39.125332566739
-186.025334962347
-95.566094820978
11.388688080583
-155.317648443137
-35.31518519458
-147.864726365215
-97.341991341991
-192.950749825262
-88.080890517902
-87.768238326344
-88.292460387919
-41.848214285714
-36.426587301587
-150.364079551091
139.142566146961
-28.420091329027
-115.435245310245
54.056359493371
-1.385732323232
-160.32711038961
-82.616993737599
-157.898538961039
13.557269119769
-140.514880952381
-188.539113230519
-80.917478354978
140.282364662247
113.91703763359
-154.446539192145
-161.647374272863
-155.773629148629
-190.072523505141
-154.856060606061
-178.670787112193
-96.820526695527
-188.409534096546
-27.698425381043
-188.276507401019
-121.125340317235
-3.665285669192
-195.506375135281
-173.481962481962
-32.050324675325
-202.857400737284
-101.096951659452
-25.548811919417
-187.446601196113
-26.762023133117
-132.069624819625
-27.599807012649
-192.593684473079
-41.25746513686
-179.864829235435
-30.032640157152
-151.879349437455
-194.232503607504
-31.978347227859
-175.139257389746
-31.014167202155
-211.15034517891
-92.681830864448
-115.910714285714
-187.569235885642
-179.88474025974
-153.415043290043
-155.181637806638
-79.237172929067
-129.609508167614
-37.916305916306
-162.494068052174
-158.723095914502
81.518468022863
-161.46444565634
-160.832070707071
5.164411976912
117.075319320436
-33.651231906115
-28.351391284497
0.564043405596
-126.962183216089
-84.65289614899
-19.389409581304
-35.356519294508
-195.921768959122
-167.870691428797
6.108127170139
-176.06519787721
-82.812151932269
-161.720779220779
-81.84126984127
-33.927481426993
-27.835157518263
-115.068570752165
-76.590798470193
-159.234675860164
-153.465646278635
-39.257833637716
-38.711031210543
-186.586768212256
-187.515069078057
-36.219343969832
44.785062539457
-96.250450937951
-153.322773634785
-32.772616652011
-175.4607063943
-33.488976680871
3.077741702742
-23.653867779356
-153.459603710092
-35.246462250857
-24.348026160038
-167.921474792569
62.397665268759
-31.938221500722
-24.998258252164
-117.920905483405
-34.480511730023
-39.153416841405
-105.299242424242
108.338772772367
-145.211379278274
-190.612631617514
-108.510461760462
-103.717364774982
-78.547626798115
-109.058531746032
-88.174074731692
-86.167297979798
-201.75764551204
-30.143947144435
-152.557439278387
-28.937950937951
-112.689296001308
103.902494532377
-196.283008658009
-39.069993320482
-135.102715914728
105.881944444444
-168.87985744724
-195.005308385191
-82.329102267091
-127.239357864358
-137.573953823954
-172.809003117109
-79.703393448999
10.55494467555
-39.189651819535
-36.791687099793
-28.973386910399
-86.38646157445
-167.413780663781
-167.590458152958
22.701208513709
-29.366973304473
-30.815806291148
-20.366231370626
-184.750280779334
-161.945825441919
-109.405042684095
-31.28834240846
4.089564027552
-187.396492830087
-37.510021039074
-147.492493996889
-196.46435546875
-39.035907343525
-185.772033955628
-159.445964950848
-86.714095122542
-154.108237790855
-194.470320532332
-152.478452916441
-191.921374388415
-163.955898268398
-97.375200808306
-35.73826786278
-138.013999509605
-144.854174417163
-60.898018268624
-197.601523042929
127.544019294508
-74.095155658144
-39.230692105204
-130.36056998557
115.475275917659
-32.990502119408
-34.712031024531
-163.971258342352
195.129058441558
-46.124258066153
-183.166604662698
-170.150871155754
101.880030071925
-148.429390867379
171.530380535263
-89.257686378292
-85.862353304248
-154.82234312996
9.85022659632
-199.585685961174
-27.556470114087
-189.46616697105
8.921516363411
-33.403609899215
-188.832599149982
-37.476210909316
-168.479326608721
-161.878344691333
-176.424811733405
-135.826020388032
-26.717810780799
-153.626525438537
-1.695714821203
-186.225275917659
-158.153151210768
-101.599448728355
-23.235958919553
-33.496642626037
-79.427501860119
-172.715270027282
-194.704643392632
-162.448183354189
103.522436276831
47.029852092352
-146.226440605835
-147.585227272727
-160.484008612915
-141.282274474657
-34.152695340684
-140.833403087798
-171.615419682314
-39.50877637987
-1.363698367605
-156.286587977994
-95.96263415404
-114.959533955628
-193.549713795319
-77.420552483541
-153.030836405348
-29.081882581394
-151.532807849702
-34.545093795094
-78.956452076569
-39.602445351957
-82.668658544147
2.227571473665
-32.487492108586
-30.758637575532
-111.209866522367
-164.531926406926
16.345488224883
-41.687700808306
-203.79979130028
-140.342720593209
-30.253447561553
-157.181887936282
-34.032369594381
0.481671486066
-115.348907602814
5.092720593209
-158.359397546898
-156.569547314664
-78.858307545319
-11.054743867244
-40.56031506471
-18.621490434479
-156.236922799423
-26.901966089466
58.439844877345
-36.888896639385
-28.622593118687
-75.724747474747
-51.34336458897
-195.24034992785
-81.467344341856
43.582861962256
-34.943091630592
-168.474837662338
-27.34822203621
-178.737463924964
-200.413399480294
-89.861845294462
-31.593995902101
-28.562930504825
-181.202741702742
-101.573335193452
-107.829184704185
-181.322801818407
135.129627750721
115.686175369769
-95.417047850153
-159.418733230745
-161.574015827922
-36.807879999775
-168.366981054969
-41.352022597628
-102.446158008658
-97.127497068903
111.358756017203
-40.508367012762
-143.675234487734
-40.545552483541
-159.651543335137
-28.931277056277
44.625528442911
-94.682338874233
-158.988734301723
-155.96931578621
-157.869580994093
-184.24053030303
-30.437201253608
-159.104174417163
-32.715019897637
-184.306374994363
-193.344696969697
-103.046897546898
-150.295544733045
-37.01729558419
-55.558263649328
-37.982080853175
-189.847500535489
-85.575306637807
57.046446608947
-24.729519666531
-152.024440836941
-146.427870360976
-35.666937229437
7.989427618822
-105.774087837076
-177.254787692776
20.046376854482
-176.479777546672
-187.624799191694
-151.166687099793
-162.505403504915
108.082712236765
-54.295426361833
63.813664688176
-172.872946118552
-208.983495670996
-34.457714702832
-41.145222453328
115.081609552557
-31.828110203598
17.83142671131
-31.929120304609
-77.942530071925
140.545196665314
32.583722267316
-164.318542568543
-136.741161616162
-173.568911069399
-7.809351184839
-212.604957921852
-159.365710678211
-31.341568587662
-28.586391960904
93.769117303053
-80.32145675505
-176.707258832747
-96.533307404401
-193.254169062274
-130.614628427128
-93.018828773223
-30.651973839962
-31.840991528003
-34.48089291351
-188.106720102814
-44.478805916306
-187.364538239538
71.907660590278
-205.723484848485
46.093622469111
4.972139785128
-39.340117835723
-43.18243681232
-84.024350649351
-131.018115022998
20.607163290269
-160.888355513844
-107.842622655123
-145.680104617605
153.259309754915
-33.757457386364
-114.903228715729
56.883449449856
103.180815901763
-118.555542872926
-132.141164011769
-146.715708282603
-98.304292929293
-34.350366105249
-153.382603941198
47.973124098124
17.445052858383
22.909258601641
13.486672669778
-160.494941744453
-157.242893147434
-138.734508167614
-154.775494904401
-136.875188125676
-3.500999813988
-147.952283014295
-96.539043476055
-189.035333102228
-187.975198412698
-116.980146047529
-152.721583158595
-38.373897315792
-37.464257530664
135.933872063267
-170.708784271284
103.259552134064
-176.01243813695
-74.838383838384
-155.614017547123
-32.073412698413
20.482892541486
-178.731581298476
-153.63933982684
-86.713113275613
-111.591831399937
-170.665973349567
-40.610577736066
9.921273984262
-111.573572640467
-192.72861779063
-36.456910765016
-46.420913233902
-162.304481054969
-36.86831836783
-160.164612785218
-157.844266464872
-199.709034400929
113.814566564078
-167.196227763122
-98.304834054834
-205.258748196248
-180.061487503382
-78.035804473304
61.81658662518
-202.327221010326
-168.185696248196
110.728805916306
-200.135170764565
-153.785263347763
-153.736000490395
-73.476523042929
-40.597935972448
-156.079205137311
-154.595300099206
-25.973603219697
15.165584415584
-39.769362148268
-91.491259554248
-40.594336219336
-171.04502404063
-98.711600519706
-142.977280477769
-55.20173695662
-140.986832611833
50.29024409835
-33.410804473304
-98.444825627931
-88.20758364899
-169.703823953824
-34.391746708153
-107.00574382215
-91.939816693723
-40.717462713068
142.079924171965
-31.930748613366
-2.396271588654
-106.405470722854
-199.406094285489
-144.002365310471
-102.130300634695
-165.719689219201
-26.264798515287
-165.294114414232
9.135093259605
-35.460227272727
-33.409103591721
-26.283487779582
-172.251365496483
124.381055251172
-31.826221196338
-40.11248435809
-27.658271470283
-177.800226737238
-138.528318903319
-72.827929828418
-144.366592120987
-156.848647256606
-37.757686378292
-119.345807404401
-189.395374644886
130.338363405258
-184.929924242424
-138.264540635146
-100.096791717397
-144.639450447556
-198.604888167388
-157.734335542929
-68.297688802083
-37.735131730249
-37.893127705628
73.419913419913
14.179743867244
-151.952058602205
-137.080627705628
-37.848603219697
-27.599747474747
-38.598026160038
-200.098373875473
-169.644591140197
-30.453914141414
-31.614365614854
-40.487672483766
105.42783724522
-13.884552134064
-141.071518759019
-38.928579179067
-34.694624819625
160.999206278747
-20.563680189168
-159.926837431232
-161.497827747339
-160.914752294147
-122.663502350514
-49.861902366297
-190.446047387942
-86.761281199269
-32.396645021645
-135.25487012987
-92.080094330583
-92.901154401154
-176.591207837302
-207.874196062184
-148.232155539773
-105.101468789457
-75.102002164502
-153.47897854099
-36.330419146825
-38.429202741703
-106.588842526831
-38.051497113997
-35.016767141279
-154.10579004329
-201.337474211986
110.268207676655
8.172168109668
-37.445707070707
-95.686034099364
48.889790764791
-56.416749103761
-52.504038008433
110.14745424389
126.411245194692
-134.639721010326
-36.953262395157
-29.2240055409
-53.914592352092
-189.566378066378
-190.061688311688
-163.298541356647
106.434763722606
-196.748827561328
-30.630439439033
161.021456895969
-151.556436998332
-0.853452916441
-102.012987012987
-202.545454545455
12.917568542569
-183.717081529582
-198.356720102814
-167.794740795229
-195.591262090774
-101.972291976686
7.500651746257
-37.697441068047
-31.160075222087
-111.04310966811
-177.286255411255
-94.999175629058
-181.508116883117
-31.61335805037
-200.915383607278
-32.723402411391
-176.441037749143
141.260642135642
-152.34413541103
-147.899531024531
-189.017488642
106.818522135417
-27.396614371956
107.894869453463
-96.088085091991
-145.334047083559
-46.59576125372
23.109948889002
-133.312832214444
-166.399531024531
22.08658008658
-95.349476911977
-111.333846275253
-115.611853044959
-87.343614718615
-202.166584229572
-29.975378787879
-93.733036982549
-193.990800865801
-34.571601196113
26.009186451569
-32.77380952381
-153.257307660872
-199.624098124098
-35.389077014565
-102.347750665133
20.122474747475
-33.030563376511
-141.728723479212
-120.603986291486
-85.937848067731
18.732864357864
-27.398531210543
-136.447794067911
-197.670245986652
-169.616161616162
6.145640275523
-72.637085137085
-36.09155308667
-177.652839781746
-179.368588930601
-96.197142321654
-152.061680561192
-49.103793233676
-190.769057765152
-86.228063982459
-104.455426897321
-69.502156751668
-101.643679047732
-42.075479262491
-165.344073407062
-36.549943491838
-153.623897315792
-120.293720548115
-188.073482452877
-182.781475468975
-32.57682714421
-83.763265326254
-34.162518037518
-29.49339587279
-163.345258528364
52.494831123737
-42.711850649351
-46.113095238095
-39.563299005682
-38.550574804969
-190.464633782017
6.861451428346
-151.369859307359
-148.728777732684
-182.097590723079
-141.163121167027
-167.300316924829
-143.40450930905
-36.065406436012
17.284181096681
-29.008740445752
-173.224920099432
-157.473783594877
-95.304030117018
-27.308088558577
-74.769828587211
-140.69974507914
-38.168011730023
-92.96156740395
-159.419359611742
133.919191919192
-154.831612018624
-40.106400923295
-191.860758111246
-87.81049543989
-37.630591630592
-143.333902642496
-78.715097402597
-97.437118816513
-194.284750405844
56.545516549423
-37.795807545319
-84.088834776335
-87.537069565634
-93.280663780664
-35.735652422664
-87.410373968479
-158.239590026944
73.77607196406
-149.075126262626
-112.638979076479
105.219253782242
-66.584846089241
-121.966367779356
-111.932331123737
-179.403331585949
-166.964105339105
21.800595238095
-149.258415629509
-80.306818181818
-168.021554834055
-36.554292929293
-186.044892986788
-36.422819855925
-75.316476004464
-66.536273378314
-166.528277684772
-193.993055555556
-32.127445281498
-187.228555786661
-159.422541542659
156.941530257936
-50.322753201659
-99.303661616162
-30.935327747339
-163.500881442776
-32.798639294733
-193.833034586941
-28.550955988456
-147.135904947917
6.543733230745
-50.195707070707
-163.469959781972
-34.326007705402
-24.345869408369
112.260219381313
-150.232233044733
-75.010101010101
-104.790022856917
-150.717068846952
108.156016780528
-40.779573779085
-188.069354256854
-37.283382090999
-91.321358816964
-203.029921846816
-154.659820160308
-82.049054298566
110.994977678571
-154.585199089105
-34.58449802151
-150.836660057607
-35.350940346546
-155.887363450352
-31.9375
-35.163357909452
14.980617418606
-25.848312223801
-53.433088558577
7.426767676768
-196.440218310336
-142.278298470193
-94.705808080808
-190.67585805037
-191.3106884977
-26.831091326209
-199.428744053256
-34.537690662202
22.036013032107
-78.854063796447
111.492674372069
-168.666223479212
-70.448982007576
-164.905483405483
-189.763355513844
-31.096250591856
-177.277347272953
-28.018640647547
38.090257344652
6.185773753157
-144.82865132914
-153.44630773415
-196.306797748692
-178.016316203328
-46.294122164728
-184.4788883534
81.88292875744
-31.012896825397
-190.854444979933
-39.177932364944
-50.567468067956
-43.500930059524
-174.700737142632
-161.096430967036
-196.635211630817
-176.660423289818
-36.698121702516
-103.084866522367
-154.600100474612
-167.591651024756
-14.238896709844
-85.051697922303
-33.828991646374
-34.233738050144
-89.229076479076
-161.182740490846
-178.117687054699
-103.706537332026
-120.302677303166
-157.016676953689
-87.483585858586
47.933802308802
4.404470908865
-87.847644976551
-91.132665945166
-139.048049552444
-92.903040590052
-36.11344823796
-135.855166480655
-88.74076739775
-168.589236745243
11.701048571654
-155.435433435922
-149.781753782242
-111.672446422935
27.009933317551
-122.395001211896
-119.59613997114
-40.325126262626
-205.680555555556
-120.888507705402
-141.518771701389
-38.210407647908
-94.673502956462
-149.430888122294
-3.149791370739
-32.654220779221
-144.515179698773
-156.55755236517
-196.280913910308
-28.32396157445
10.757818136724
-188.435072685561
-37.722132034632
-29.686116536458
-196.892684518173
-91.854066262514
-29.419921170409
-31.704447516459
-143.251082251082
-73.293171672078
-178.744969928075
96.545364357864
-32.811685845621
-37.784464342082
-145.378184749278
133.017413955402
-161.014971139971
-169.094524345013
-175.49591337482
-99.730887981376
-34.664161847267
-75.55006186305
-25.440566378066
-26.815283132666
-163.416589161706
-91.176517547123
-58.226731601732
-99.158196783685
-72.790404040404
-39.070103941198
28.219158310223
-149.67515205064
-203.469619464737
107.170622238005
4.381014384921
112.555916305916
-194.422709235209
-162.84395503585
-46.272907647908
-157.770910838294
-160.088633968028
-184.590187590188
-52.414301356196
-25.249188311688
11.674693362193
26.909812409812
14.403208282603
-199.380321067821
54.707689337572
-164.969488410895
-166.756210261093
-132.803050736156
-185.573412698413
-37.416063537157
-33.627151819535
-167.602736347854
4.268148138754
1.065836940837
-81.152965903454
-37.854679608586
-33.989705932089
-24.514159451659
-44.701306451795
-191.142073638167
23.131202510597
-31.735562235074
-178.369977678571
-103.017857142857
-143.025280708874
-148.342094212211
-172.978146419553
-146.960505585994
-188.727723665224
-159.401994273088
-152.909902597403
-172.192217938312
-173.388064517947
63.041944979933
-35.660003001556
-29.936335311824
-160.78085190634
-28.532647907648
-193.233044733045
-155.375639063627
-32.300615671221
-164.457521645022
-152.621294558306
-29.516795324901
-86.616050995446
-194.976383534001
-199.936430431548
-5.519202206214
-138.829184704185
-148.614259926272
-184.228736161842
-170.368854561237
-196.723312223801
-159.801046176046
-38.444354256854
-160.471237909226
-33.901806147412
-139.502703161639
4.767715167862
-28.788481917388
-31.720951845464
-132.020660708649
-35.340999278499
-191.141123145518
-37.576499509605
136.110951169057
-35.369034936418
-204.799672929067
-89.465290460408
-155.494150489268
104.307469928075
-27.723304473304
-174.49791793493
-167.113102988591
-85.848193852588
-34.266053391053
-28.277785528274
-92.468988151605
-27.706952335859
-149.17784992785
-174.321809754915
-90.085920589827
-30.105248917749
-120.175865800866
-48.810327747339
13.993797489403
-166.046717171717
108.430176838136
-28.956050459957
-143.83658008658
-168.693431947826
-140.30963443024
-28.87787825239
-24.965909090909
-32.664862914863
-35.455867618709
-110.809794372294
-152.850098008545
-40.755529626623
-145.691308311914
-56.216512220418
31.906004097899
-34.142684518173
-146.749528628923
-163.114025297619
-61.95796236641
-30.485827865711
-44.860278989674
-27.750360750361
-198.493658685065
-172.13734794936
-154.497113997114
-175.732261228355
57.552481426993
-31.973386910399
67.368045338993
-135.586590303143
-185.646804963699
-147.209846089241
-102.203885957792
-167.47095959596
-159.599219031836
20.721869222358
143.831647952742
-153.381575943588
-38.000170158617
-192.349767907873
-204.186688311688
17.424262857368
-193.553744053256
-37.897206580312
-168.647894965278
-42.883665759154
-33.22313184862
-79.207279265873
-186.397289017406
-90.790043290043
85.303854673972
-157.930277242289
-152.960678210678
-36.378808311914
7.666027603039
-25.928669366658
-194.94696969697
-35.221410533911
-48.019681327787
-149.573033980993
-63.082320836715
-11.362546362058
112.882936507936
103.514121051475
-88.768217893218
-145.024690966586
-97.953032698638
-43.020379929315
3.385301818407
-36.207709770698
-34.631120073503
-148.428952612058
-162.304223174829
-76.241612554113
-91.792367734262
-40.069555065161
-195.55502218051
136.975288600289
-104.313963434569
-32.711920403815
-24.972742914637
-131.88282588722
-185.741883116883
49.334789017406
-44.838842526831
-146.883207070707
-34.116231370626
-191.530192409587
-183.699675324675
-32.453012265512
130.401126217532
-36.117937184343
-26.670815295815
-4.073523319129
-166.271722526605
-82.501803751804
-138.06268037518
-188.238788555195
-31.918560606061
9.451216264205
-135.977966044372
-190.116071428571
137.56718975469
-93.971500721501
-76.328713333108
-178.538870851371
-6.878517316017
-152.520750896239
-204.986922799423
6.432637620626
-126.051156796762
-147.094885095373
23.064226246843
-148.976628731512
151.549139554022
-84.176206118101
-40.790955382508
-21.938852813853
-74.739636177624
-111.602543290043
-89.788149350649
104.623585182179
-163.884039192145
-147.632506003111
-138.601711168606
-191.911423103806
-182.722833102228
-55.714125772231
101.800324675325
-94.467741026335
-152.19974507914
-37.695797258297
-74.117416491928
-100.253594820978
-87.355887981376
7.184954314349
-29.152409276921
-28.681346810741
108.048167923656
46.541576479076
-160.022915398404
-37.321227763122
-141.252886002886
-32.382014198909
-110.254517130005
-106.103354978355
109.841380461986
115.522997835498
-117.87759500699
4.163801096907
-161.441939625045
18.840035398629
-36.289071659677
-163.822178255772
-94.705156334551
3.683114276132
-25.942640692641
-175.736381673882
-147.935155122655
-96.472234904852
-150.21835190634
-153.271436462843
-65.112726737238
-33.531315526921
-36.712113461625
-36.694645252751
-155.854695109578
-90.273711585723
-149.838280968164
-84.753254503743
-90.245732999639
-172.764048830943
-173.54797979798
-185.049304428211
-49.914620535714
-40.347034096546
-71.826589697195
-29.048799236788
-152.073149886138
-172.58839158888
-188.409003187568
-170.89880952381
-101.050698108315
-84.022837893443
44.142344200938
-183.075098079004
-183.302767490756
0.335948773449
-157.518398268398
-166.652514965503
1.081197014791
-30.616792929293
-171.036095469201
-29.150765467172
-40.686319810832
-90.878427128427
-48.284250851145
-100.660013218119
-50.668991110886
-153.169815481827
-163.136572195166
-89.753239002751
-29.899531024531
-37.212579900568
-40.476108039096
-29.189406622024
-198.421786926181
-184.449688007305
-155.596951659452
5.817362379374
-159.387355699856
-138.359229854347
-157.222492784993
-97.525723896329
-195.196899942505
-181.17585805037
-186.576937764926
-168.366321558216
-147.595841224748
7.921176046176
-191.367215683622
-32.588203463203
0.515061327561
-86.051399175911
-189.248827561328
-169.973603219697
-91.707779525162
-180.305457617469
-28.45392189191
-160.972049597538
-69.046717171717
-31.114878556773
-31.881042568543
-134.781643161526
-161.685237559749
-162.27904040404
-26.472382164277
12.769771515377
-95.602182539683
-33.812381628788
-30.074314574315
-180.596328096816
16.715360214872
-54.82415463226
-173.184413188808
-93.952311197917
-184.568993506494
-81.189193131088
-149.007756132756
-158.952852323458
-31.928841991342
-157.439115626127
-160.642316017316
-149.82196969697
-188.190488873106
-91.257124819625
-36.372474747475
18.225636668019
-34.061340243957
-160.009768443362
-183.655225525343
-138.452288298724
-152.446428571429
-52.352633477633
-151.173819669913
-199.191107503608
-145.822129286729
18.723381978265
-60.783000907513
-108.604006724612
-1.294482915088
-158.709247891865
104.735451614358
110.390331890332
-87.960199089105
-40.068722943723
112.247484964038
-160.604617604618
-182.727801170184
-97.74694137243
-39.237033420139
-100.306547619048
-176.714347718254
-41.855408859803
185.500731717284
-195.001875972335
-52.784882164277
-88.326569264069
-92.438852813853
-33.101079855474
54.356323418335
-86.798451169057
-143.417305730294
-81.630341500947
-41.562041311553
-85.334047083559
-37.032898037293
-30.448142135642
-195.324907134966
-164.927509610615
-32.397907647908
-87.30589587279
-93.262736883342
-38.084423334912
-83.75773569963
-194.636121257215
-91.117756809163
63.742875180375
-39.19696969697
-175.191726134109
66.494395686778
-263.282647907648
-95.336247519841
100.917496322037
-33.08745377886
-90.31527538217
-68.963814343209
-38.610770793876
83.56945219494
-33.809155308667
-14.581259018759
-173.48547979798
-156.152084460678
109.005228414164
-154.320194128788
-205.592782597177
-165.822039451434
-146.225190662202
-169.77426046176
-100.153687404176
-89.612206044823
-35.35559698548
-42.207119323819
109.256743636138
-73.802398989899
-63.888159637671
-134.264512451524
-180.199044011544
-99.463133708739
-137.780040218028
-181.483508353626
-46.034910347899
20.293101917614
-191.108503421492
50.906573407062
-164.35119047619
-189.471881904987
-151.439553881448
-138.920454545455
-154.466728529717
-185.568563001668
-192.850940346546
-27.931900618912
-165.972742914637
-34.914301356196
-77.764437764926
6.421797142744
-160.949675324675
-152.960235023223
-41.17766955267
-111.106601731602
-35.344496161391
-131.302491643556
-109.693702510597
-83.103264790765
4.769939207927
101.715818903319
-178.571408138303
-126.408379624932
-114.997392310381
102.998446377841
-155.899531024531
-30.995851370851
-84.338986967893
18.676427359533
-120.401597588609
-25.996760997249
11.499298932404
-37.952769886364
8.208152958153
-94.130140692641
-40.556727994228
-25.905503838609
-179.840478586084
-143.154032653544
-87.065504374098
-189.397407740914
-204.730852047258
-106.045364357864
-154.422438672439
-15.696145326028
-35.22304166103
9.685265743371
-114.028061023178
-174.496510867605
-98.81059831011
133.334207025613
-187.614435369318
-92.685613811102
142.774492624346
-114.208222712617
21.761193477746
-48.903151210768
-179.323580390963
-32.319805194805
-189.023711585723
-170.335144835633
18.518558210453
-84.888700763212
134.395181587076
-190.378857633252
-80.40856246618
-34.453192640693
-27.611845294462
-183.591788067618
-82.408008658009
-29.915063723169
-37.969266464872
-157.023961715368
-161.322531255637
-155.905491155979
-87.733946608947
46.859397546898
-35.797098355204
9.995109437004
-90.888716264205
-180.288670043065
6.355179163285
-31.11344823796
-185.324695757801
-168.226711168606
10.411456219562
-28.8559831011
-156.468864848259
-186.750992063492
26.527708023313
-76.207624515242
-112.556215052309
-199.081501397908
17.263638759244
141.399440836941
-153.632305194805
-30.612894429789
-33.276064213564
-152.428411486517
-158.432281802399
36.472582972583
-48.881864473417
-200.384297072285
142.043039913645
-185.876984126984
-92.793929106917
-107.920266419778
103.837461529356
-174.165022856917
-206.460858585859
-32.818825813943
-150.672819855925
-143.805367429879
24.497564935065
-161.229707792208
-162.758560070572
-33.271346275253
-34.389450447556
-192.380223129735
-191.775592842487
-154.067923938041
-124.027344806886
-76.146194083694
107.166769536887
-169.886203694309
108.017287833694
-97.4914941829
-114.89142189191
-148.374077690972
-40.214077155483
138.233145137198
-82.850476725965
-87.14725590165
-35.428308616297
-100.647296767902
-174.251651560245
-33.047008167614
-172.136245265152
47.185997460656
-84.193099381088
-124.974206349206
-36.559786621798
-36.111845294462
-112.695346320346
-34.915051040539
-200.942029812635
-134.853916537022
24.470779220779
-152.363546176046
-148.229746192393
-161.478076665088
-72.494859307359
-32.520915770427
-157.276334776335
-32.360459364854
-31.739989177489
-19.300427545545
30.035471906566
15.247577617695
-89.706898082386
4.387183075171
21.007215007215
116.46167027417
-93.854076479076
-147.79510154559
-30.614177489177
-175.205988455988
135.632495786548
-35.682367057855
-30.871601055195
-188.366071428571
-161.256441719088
-74.466792999752
-39.298260577313
-144.888257575758
-187.656988410895
2.381485755997
0.313845063357
72.395390145878
-209.204713147096
-171.530913910308
-86.369240676858
-95.084034400929
-41.295802613185
-28.270943954049
0.981982915088
-178.475636668019
-100.575286204681
-146.895841083829
-30.327561327561
-182.25296843998
-206.662420099432
-91.844594099477
-193.277254619296
-91.402409276921
-38.872765743371
-142.163899034993
-37.211067144661
-27.087399525388
-40.49062049062
-6.809626679744
-94.317107317596
-85.584686147186
113.49378727284
-265.845431153048
-181.707534327652
-93.110188802083
101.687930504825
-154.294442048837
-39.767648584055
-155.874639249639
88.128896033437
-33.612824675325
-153.780996347403
-37.495658313041
102.391385957792
-158.123036306142
-150.867944934839
-18.694653003247
-34.01242545432
-82.180756363862
13.609928455876
-174.319993320482
-30.016483895878
-132.229166666667
-191.927579365079
-33.889618140106
-184.387445887446
-87.829164271059
-164.439837126849
-81.417741167253
31.413682725694
-174.423430735931
136.595859191806
-28.356990665584
-36.373036306142
-34.409083158595
-28.21032767688
-206.820506262401
-101.865793115305
2.28920341811
-178.735590418696
-89.887445887446
17.816468253968
-185.55512505073
20.360562235074
-110.629300820707
-26.573252756358
-29.904831659226
-72.673680865575
-169.365953057359
-178.124556812545
-83.878239002751
-57.779421587527
104.056998556999
-119.796438858451
18.014971139971
-96.735760577313
-83.348644790539
-95.663231787744
-187.342991155979
26.791506724612
-93.098304473304
-143.148157777552
-159.958706766324
13.019112018624
-38.128627936733
-93.091741212347
38.431346810741
-160.984126984127
-191.66123497813
6.969599031611
26.129862379374
-55.8490055409
-82.5627832454
-38.950023392406
-86.259567635056
-163.381571011454
-193.712031024531
131.724283854167
2.935959060471
-185.566710633117
109.200556767451
-172.964273031656
-168.809072871573
42.901486967893
-29.59335190634
50.220065470554
-201.550234487734
-161.010379323368
22.51414676903
-138.515422077922
-113.731421356421
-148.604957921852
-29.102272727273
-159.154032653544
4.410381718975
-179.043179422574
-162.32578575938
-173.988906926407
-147.523386769481
-48.342354558419
105.325306637807
-133.470348715954
-59.207591399486
-155.35301466112
-181.472680910669
-90.561868686869
-0.468143347538
-191.455910951028
-32.466027462121
-144.21808134357
-163.673242610254
-155.768197460092
-91.335497835498
-38.622294372294
-83.014048830943
-159.140311457206
-41.033196783685
-168.263958643353
-28.565285598733
107.540383607278
-174.125631313131
19.521194083694
-41.814782873377
-34.861311919417
-159.185683565566
-27.767586580087
87.366674558081
-139.327553577065
-196.463744588745
47.782467532468
-159.202180144075
-24.590097402597
103.535173160173
-54.729609854122
-193.147289017406
-91.332238399621
-182.743846810741
-43.106158544147
-85.006916260822
-101.922235398065
104.935606060606
-60.050394429789
-157.045753291847
-90.17584536774
-124.505702251308
9.740267490756
-79.77408008658
-28.721119538014
-28.502012310606
-199.439664502164
-32.290785223891
13.117687054699
-144.585108901515
2.408828096816
-193.956058210453
-172.807178932179
53.707140461535
96.834866522367
-38.851744284361
-34.869588744589
23.846588443024
-37.236381673882
48.38752832454
-42.238378483496
-196.752156751668
-159.472575222087
-47.156274660669
-152.097853535354
-102.520550087933
104.167287763235
-178.195714821203
-163.352362914863
5.494949494949
-184.047631730249
-210.497835497836
-36.555091934975
-131.366620304609
-59.876533189033
-208.44733044733
-42.017955080943
-41.354797979798
4.960518268624
-40.454996392496
-50.785964415359
-3.791305916306
108.499549062049
-40.958042337437
-96.916313666802
-174.647546897547
-195.018849206349
-165.672356235345
-2.066800820707
-195.035250665134
20.957601616049
-178.378697691198
-32.208230463113
-157.102202972808
-32.714556277056
-206.824126448638
-101.114607994003
-151.423680865575
-176.079004329004
-167.819882699766
-172.846057534046
-147.879591816604
-147.1029117909
-178.619130056142
-40.57293357684
-129.46148989899
77.995317995806
-35.622655122655
-34.816919191919
-32.157635225018
-148.558614183126
-92.138708513709
-145.88186200735
-165.82511851213
-39.043588789683
-164.88933982684
-165.231802539908
-140.882006448413
-188.838015337527
-164.634219567325
-25.074494949495
-51.420516549423
-32.891803075397
-162.160173160173
-34.243949680961
-40.537809033415
-119.865723360841
-169.053849741838
-73.563479380862
-181.801739493146
-166.674901920996
-32.086858399847
-63.542498788104
-81.143197460092
-104.301108180014
-155.665113044508
-165.481400923295
-192.204267141279
-178.419983174378
-92.408361657873
-24.758178887085
-28.228174603175
56.837662337662
-134.576819393714
-40.279852092352
-140.426234301723
-0.743243681232
-34.065726320121
94.012113320707
-91.5172053966
-30.379140878653
-197.01043357684
-25.06432418493
-194.058343620355
-173.036907157513
20.279499092487
-194.540584415584
-198.716187404176
-145.534271284271
-31.56862253957
140.333964646465
-162.632784316378
-139.134018759019
-174.282709911616
0.1709879205
4.290203232098
-162.918179422574
2.503870315882
-79.401592656475
-37.813409626398
40.764860519255
95.502066564078
22.028138528139
-156.915293419688
-36.552038239538
-197.795093795094
-42.015233952246
-38.600350604257
-175.728342295725
-177.029220779221
-28.809085554203
-40.738726551227
-158.689373506268
11.487180679563
-0.689857559975
-147.283737909226
22.39440301452
-86.438731976574
-36.13742545432
-41.659283966901
48.693542568543
-141.589666897772
-155.804042799648
-29.646085929045
-51.763610575622
-32.334075267181
-34.905643347538
-36.240981240981
-171.292748917749
7.550943305826
-40.457972582973
-159.357122424017
-87.749626567009
-87.898629148629
-39.141664271059
-191.153867779356
-26.400912022006
-83.081106827201
-155.510920448909
109.163870851371
149.29024409835
-45.658377158865
-152.522346089241
-34.156096751556
-171.073064630682
-188.909652467758
-164.409644717262
2.523338152733
-116.964728901741
-175.754939884334
-157.791383421266
-37.003808311914
-91.465375715864
-36.327643764655
-188.597755597267
24.812750129645
-117.374569495175
-28.042125355114
-86.311590373602
-36.734518384177
-105.776966089466
-34.659902597403
-154.529844341856
-27.958776520788
-34.966442465954
8.518205210588
-44.049082482188
-45.243624864719
-42.367772310155
-194.948982007576
-41.732171040765
-110.546704489087
-31.936778499278
23.063139063627
-164.014687894571
-158.652950402462
72.588383838384
-40.809822555916
-32.236173115079
-27.8384944591
-191.702388702877
-43.586100965007
105.15882034632
-41.212113461625
-175.173881673882
-171.151978772096
-186.134219567325
-179.828450520833
-41.631493506494
-141.73816499256
-113.587682770788
-36.78382034632
-26.609286926181
3.585394965278
-108.044802799197
-31.5459879205
5.595939162834
-28.718552714646
-101.973858281475
-191.936056998557
-165.748286435786
-11.060446118552
-124.09413541103
-197.178403736021
-19.513077200577
-39.378885816874
-90.387778454185
96.382774099815
-92.682892682404
-151.562870966924
-156.617722988817
-136.238909392474
-151.708173391279
-149.510121443227
-42.079643392632
-201.303313548431
-99.633688658347
-158.857776636341
-30.527355023449
-102.51711520901
-24.519882840684
-97.1029117909
-36.659250851145
14.161894474883
-81.947758486089
-198.965099868664
1.92994467555
-30.478813666802
-191.096480288375
-102.637237328644
-153.446178441784
-26.623306868912
-47.178419237013
-175.397546897547
-36.909910347899
-151.719508844021
-189.903331585949
25.331336523719
-175.963564213564
-148.354187099793
-93.577192826705
107.184696434208
-171.159832842938
-31.768488455988
-145.436119002525
-170.713216145833
9.985417794012
-31.089105339105
-197.316017316017
-103.37222461783
-160.928952612058
-102.817702696609
-157.465811152823
-168.73956642316
-144.689832194715
-73.293478168966
-159.64133170432
-180.384219567325
-0.506034818047
-93.382916074811
-187.684606246618
-187.907127215233
-198.733044733045
-94.064754689755
-24.073953823954
-37.654048154536
-29.580287388393
-126.486368991252
-93.573863636364
-181.557928616522
23.233232858721
-38.931264373647
135.505042754554
-84.799422799423
-28.020132265738
-86.036255411255
-36.162337662338
-127.712059208153
-33.874639249639
-41.606323418335
-194.110820115215
167.53490506347
54.93559831011
-31.031565656566
-133.29816017316
-148.467712842713
-132.213646650658
-198.691275196158
150.687979121573
145.298861240756
-196.915481545364
14.302288369183
139.919434298341
-174.781037213654
-170.082702020202
-34.492867429879
40.391164011769
-36.882367198773
-38.220418470418
-31.749549062049
8.628885816874
-206.986402107008
-158.692009379509
-42.619658499053
-26.87795575735
-163.468253968254
-189.914391543786
-39.624757620851
-69.362914862915
7.588285900298
-152.893931643443
-149.42299248061
-141.273879278274
-31.558330937725
-81.299623607729
-45.769488269977
-35.072503072015
-165.576901830808
-32.402695340684
27.849013291396
-184.781988410895
-161.835510518128
8.890782828283
124.123654936643
-157.177501860119
-193.500520692415
-136.341813432878
-15.758830633342
-191.961662523674
-166.493679118191
-122.550116116522
-102.366604803617
-93.194526881539
-30.943805380817
-179.572129639024
-209.946408138303
-199.432637620626
101.412247474747
-163.958874458874
144.056998556999
-29.976383534001
-165.356601731602
-176.030032467532
-75.544892986788
-34.672188542794
-155.201409322015
12.966442465954
114.033271470283
-175.552440208446
-193.535185842803
14.937881183487
-151.851278197714
-110.129251499369
-30.83187764926
-186.595300099206
-165.310245310245
-142.119060301678
-200.741522366522
-195.69400125699
-162.059626679744
-35.31658662518
6.619959711512
86.896735209235
-173.032910719922
-33.332722453328
-31.159840593434
-175.470045037428
-31.171820041937
-31.970848975244
-85.067988760372
-125.049255106872
-182.298348298837
-35.02626502187
-161.863427804834
-140.626693131088
4.766295770202
-97.28564453125
-146.525883838384
-77.412628658234
108.650072150072
-153.082812640918
-75.852986477498
-156.748585182179
-15.110299422799
-37.362283549784
-151.698662828057
-173.476801356196
-176.939963600852
-160.251685380592
-153.912005095599
-91.822327981264
-61.65767609127
-190.423984544102
-39.345307849702
-49.478285223891
-43.720500907513
-112.473513032107
-50.212288904672
-88.033910533911
-51.361028674017
-160.166223479212
-22.523969465864
23.189955498061
-8.759199134199
-30.590527907422
-136.240419682314
-33.923077736066
106.807441744453
-49.253434878923
-99.725821975334
-34.992612368101
-143.383287041734
-31.396707025613
-160.551968485074
-173.815927128427
95.106684168696
-160.354589420996
-147.156565656566
-148.167297979798
-196.70411494972
49.734856235345
115.950639204545
-38.368444489538
-34.787169969787
-92.475847692889
-155.78651822353
-181.387716450216
4.578174673634
21.323683261183
-139.433508846839
-27.632547573954
-83.018939393939
3.67975161774
-83.368486060381
-41.94217707206
-29.619338614944
-195.701396639385
-167.774433086445
-29.29416373557
-36.468614718615
-23.874000186012
-109.843704906205
-163.625298746392
-93.317751313357
-26.754078874684
-156.166367920274
-183.446706884695
-77.295031791126
-204.467810780799
-95.132124819625
-158.07233044733
-181.481872294372
-100.17576786278
16.305182122565
-34.67002404063
-201.681880185786
25.293678977273
-154.701471325983
-168.448433131539
-28.198392265287
-43.696768888663
-70.342429597312
-183.296647417253
-174.435134689529
-158.953893708288
-202.211469465864
-145.184995180601
116.188950751939
139.714113089601
-66.290584415584
11.182830678436
-35.694013939619
-182.342450030438
-158.575036075036
-32.737365986878
-35.953393448999
-95.595078153184
-160.061876437365
-174.64593127142
-33.477481286075
141.773338152733
-0.468176463294
-181.022477143083
-34.422175860164
-88.661358281475
-83.595088369747
-31.292104921988
-180.780503838609
-88.771833147321
-32.476288414277
-135.36162405303
-35.068542568543
-190.249298932404
-40.76842645202
-122.619498556999
134.600747288736
-60.746462250857
-40.197768702652
-32.319694574089
-101.55294011544
-56.326569264069
-130.953082019977
-33.858057415675
-196.667548109443
-50.284882164277
-47.067390562996
153.633214821203
-164.466089466089
-154.884810014205
-186.095155658144
-80.181810431322
-85.862845108451
-151.243506493507
-103.078901458784
-88.531024531025
-141.882011732842
-69.211157332251
-39.886010636499
-36.607122424017
109.365862869769
-193.665125727137
131.28823953824
-22.169815481827
-172.417560792073
-201.078352582747
-81.099747474747
-141.260281385281
-153.803218428707
-61.549763116658
-157.75975294237
-189.004357187951
-166.285624098124
-177.577360519255
9.97543832578
-77.67278674017
-95.452651515152
-33.624118557224
-142.744921311328
-166.051296305691
-191.832070707071
-241.618686868687
45.308879813763
-96.021284271284
-66.763056767451
107.585848369296
-33.959624143218
-35.335227272727
106.94532588722
-49.294282106782
-106.00965007215
-78.940213378202
-32.305555555556
-95.947871572872
-22.200654705538
-26.823691011679
-175.530483405483
-152.436946191829
10.469815340909
-66.565636132531
-152.260551948052
-40.086046711535
-135.720869408369
-172.658286971275
8.945374503968
-32.856593981106
-92.839896594291
47.661966695414
20.555452685335
-28.052308802309
-170.721583158595
-22.531032281521
-195.568663405822
10.364891239403
-191.907447099342
-26.198162568768
-179.415945165945
139.573392265287
-178.163932855339
-101.677128427128
-196.789862914863
-182.687943187455
-29.339473839962
-141.066898758793
6.350587346681
-30.071997880592
-202.108217357729
-34.28365265377
-137.974915167298
-132.32213738952
-154.46654040404
-172.530663780664
-28.568640506629
2.357753737148
-38.194526881539
14.823142135642
108.330635456124
-42.895575453193
-81.328581574675
-39.535977097989
-146.70087594697
-36.069707256719
-78.900793650794
45.200298887311
-99.288427663916
-182.316751499369
-184.909562280168
-42.785062539457
-174.599116161616
-173.988914676903
-149.965561023178
-132.29805730294
-182.090548340548
13.839984315814
-38.998389306006
-199.133034446023
115.236562049062
-36.3704004329
-179.549324861337
-2.594967532468
-90.356441789547
-180.901306592713
-103.362283549784
109.561077431683
-142.79876330267
0.914329539818
-176.834255642361
-2.765582019977
-91.428924428436
-48.841187404176
-167.322899756494
-99.063373339985
-0.16514122813
-127.024621212121
-33.640852582747
-33.073773448773
-33.822260692866
-153.783632220644
-36.206008889114
-76.062762812275
-27.37968975469
-169.940676998782
-32.239796119679
-120.637744633838
-156.428739121122
-90.04606542546
-117.663066913555
55.82798408189
-28.602272727273
-200.765955452967
-90.883678441784
-172.205385326479
12.808163245175
-165.344815340909
-29.392836709731
-29.948400015783
-86.123384373873
-168.92784992785
-181.965450402462
-31.235369177264
-164.881222943723
-86.03247774903
44.953352582747
-116.284562280168
-184.853166852679
-2.642975514069
-134.68481480542
-164.096147721636
-61.219779406791
45.709436017541
-28.543207606196
-82.429583925189
-124.611554298566
-29.341171903184
33.746505583176
-195.631235626353
9.244658499053
-185.495642812049
-152.82683982684
-167.445436507936
-38.482495857008
-33.154339150433
-133.014311643218
-27.460407647908
-90.591978659361
-167.556096681097
-33.161255411255
-85.497683306277
-191.550623421717
-162.631235626353
50.110688356782
-150.341630591631
-200.914875949788
-193.614996927985
-184.9181998557
-167.916674417163
-29.302319018872
-201.250471371077
-174.130328818317
-29.521274054721
-127.076138759244
116.307830678436
-137.346598659587
-47.593913465007
109.205645672687
-34.683348904784
-151.712391774892
-98.33820592927
-162.500541125541
2.92134867086
-36.578823953824
-133.454983709866
108.790674603175
-30.667019666531
-187.757603941198
-182.103818598936
7.444645252751
-36.911345598846
36.223853349342
2.597320160308
-31.249739653792
-169.397444027327
-159.734585672574
-83.217865034271
-34.881251127345
-199.374466624955
-34.857683982684
-185.9329004329
-189.989370546988
-187.694366939484
-33.801304056187
26.632194574089
-168.078914141414
-37.062958688447
-35.489829235435
-168.697302263708
-106.191107503608
-79.981421356421
-17.770903087798
-175.458443954049
-99.019328327922
-71.406537472944
-161.02190783392
2.199675324675
-182.753697691198
-146.641857328869
115.595696783685
1.355138297033
-183.645943954049
11.628517316017
-33.757042382531
-165.933088558577
139.436688311688
-93.286886724387
-29.100378787879
-164.868949680961
-118.975448542343
13.754579133974
-92.962121212121
-193.168748731737
-155.956807894796
-39.193189568678
93.400515337527
-169.516975700081
-82.750352999865
-182.848026160038
6.512265512266
-35.954816017316
-171.408189033189
-168.083583462978
-84.500262812275
-167.678182494589
51.601911976912
164.044663290269
-31.06240981241
-69.328450520833
-35.289301356196
-189.295356607368
-49.427336985931
-90.376803751804
-87.92756668245
-141.375152191558
-37.041236161842
-165.372376809389
-165.307970187365
-31.652625586219
-27.741473045184
-38.243929247835
-82.63734794936
48.688311688312
-53.489976494859
-138.498807128202
-30.352543290043
-116.658980288375
-207.714896594291
-76.20411494972
-98.95202020202
-32.586031210543
-89.431436998332
-127.118434272975
-181.292748917749
-31.414891098485
-80.524178024666
-36.69506800708
92.252986407039
-160.480346855835
-178.098214285714
-141.138515455898
-28.785263347763
-89.212121212121
-105.422168109668
-123.82502832454
-212.256050319039
-35.519570707071
-27.973204069151
-42.0126058295
-32.484126984127
43.067107317596
-185.470225412608
-28.866682308577
10.13924963925
-77.138278008883
115.303571428571
-36.996310059298
-31.026445397051
100.91523141572
-31.52816671176
26.911984662473
-27.435253060741
-44.301878297484
-162.15213871415
-167.019500952606
-83.018911210317
-147.406204906205
-94.55589587279
-159.282549969562
-59.039870665359
-78.337932900433
-98.495137620626
-72.150141904536
-193.906024531024
-27.749381369499
-82.570449190566
-97.281483219471
-40.860291672303
-137.694153448548
12.462141645247
-138.743929247836
-182.19149643759
-88.411894474883
-34.847745380704
-41.238517992424
118.935162873151
-186.575659637671
-108.1316943148
-76.036956478851
-81.330906018894
-33.99350402744
-199.114726365215
68.10072685561
-38.477280477769
-191.828220824315
-150.438873246979
-30.123358656318
-192.79511422822
-127.432547433036
-28.781655844156
14.685335497835
-32.474366291261
-92.230692105204
-0.562229437229
-210.424672929067
-146.109377113772
-157.685716681322
-33.852202972808
10.799350578892
-28.215728715729
-32.395132265738
-196.019202206214
-25.998015873016
-161.976448356331
-188.890249453238
111.394099335994
-177.58658008658
39.90203584393
-174.985098614493
-156.406215122768
-149.957279265873
-193.267434388528
-191.984577922078
-64.848492598981
-169.760301818407
-63.399538775027
-155.553759554248
-1.169003793516
-87.316455571338
-196.932088744589
-24.687652191558
-42.386072640467
-189.961108715503
-157.432748241342
-159.930555555556
-33.696338383838
-35.652958152958
-103.320168411233
-163.786013032107
9.034271284271
-156.822691197691
-168.986394356512
-40.333341083829
-102.823593073593
-23.348386910399
-112.975018037518
-103.662866105249
-98.471438717532
-174.089576710182
8.827278082161
-152.439393939394
-146.967004024621
-55.452569078057
-209.33677314439
45.667581225198
-158.56554594494
-28.924152236652
-173.115509869904
-84.073876318994
-29.744756437139
-188.004517130005
-122.314664502165
21.793300259853
-122.344599031611
-141.659291717397
-37.054132987238
21.950314388303
-179.599927849928
133.917686913781
-149.320616883117
-88.170377040494
-203.63255532445
-186.907287157287
-84.594246031746
-199.884737793673
-111.29310966811
-77.625
-42.830266955267
-154.507699413217
-95.058240750135
10.396938483608
-195.40673828125
-146.776144184591
-156.060237559749
-6.197580576975
-197.62317581507
10.15404040404
-44.106794789412
-31.973575036075
-202.563311688312
-155.265061327561
-146.202102639114
153.822400201795
15.984479983992
-34.85310484871
-141.275322279717
-206.980248917749
114.185856190251
-43.251152005547
-16.79528192077
-81.70740327381
-30.805284992785
-22.854409045815
-122.365800865801
-28.499930245536
-30.847742914637
-33.130153375271
-193.212141645247
-203.64134438695
-81.3258886296
-27.297438672439
-38.220689033189
-34.63160412721
-168.766581833965
17.870691428797
-80.793560606061
-191.987214147614
-150.739741513911
-193.663157101145
-95.172451355069
-46.960317460317
-83.523961715368
-34.209984893579
-170.123675369769
-138.140151515152
-35.259900201795
-91.360000676407
21.247593118687
-32.710858585859
-35.039301356196
-26.305104617605
50.983307545319
-163.114099984217
-76.222402597403
-191.484126984127
7.571881975446
46.881743636138
-96.736329886476
-35.05312049062
-31.121052179158
-33.290764790765
-150.387696017091
-112.06509500699
-5.867326304338
-177.874917562906
-150.90873015873
-74.450749825262
-161.0459879205
138.407545037428
-189.770755828373
-42.979375225469
-101.770111832612
-146.108217357729
-180.792957476551
-97.22418591608
5.675602988591
-27.927689985795
-187.738443305826
-35.947178255772
8.817648443137
43.566656379645
-108.699667574179
-74.637383883478
-104.820227949134
-95.290313852814
-28.724033724522
-32.548673115079
-175.529413837031
-37.034992784993
-30.391406390918
-43.081988269977
-155.111402107008
-129.212100778995
-34.660263347763
-42.180978309885
-170.424582741477
-39.13006318768
-150.913628472222
22.156377530889
16.393771701389
-31.779499092487
-48.009449263844
-150.213363052963
-209.878143883027
-29.936587907535
-148.555096867109
-188.897837893443
-68.00937950938
-95.542215542704
-37.215638528139
-35.882565541013
-66.320436507937
-194.483864171852
-31.025100333694
-191.153249148855
-104.279663966676
-30.601989481872
12.519954356624
-177.151613089601
-85.996835683847
139.913247288736
7.733954359443
-91.42966143015
-196.373634503517
14.943813131313
-15.67323767812
-29.473394660895
-23.397018454636
-77.923180606286
-161.818181818182
-120.073021298363
-151.938208818092
-67.914349972944
-29.977102568655
-206.014131268038
193.082459641053
-35.686958874459
-188.863463738952
-179.564110693994
1.29336754825
-34.133477633478
44.052489177489
-194.858134920635
-113.591622841135
-186.060044501939
-25.752886002886
139.984109017068
-28.084054834055
-163.882117069129
-23.771444213339
-176.324134199134
-34.668047664141
-103.466800750248
-9.050206304113
-119.221959409948
-184.458333333333
-14.898538961039
-146.343462527056
-71.768570893083
-35.966519970914
112.322338197826
-156.640151515152
-175.687958688447
-75.570186378292
-168.574855699856
-73.913399480294
-30.186335311824
-155.154213028725
-39.61562049062
-138.715367965368
-101.02703584393
-73.662407416802
-188.929022366522
-196.287968975469
-142.057199365305
-183.193743376849
-168.855457476551
-41.194797444309
-166.853053765896
-174.609188988095
12.895652958153
-173.650863405258
-148.843947285354
-71.455114763709
-54.256341314935
106.712925149937
91.175968671086
3.507678627796
108.366532583085
-37.308884745896
-72.173528674017
95.242213217555
-0.586149581755
49.117243867244
-1.087399525388
-71.114087301587
-33.944727689845
18.326381138393
-73.454385512491
-199.95681282693
-41.420031791126
-158.912690662202
11.715909090909
-93.979104662698
-85.526522902011
-33.043310476416
-36.370137620626
195.774891774892
-157.635649886138
-178.577922077922
-160.127512569895
-37.354499233405
-41.335345643939
-39.275350463339
-88.711031210543
-31.0962174761
-183.757485569986
-52.149252711264
-35.861193548205
-163.274198457792
-151.271444213339
-187.372593118687
-160.125188125676
-114.801497113997
-159.057449494949
134.457160894661
-154.061876437365
195.168913605925
-180.672147676542
-121.505772005772
-90.867885396938
-74.348402411391
-199.219336219336
-110.127682728513
-107.769740865688
-181.806026926632
-180.180924056412
-181.398150027056
-159.433060374955
-180.173430735931
-157.971750851145
-69.090035398629
-31.864205672799
-149.806444748828
-185.001094933712
-112.999077690972
-36.913301542208
-172.887445887446
-29.957694269706
-36.403478845373
-182.756145438763
-174.786837755344
-31.173603360615
-77.744769119769
-60.06468493529
-92.288981472087
-33.86831836783
-161.550512801001
-141.368297934704
-85.755140692641
-29.658477563019
-32.141303520698
-36.617625050731
-183.950847763348
-36.433629684118
112.618297934704
-109.975759971365
14.210397431345
-143.715679746686
-78.515048644931
-185.926878297484
-115.305132801227
-49.252236722696
-77.827548644931
-160.26712789164
-27.618777056277
-139.413059163059
-27.631014384921
46.149448587437
-27.70402476213
109.936876437365
-123.919663290269
-161.383207070707
-34.355060792073
-79.875172624684
17.126004746122
9.517947330447
-208.332513894526
-189.396727458739
-196.874827375316
-36.080184518173
-14.02273748929
-50.000651746257
-34.983302613185
-36.25686200735
-196.718795093795
-60.771827862892
108.484467301362
-160.255710001804
29.76117304462
-34.081928732075
-95.910984848485
18.817488501082
-180.716200086806
-31.709047083559
-37.493243681232
-248.898789090684
-206.224103478986
-33.40060305905
-154.000623562635
-147.977169857053
-56.739726365215
-39.409451659452
-104.503308757215
-142.591913837031
-40.267857142857
-183.314656751668
-192.91628548318
109.062327375316
-141.453463203463
-158.165764790765
-162.520111832612
-87.046093609082
-29.487914862915
-174.195266349319
-191.831972768984
138.811515687004
-22.03181578621
-38.275334962347
-177.855511730023
-158.034070475965
-37.620588558577
-87.481519294508
106.969529277146
-35.067439884334
-34.85082972583
-160.04528192077
-91.492063492064
-40.056998556999
-153.564767372385
-28.884399942505
-36.32711038961
-33.882145252751
-184.467094212211
-153.374556812545
100.161966695414
-15.5884944591
-137.569083694084
-36.948051948052
-157.021013708514
-194.948420448909
23.441378066378
-175.74033724522
-148.62644546751
-137.982323232323
-37.066287878788
-161.501713564214
-116.133096449991
-165.747585368191
-89.67088505028
138.56050812252
-155.066759249865
-73.232954545455
-90.90865265377
15.603818598936
-192.552030489042
-141.85102278364
-194.524600778995
11.089473839962
-181.211788645382
-209.516684704185
-129.233212425595
-123.656797819151
-164.033121744792
142.14755711411
-27.393841455853
-184.082694269706
113.288961038961
107.265713073819
-197.641865079365
-205.676870546988
-28.282134965729
-169.704635642136
-45.61326786278
-202.694694574089
-182.323793881899
-78.144279711174
-163.641782642271
-119.378406695301
-38.123930431548
-45.143037518038
-163.111283735795
-153.904290533685
-28.003705441694
69.084227458739
7.899538775027
-155.714909276921
-36.933080808081
133.720147907648
-38.82911494972
-186.115710678211
-73.675337357955
95.612706304113
-85.414785409903
-161.147997835498
-39.57674963925
-189.757034632035
6.507122353558
112.742584184479
-37.21358464669
-201.520132265738
-44.404568846952
-33.297871643331
-34.590247128089
-98.995851370851
-145.643217893218
-150.68558562748
59.265221269616
-42.75468975469
-105.114468485074
-136.6038883534
-166.951569264069
-28.376803751804
-28.579934388528
-192.457153144165
-169.161054602949
-41.115981240981
-191.557637620626
-176.13150125699
20.715625845509
-202.330640388258
13.131792252886
-22.552316552805
-171.492591934975
-173.968962786346
-39.098657473169
149.46705334596
142.653236466225
-35.780004283911
-163.208243145743
-160.678272682179
152.27005229471
-155.496372063267
-43.499569495175
-159.0
14.446899942505
-30.296454359443
104.787580041486
-172.518410951028
-37.427246798341
110.60119047619
105.348124098124
-167.144570707071
-160.732330982819
-135.19715007215
-107.897907647908
0.069013939619
-157.575577200577
-28.398095773584
-173.145722712617
-120.905483405483
-182.962724341631
-95.328282828283
-96.933441558442
-25.846681096681
-186.496281875676
-38.88273569963
-154.700819579726
-79.619227994228
-140.573433131539
-28.401968555533
-163.265159265648
-72.208062770563
-101.219336219336
107.958333333333
-159.118583998467
-135.75687468998
-32.475649350649
-26.387814388303
-91.905212842713
-36.00268519458
-78.873536565431
11.649961529356
-27.802100243506
-74.568911069399
-29.241432178932
-37.799319929203
-53.265221269616
-36.552489177489
-32.609655427038
-39.75277538217
-131.449044011544
-155.326937764926
-202.518759018759
-188.824224386724
106.98088023088
-112.701581946699
-31.694341574224
-149.569256318768
-47.937237187725
-205.908722408234
-157.000528442911
-98.943653189259
116.682078528026
-156.203393448999
-161.871031746032
-188.330184518173
-31.668027231016
-164.55286261048
-41.106323418335
-105.645452149847
17.402519897637
-27.915834545229
-193.160013218119
-156.16827736066
-115.013327330222
-37.497113997114
-184.847312409812
-96.054924242424
-168.016684704185
-186.432817995806
42.312961154514
-155.848935786436
-172.282369594381
-79.039494414006
130.635551948052
-166.774268212256
-99.959083017677
-160.656287343299
-32.964937460543
-86.724595283189
-146.24591337482
-51.640762395157
-37.898005585994
7.656843969832
-51.6709879205
-101.468676722583
-103.488275613276
-89.883034446023
-162.5238997114
-159.548000231106
-96.285340852724
-199.145140016234
-40.90577440138
-147.893217893218
-155.286886724387
-51.856854327313
-207.811618557224
-33.835387214782
-175.739989177489
-36.773018268624
-87.796093609082
-123.723554602949
-97.570915629509
28.590909090909
-168.931297489403
-93.276314343209
-31.387909508027
-201.455648138754
-210.324577386589
-92.806990806503
-114.077569078057
-1.478903854392
-149.637453637942
-181.349505095599
-139.231158544147
-38.209054834055
-86.700404575893
-136.995851370851
-163.332000952606
-191.764708327697
25.620949308938
-151.857475423882
-179.017857142857
27.498023623512
-144.611639554022
-163.908389841495
-138.365731111337
-105.526432714421
-34.013991759109
-174.448683261183
-133.058642366748
-35.248626753021
-92.260101010101
-33.708776520788
-174.211031210543
-205.415141228129
-207.485016177399
-34.226198226687
-196.302489177489
-172.480547664141
-99.150322279717
-111.269851486404
-168.449577386589
-36.064053622159
-80.918908673791
-198.548513173025
-156.639159451659
-41.934606246618
-16.599046407152
-65.707271515377
90.257026881539
-89.977272727273
104.704385512491
-39.762827070933
-203.658918284407
-146.166906579748
-82.56631606241
-101.041834359217
-159.072302263708
-177.391414141414
112.808810059298
-37.041584229573
-86.598214285714
-75.471590909091
-104.506222943723
-30.811136969584
-154.670364357864
-32.599226782332
-30.470967346456
-84.576679884785
-184.808093490711
-26.421606551001
-206.018488455988
-106.21705334596
-29.555493551587
-149.628316507711
-110.223595469201
-34.636634199134
-84.867715238321
8.840265095148
-161.559080622069
-136.3363997114
24.877677444084
109.434145092104
-196.902236652237
-152.923278544372
-45.512786204681
-114.139950706845
-38.79799248061
14.941037749143
-29.938935250947
-26.979499233405
156.890321673769
-31.53784813819
140.226198226686
-91.537718845824
-170.727563723169
-34.864788369183
-90.857212611607
107.69752878957
-78.990968558351
-92.917588975694
-165.848943536932
-35.668269610164
-202.642037704049
-162.990419682314
4.0618066829
-212.742584184479
-197.075675138663
-85.582083389701
-76.749291181908
50.184673535015
-42.418282292794
-139.987721805105
-147.63457256719
-127.982343665449
-139.18090855542
-151.341991341991
-52.016040708424
-34.498023623512
-37.902118281025
-40.176246984352
-101.00199187748
-154.809191242785
-28.397956969246
-161.662046666441
-26.995670995671
-1.365367894909
-117.969065656566
11.292908859803
-44.203270145653
-157.457529395518
-113.403416841405
-144.831248802196
-45.864455802444
45.955619955132
-162.256042568543
-143.987213795319
-39.024899525388
-163.369678932179
-30.152355023449
-80.253795629284
58.389360259966
-42.478182353671
-100.91647854099
-157.053751803752
22.983335728941
-33.488976680871
-170.696518759019
-84.337031024531
-36.970431153048
-72.606699669688
71.820526695527
109.524428154311
-36.565767186373
-151.555202555691
-39.139999323593
-32.790506910624
-194.783722408234
-179.551133897569
-186.066177258072
-164.487914862915
-170.778290719697
-140.38264551204
-38.105589234984
-186.344336219336
-34.116362424468
9.8131933171
-121.097971906566
-114.553739121122
-42.037718845824
-68.58427360942
-142.168490851596
-152.88246513686
7.050386679293
-168.62700456011
-78.054645929158
-33.763437950938
-90.939283318678
-18.271005958018
-185.416777287383
-38.862886679293
-102.343434343434
-182.8471940386
-37.040161661255
14.870570591518
-150.995338428932
-38.068903318903
23.597513218119
-161.461930620378
-105.632117069129
-96.786984662473
-11.242083925189
-23.719354186395
21.619658499053
-95.697892005997
-69.176685239674
-147.69037825239
-31.61162405303
-197.214022902011
-167.224595283189
-1.043047664141
-194.632727949134
8.259108946609
-92.331898082386
-149.196338383838
-49.758748196248
-39.318184284249
-33.282315340909
-143.420467228084
-158.307730274283
-106.059773939168
-177.151875901876
-160.858683796672
-96.106228298611
-103.779110158505
63.80294011544
-132.486742424242
-34.134737793673
-36.360770793876
-107.04537210836
-35.688762626263
-157.996933621934
10.862270867154
-27.846430967036
54.484930921943
130.557712307224
-146.384670505276
-31.396526650433
-87.048438486427
-83.339896594291
93.085379464286
-28.809995180601
7.108405483405
-183.329725829726
-26.436958874459
97.79885349026
-30.570609132621
-161.365087115575
-95.14755711411
-195.872557184569
-193.795544733045
43.21150258162
107.648729552782
-198.010621702516
-36.153306220689
-20.229256854257
-122.407106782107
-184.442488501082
-162.251525438537
23.828545640557
-190.491973304473
-93.694686823593
-125.792498788104
8.821150258162
-170.172240330199
-192.123938182044
20.482405669417
-42.112706304113
-188.144037332026
106.233606291712
130.526973839962
-188.065656565657
-99.484930921943
13.478347227859
23.421614301497
-41.753878066378
-29.542035167523
149.229797979798
-85.558232999639
-117.880333750451
-31.834145021645
-139.718434343434
-150.025234558194
-146.434072871573
-177.699953637942
-96.848935786436
-36.730388426677
-139.52391239403
-160.51712789164
-191.73107328869
46.718253968254
-41.769238140332
-192.489448051948
-29.916416537022
-147.245789366883
-59.460948773449
-83.240099798205
-99.019230389836
-161.473193852588
-85.791187545094
-142.042748917749
28.036247660759
-154.664244284361
-191.681547619048
-142.17803030303
-85.062930504825
-20.634920634921
-170.534902597403
141.18567581507
-39.589313897908
-33.157738095238
-33.223095914502
-102.614836985931
-95.450577200577
134.439213564214
-136.006320881809
-145.676677489178
-90.881833823728
-142.485381859894
-95.793352047258
-38.004426942415
-183.373654936643
11.338937646555
-186.544892986788
-50.117674372069
-86.934363867469
-27.609036796537
-86.422446422935
-32.764811197917
-168.466061282468
-164.268676581665
-132.533812595824
-32.233593609082
-26.86182239527
-175.36256186305
-184.906565656566
-43.860758111246
-32.845238095238
-89.644869453463
119.612656982774
47.376886188898
37.201466393849
-165.375721500722
11.36544011544
-174.695969882982
-186.657349161255
21.654248962843
-159.806880185786
-37.536157473169
-24.680457617469
-34.077569078057
-146.209034400929
-82.922340734352
-25.1730826682
-95.224665037653
-37.218684473079
-173.197954009966
-142.853277473395
-27.132964691558
-173.78632516572
-47.739996927985
-38.492792743281
-145.046807359307
-157.349226782332
65.84422559862
-107.442029812635
-113.628615254104
5.771165900072
-45.267045454545
-74.467643088249
108.091457966946
-76.545552483541
-173.524350649351
-29.150330030213
12.431006493506
-169.875803937816
-63.852190290179
-183.409431226326
-103.129140878653
-191.415030607413
-195.122913002796
-161.08676046176
-147.626602943498
-44.294635106647
-89.108065166171
-71.93255236517
-36.356810290404
-118.637696017091
16.468877530889
-28.487644300144
-35.378808311914
-30.612180679563
6.085309709821
-206.191287878788
-178.623737373737
-165.484688542794
-182.260904947917
-39.345155658144
-86.838100592983
-26.636363636364
-177.442550505051
-35.612747170364
-31.164940419823
-90.817923938041
-107.496843434343
-171.065218310336
-181.927960548566
75.077769886364
-150.536263161751
-34.552870360976
-133.436515687004
-35.075675138663
-160.943570752164
-35.711281340188
-195.371580622069
-84.631846506358
-159.073039265422
-43.350649350649
-166.691821253833
-187.366702741703
26.894398082386
-176.457050273945
-30.761974516369
-52.313131313131
-127.697670764565
-162.477440419823
-95.671724922213
-180.052571614583
-32.434593563988
-184.310794186282
-128.803280432675
0.023090489155
101.276424963925
-39.761786390693
-11.691107503608
-13.251615626127
-148.910832656926
-34.522575081169
-156.838592397186
-38.212940650929
-175.046508612915
-27.491762279604
-197.578983895878
-41.028519711625
106.145903087798
-101.331246336129
-86.41703763359
-25.7113997114
-158.776695526696
-74.387195757801
-145.048590677985
-154.080426897321
-47.739095052083
-46.94867304462
-154.563229251218
-67.151633522727
-194.464466089466
-202.950687821293
-156.879800375406
106.616875366387
-187.562708558802
-37.412317229212
97.632044848598
-188.251631127119
26.685147372159
-89.313492063492
-30.598513032107
78.687327375316
-26.811397315792
-22.820096190702
-185.897657518263
-180.78104496415
15.841007028995
-143.659992784993
-167.886183261183
-130.713203463203
-42.325757575758
-32.131506189123
-110.080565701659
16.032988224883
109.395833333333
25.467339409722
-31.542104921988
-156.265942770337
-54.216880721275
-28.083894892
-31.875863475717
-35.218697155709
-88.121593304699
-5.186405066288
-31.623258252165
-121.297626798115
-101.917269796176
55.707501211896
-36.914211168606
12.660095655213
-40.175615671221
-160.341630591631
-23.478166852679
-165.072322696834
-182.126254875767
-40.033098845599
44.118596681097
110.046877113772
-37.077352768759
-195.838543780438
-93.326306451795
-91.031483219472
-160.819882699766
-159.807078528026
-35.998106060606
-185.043748731737
25.489739047845
-39.895204486269
42.223214285714
-135.15567153116
24.412165037653
-187.645189337572
97.320456941062
138.308240750135
-33.180916305916
-36.539411976912
-199.309060188943
-38.044114414232
-39.566488687094
-26.824974071068
-174.242063492064
-44.534381904987
-153.255952380952
17.664960852949
-39.464929710047
-161.600461224973
-39.462662337662
-181.376082251082
-39.612311733405
-96.503434878923
-153.885203880321
-47.111041356647
-190.582431457431
-32.182256437139
-157.185974561463
-37.69524838226
108.583410838294
-159.235307173295
84.020029395518
64.388819134425
-41.109951355069
-110.530656030168
-169.739357864358
-39.097332842938
-187.057462177579
-155.757284761679
-27.791944979933
-151.525883838384
-29.048881673882
-32.134990389385
-32.610000676407
-154.282717662112
-150.428751803752
-63.114517806412
-82.985229668335
-159.052107994002
-40.659985034497
26.861502511161
110.265602453102
-101.989628427128
-144.871863867469
-197.579988642
-182.387445887446
-28.440135873241
-45.84308134357
-145.244588744589
-101.293900923295
-34.033828096816
-38.609036796537
146.118346551452
-47.600018037518
-30.433441558442
152.930387863005
-103.180202555691
-37.247552252435
-41.866444861562
-145.970238095238
105.884923100988
-186.585067330673
-37.557080994093
-105.114448051948
-28.967163966676
-92.562932970892
-41.599304287293
165.715996812432
-154.519730649125
-143.278839595734
-42.720209911616
-146.113886493281
-153.956251268263
-180.349448728355
-142.487546362058
-198.484668109668
-176.365891053391
-193.864620676632
-94.166924546807
-19.973775844381
112.697361097019
-179.020222453328
-154.909021154627
-32.087023274035
-100.331369639475
-36.613074804969
-183.54806998557
-207.905733535128
-178.302731556638
12.217171717172
-38.38484312996
-36.034240634582
-38.476744284361
-144.588265467172
-176.072088068182
-182.837904716811
-28.444715007215
-208.089937460543
-35.771583017677
-167.300214054609
-118.067911255411
4.645390145878
11.264447981489
-36.095418470418
-195.942390562996
-27.272897431345
-26.739891239403
-34.623979752886
-153.051999839353
-179.852362914863
3.012543825532
-36.04050197849
-39.070346320346
-149.284353721365
-189.421085858586
-203.037329911842
60.89898989899
-146.464285714286
1.537968975469
-29.528867779356
-172.94496513686
-99.479277287383
15.486642020089
95.918297793786
-172.815746753247
-88.401064213564
-162.705254272637
-33.808359121347
-31.641983450577
-156.139721010326
-164.17575518015
-37.832619583108
-18.201188080583
-98.874902061914
5.10760154559
-30.687131499143
-103.770472582973
-179.782016594517
-165.950847763348
-90.151883652372
-163.966991341991
14.49800812252
-99.978285223891
-186.925783363772
-24.639159451659
-38.805027112644
-37.65873015873
12.403478845373
-38.815574128562
-9.155926592938
-52.974837662338
-194.608495670996
-80.33343127142
-28.229076479076
-175.495490620491
-162.996310059298
-87.40098177647
-129.525010146104
-168.115017361111
-201.04547497858
-174.414592352092
105.496560188943
90.038267721861
-153.222582972583
-90.109155167749
-41.876623376623
-184.765499582882
107.470861657873
-184.332160894661
12.16369047619
2.395480333469
-48.072129639024
-95.209526205132
-29.064455943362
-67.165752108135
-109.049152236652
-37.709804518398
-34.038059163059
-142.823044197556
-149.351571659677
-167.16838023088
-207.449683075171
-150.350378787879
-31.295627170139
-118.979499233405
-25.765873015873
-162.519853952471
-39.832333519345
-199.478076665088
-149.770382395382
-44.84604978355
-33.064473910421
-128.475579596185
137.366079179067
-27.176566868461
24.414654356061
-141.520111832612
-32.111224197894
-29.960137085137
21.345217662112
-39.762987012987
-169.028236466225
-40.257305194805
-36.999438441333
25.04663720069
-85.409431226326
-95.574572454455
-146.945964950848
-34.021833147321
-147.004231066243
-193.594807590413
-31.78038300133
-116.524788904672
-165.915486477498
-100.333415770428
-157.934503376398
-154.848046593164
-40.542285297168
-82.532830748895
3.766143578644
2.838133708739
7.741542799648
-188.839015151515
-166.053550995446
-156.621642626037
-94.060966810967
107.481488644819
-186.860951169057
-77.823232323232
-35.42603842555
-82.404408904897
13.246675741793
-27.082884861449
-32.175865800866
-35.440115440115
-168.041666666667
-29.50868619228
-98.964576710182
-205.634206884695
-38.679383116883
-97.881583694084
-159.516233766234
-209.393586394075
64.556539868552
-32.37022005772
-30.341901154401
-136.301837431232
-196.164875597493
-29.423691082138
-192.537407416802
-140.170712425595
-189.238976680871
-25.481441789547
-42.731511544012
-35.847750665133
-33.332980333469
-202.002795815296
-33.687567288397
-100.228715728716
-159.545614487509
-150.239989177489
-38.527257085363
-181.106789857278
-174.646091213474
-165.342282337888
134.953102453102
-93.67402118281
-87.63047325938
-34.459312714196
-136.436948657896
-189.251443001443
-36.554535308442
-29.422590863997
-33.282184287067
-165.966913837031
0.515409395292
-66.344446840052
-181.977272727273
-32.673791486291
-49.378775196158
-137.783279220779
-73.238636363636
-48.095987779582
-172.778208282603
-107.601551226551
-136.419310290404
-106.79347041847
-35.792228225334
142.807106711648
-27.138445701434
-207.797521109533
-34.786075036075
-36.077270331665
-36.071248196248
-93.174520737509
-39.294359611742
-132.036533724522
139.658286971275
-154.430444934839
-89.38961038961
-155.07520869972
-144.645480333469
-173.013798701299
-149.864066868461
45.294650607639
-180.795245986652
-2.537046666441
-200.314213564214
-177.213035770653
-206.793501068159
-34.914855164367
11.065233811328
-196.714564027552
-5.782385095373
-195.147484893579
-85.817931688537
-170.307351556863
-99.760281385281
-31.645140016234
-194.755050505051
-198.422340734352
-34.787067099567
140.622446563853
-141.785624098124
-143.830156334551
-70.738015267068
-35.826298701299
-33.253697691198
-34.097124284136
9.672430921943
-158.729158916171
-26.949314574315
-187.829172021555
100.184291646938
-9.791937229437
-156.655733535128
-165.616244053256
-160.597763347763
-96.919573102679
-40.756673881674
143.40339112385
206.146825396825
-1.191177258072
-201.845848975244
-178.865780432675
-84.997204184704
-163.438832380727
-43.021387141504
-120.018187243529
135.89030370671
-72.392143392632
-165.510103476168
-149.735319855925
-193.833443954049
109.714285714286
-35.573662828057
105.224348324202
-173.61283771025
-174.403970649576
-33.76444269706
-175.047508426903
-188.364370546988
-31.098242469336
22.137257761769
-120.330164085047
-156.483114487509
96.264041080447
-167.89699802151
-182.75487012987
109.798799236788
-33.23826786278
6.998619002525
-173.255390822285
-24.734217171717
-192.38638406949
-96.282475282964
-33.369338614944
-47.147887214782
-190.615239307134
-157.723582786571
-157.76702502142
-162.654220779221
-36.232122424017
-193.117043058938
-48.607934112329
-96.735299422799
9.022887214782
-198.694444444444
-162.351613230519
31.814484126984
-136.241903550009
45.090287994341
80.967159034542
5.862554112554
-168.491321558216
-203.268287647682
-36.132277011183
-96.361721991117
-40.557088744589
-33.768849206349
-157.019112018624
-34.810523623512
-197.01643457454
-33.884018759019
-164.461850649351
-30.41646585836
-45.674430549919
-41.02198533888
-152.44410412721
-0.017947330447
-106.140442511048
-30.286177906295
11.025041500383
-36.458423520924
-47.853916537022
-184.717073779086
-91.178050736156
-141.522554648043
-32.844336219336
28.203653795207
-170.893959827065
-37.904200346095
105.706148398043
149.521013708514
-166.274288645382
-147.908106596095
-157.077762135868
-23.835505585994
-166.634018759019
-39.430014430014
-142.233683796672
-175.838744588745
-203.292305730294
-193.855720288826
-34.660263347763
-41.974469161481
-31.031495902101
3.937257620851
16.53823953824
-28.146194083694
-155.141594516595
-174.179375366387
-54.017498858563
-147.43531506471
-6.994047619048
-31.063151746257
-28.649461270067
-154.935698714263
-190.268410951028
10.536317415224
-192.944653003247
39.203991646374
-157.531836219336
-159.423984544102
-179.683073057585
-197.180354747249
-158.511203694309
-187.308073057585
-87.381764069264
-142.980957735841
1.233225108225
-142.945887445887
-32.443542568543
-149.601002350514
-37.087371341766
-83.826458643353
-37.026785714286
-44.236193548205
-95.05127552027
-89.614440301452
-99.790777473395
-93.924873737374
-28.252983940972
-152.063143995761
-175.805014430014
-146.70985877187
-94.802045990034
-94.603354978355
10.149981962482
-79.854326608721
-36.19523569963
-36.639783014295
-90.979277287383
-59.871392496392
-34.39717839669
-131.088193246641
-107.762994763483
-30.86438604798
-118.280462972358
20.628074128562
-40.736471861472
-170.140048644931
-35.876955943362
-34.831099076705
-150.85120315882
-100.985049293155
-161.192628010011
-159.469308035714
-19.292408600514
-174.797368917974
-32.963806592713
-41.259297072285
-201.190448006854
140.265061327561
-191.1017936057
-32.581230835137
111.09241409632
-131.51892671131
-161.335740214646
-167.398067589962
-158.012556508162
-178.379156379645
-200.436039031498
-40.717630405619
-156.880800189394
-97.067661125767
-76.482060420049
14.706591585498
-34.874902061914
-85.109397546898
-16.966622841135
-188.232052669553
-42.958243145743
-83.811139435651
-200.977022597628
-163.71557652417
-53.154831659226
-48.036976911977
-121.526216405123
27.702811457206
-192.31842419733
-36.794843665449
-186.220398037293
-165.122384559885
-36.04111779063
-36.342955221861
-36.846750851145
-34.251733997339
-101.233495670996
-37.27807652417
-37.709595959596
-37.739528022975
37.262543825532
-184.472943722944
46.72591991342
-58.180014430014
-37.711850649351
-172.366792929293
-0.40853710092
-76.397095959596
-124.273088023088
-152.490628241116
-84.042187359082
-194.241079179068
-201.496364312771
-26.236659987148
-157.78851010101
-200.520743145743
-160.706349206349
-164.523469206575
-143.896116578734
14.773188427241
-71.084062584551
-86.001094933712
-74.325368641775
-142.268759018759
-161.486291486291
-95.672278730384
-83.027154215142
98.433523995536
-31.367694805195
-191.108856421356
24.14900258162
104.277867965368
-39.488837171943
-31.385281385281
-189.527396594291
-3.794081298476
-89.330787647682
-159.88437950938
-39.574306823819
-196.87308562748
15.523907461896
122.814656751668
10.226512826366
-196.465556091044
-184.000819438808
-40.583603896104
-155.866792929293
-82.131104572511
-145.477932224026
-217.641311271194
-194.155741285624
-170.947518573007
-181.226641414141
-31.268127705628
-188.159742655348
-176.94018519458
-172.532549969562
-35.005148443137
-137.43759018759
-168.886343203238
111.227994227994
-205.651244588745
-152.2931998557
46.5006933171
-115.499198528251
-141.642697200803
-160.695256132756
-180.399559208153
-76.438492063492
-132.287871037383
-171.657848715954
-112.919462481962
-41.231934298341
-42.132222757711
-67.916048036165
-72.968532281521
-29.108946608947
11.853548036165
-51.913592538104
-77.105277101371
-99.491965553977
-174.571871758883
-180.727826535444
-33.155483405483
-153.421253551136
-177.448655077561
-155.071761138167
100.434683751578
-38.914239352228
-36.315754503743
-85.894668645157
-93.92585805037
-47.661525974026
-124.275149655032
-90.751713564214
-147.386994949495
-28.603903854392
149.1077946034
-131.793851601957
-3.82423213722
-36.388520388032
16.135268702652
-197.424340362329
-33.730048109443
-97.402527648133
-149.523719336219
-170.273358585859
-165.850468975469
-125.830295138889
8.402519897637
-30.259732509244
-204.744776870265
-144.305833868822
-157.989254994138
54.852102568655
-34.667285297168
-32.989448051948
111.892875109916
-185.391622700216
-28.493326118326
18.460936090819
-85.715520156926
-37.380939698323
-192.999930597831
19.225821975334
-29.790396289908
-184.883768629374
-175.970230344742
-25.065303565792
7.37795575735
-67.197954009966
-184.312672624684
-107.840257344652
-149.597595655213
-161.323051948052
60.392045454545
113.673260577313
-41.304826304338
-169.553821558216
-193.657099031611
21.59804166103
-110.470709466315
-96.448232323232
-143.336768212257
-169.905483405483
-81.059864126759
-112.816939625045
-29.312028628923
-154.255944630456
-171.198753015648
-27.327458457341
-202.697080317686
8.643235860277
-160.859487734488
-59.932269119769
-147.514179884785
-31.945707070707
-30.357052669553
-204.379849696744
-30.918179422574
14.443730694219
-51.973456664863
-147.784348789232
-99.326195831079
3.148927895022
-39.066939625045
-111.722853535354
-74.081181513799
-40.586752711264
-36.218614718615
-137.692079133974
-40.785714285714
63.689844877345
-28.864808802309
30.853625541126
-84.691926942415
-165.753079060696
-158.718434343434
-30.064316434434
-161.016135828148
52.428210678211
-88.272624402507
-134.338291184727
-177.551697922303
14.559601314484
-159.802460993867
-28.405393217893
-31.813762626263
-86.303288183171
-81.25816585216
24.260551948052
-28.664149164637
-30.852022597628
-77.026146650658
-26.516414141414
-31.144480519481
-173.32233044733
-188.881583694084
-172.210428081034
-158.789522597628
19.214744402733
-174.95225729674
-150.301754994138
-154.152929969336
-40.474025974026
-159.87518037518
-160.437489783437
-32.583614112667
-29.652236652237
-90.577741702742
-32.121281875676
7.941349882756
112.533570216676
-28.625332566739
-25.828303261409
-197.675927804834
128.395472582973
-28.094975282964
-153.054092120987
17.872564935065
-38.208325582837
-33.193071197466
-115.860562235074
-32.715818903319
-77.828102453102
-99.75477994228
-25.708403087798
-81.092733275839
-149.187249870355
-26.607982729076
14.161232512063
18.084557559411
-157.83630952381
-73.143576177512
-93.027326839827
-40.65520262615
26.276713493755
-155.678571428571
-190.403208282603
85.348935786436
-185.20462789164
-154.986191082138
14.826561513573
-210.969246031746
-124.870670995671
-183.68377412518
-163.296696738591
-162.506666131178
-154.985317389858
-32.22095959596
-96.558642366748
-178.436044315927
-185.875881442776
-117.543712797619
-168.063754875767
-118.301308988321
-195.83065588925
-121.240239307134
-158.498286435786
6.055575988681
-178.355429292929
-114.42306998557
-74.938394125406
-33.296536796537
-81.811569940476
-29.705197200803
-129.233696479302
-71.476293346411
-34.349587532693
-78.086822465729
52.799631358225
-172.396103896104
-92.218406159812
12.192640692641
-33.363558858676
-157.262974330357
-33.735840548341
-131.039571918966
-156.280844155844
-140.466097216586
-144.495490620491
-24.936969091022
-37.245830937725
-160.873716940611
-121.731060606061
-179.266865079365
4.720591095103
-42.307240936147
-205.564914631809
-98.644508703102
-86.175595238095
-204.401806147412
12.082341269841
-14.560786435786
-51.477210723304
-204.605416610299
-189.86055730294
-74.622003376398
-105.758178887085
-168.005578947962
-139.04060484871
-38.701458643353
-91.395493016098
-95.055014430014
-79.732941862825
-166.09441865643
-86.85101010101
95.188394125406
-176.605449726055
-146.211129148629
-36.333353766459
-185.43731962482
-141.95870183419
-68.023018268624
-33.426046176046
-161.811085182179
-120.328373015873
-144.912054416937
-38.928939929428
-141.408078412473
-153.874930245536
-35.367403809298
99.173520923521
-32.639770331665
-36.731720102814
-148.05295279807
-99.554390867379
-35.030844155844
-136.302128427128
-206.997863681457
-149.987634083581
-35.582972582973
-160.718053159948
-188.761363636364
-171.728976074923
-150.876180189168
-184.128885816874
-34.903970649576
-34.615460548566
2.929112554113
114.662067099567
-27.789834731241
-143.806444748828
-98.21027624177
-154.127963507846
-170.170524299919
-102.082980333469
-89.496482683983
1.606491110886
-145.101641414141
-163.144508703102
-154.366244053256
-157.538051412563
-30.744047619048
-85.492231184614
-33.625232162586
-36.982934112329
-169.065955312049
-194.684101055195
-34.647727272727
-197.274059653454
-179.165826794733
-95.008637575532
-113.847644976551
133.602293160399
116.040434690093
-82.439393939394
-60.102481286075
-90.680375180375
9.600448542343
-31.673811919417
-96.088576896194
-34.727445351957
-189.675886233992
-88.984796697443
-50.114066868461
-113.215971094877
-133.866682308577
-72.80295279807
-32.083972396961
-198.534642251195
-35.280233275839
-97.902126031521
-197.46645021645
-185.194436693948
-192.772714590097
-193.568109597651
-169.08945833897
44.51939033189
-157.145665640783
-90.117133246528
-86.301515081056
-89.517395988343
-102.506924011319
-193.599489594607
-24.377267372385
-171.901355209461
-95.291563796447
-185.172278730384
-149.677226365215
-143.508477633478
-28.913592538104
-33.813832380727
-184.036172974161
-43.143759018759
-189.901182584776
-190.063401875902
-168.151141718525
-190.337219150207
-74.774350649351
105.419310290404
-26.362103174603
-22.885108760597
-169.141303520698
-199.099837662338
41.835438297596
-92.241599871483
26.573703694309
-91.771936017541
-146.290924732819
-153.24062049062
-152.651437646555
106.998574965616
-175.04129816581
-91.771943768038
-24.467352092352
-198.540035539547
-135.236201298701
-201.538788414277
-191.274433086445
-139.624188311688
-93.019508703102
22.982052669553
-208.393568427016
-90.592803030303
4.505509193497
-176.58439515129
-203.403030373489
-90.659168414051
-164.178300865801
-183.613107920725
109.11105157321
-164.929993996889
141.830557951163
-85.309536492154
-179.420266419778
19.060162873151
-125.987984617379
-99.979597171492
-164.17287692776
-38.488443305826
-13.246052179158
-195.49981962482
-47.237914862915
7.821518759019
-79.5858406188
-89.287420099432
-209.136093073593
-135.935959060471
-71.371946304564
-0.080908484961
-160.87118393759
-190.247193968141
132.657668340774
-181.912948542343
-36.329908670973
-92.06946487757
-93.319805194805
-169.61343555533
-202.176579551091
133.768779451885
-56.376733997339
-146.448240073728
-163.896923334912
-249.583055020067
-2.138450633568
102.609639926046
-148.061860936373
53.197691197691
-178.590287994341
-106.084255642361
-157.138966393849
4.443341760236
-23.845245845734
-33.771173650568
-100.966720779221
-132.734848484848
-178.542617511612
-85.865092047709
-159.68462174761
-102.822088068182
-169.198412698413
-37.625007750496
-108.833784271284
-191.349469161481
-32.263159637671
-162.58600831135
-43.560413002796
86.913899034993
-34.802767490756
-33.508658008658
9.548508240891
-29.960490085002
-80.998273753157
102.437139249639
-39.126685380592
-34.967352092352
-34.847312409812
-55.683802308802
-100.910443722944
22.876270376759
-152.998356190251
-190.415945165945
-163.869137806638
-163.005501443001
-40.956918515512
-42.785381718975
-115.318550319039
-173.786989594607
-28.605810476416
-171.522644835633
-41.789211168606
-88.603354978355
102.888528138528
-185.802968299062
-152.832000952606
103.622928151493
-76.731851861246
107.102543290043
-28.946255946744
-147.773629148629
-151.899541241094
-31.201569264069
-108.406295093795
-95.197580576975
-103.596861471861
45.33466571406
55.806537402485
-38.857581112464
-28.331882581394
-184.900723896329
-24.818431947826
22.804834054834
-26.895292207792
2.619307965255
-98.81441437252
-154.733065166171
-148.152339522457
-178.63646157445
-35.075675138663
-85.499737187725
-85.740079365079
11.454725829726
146.57997595937
-187.071789321789
-29.962299121235
-191.919191919192
-175.978154170049
-39.109315109803
-151.034742655348
-163.12327868529
-189.945526695527
-151.222652727047
-162.801316738817
-77.986082927489
75.402126031521
-10.310618743236
-121.938401875902
-142.470689033189
-153.0857063943
-85.129140878653
-37.623917748918
-42.183802308802
-85.518689264295
-39.18683803718
-84.742043058938
-154.238698367605
-164.450507446113
-200.052316552805
-34.619227994228
-117.717712842713
109.907836033324
-191.615988991477
-193.631491040427
-32.323515568633
-38.59728422619
-32.361381673882
138.165254314913
-90.829823767812
-148.457712236765
103.371843434343
-165.489710864223
-49.26034338925
-42.257395382395
-152.735840548341
-42.017578829591
-33.63199623185
-115.190476190476
-29.20020869972
-185.808621933622
-90.240710678211
-140.114468485074
-199.493614648156
-181.306289738907
-40.447248010236
102.575589883207
-25.213203463203
-36.838847458965
-151.401904085498
-110.849927849928
-151.669372294372
-41.326298701299
-43.300806262964
-160.471763533775
-41.567751313357
-66.600386538375
-139.624536379419
-80.818060980903
-159.72782160331
-45.366334240846
-33.495547692325
-174.766877761995
-193.120871803977
-65.008928571429
-29.741452612058
-92.916826608721
-33.401757530664
-32.527589652101
-33.041236161842
-111.461108715503
-104.570624633613
-80.786538656656
-147.080455080943
-163.178821558216
-158.857593795094
-27.021472396961
-28.91341991342
-129.249348253743
-183.453192640693
117.418643043155
-46.549512987013
-34.58658008658
-26.200747359195
-193.997487430105
-156.508727763122
-139.183732554338
-28.676406926407
-177.275723896329
-186.10865561305
-44.520199554135
-155.458050087933
-148.023288831394
9.849476911977
-140.44237012987
-150.76462307224
-142.29339291351
-32.858312829748
-188.470340965458
13.12309831011
104.261010636499
-135.734475051858
-192.378800561418
-201.817537822421
-111.003888282941
114.273639365192
-43.555367429879
19.024891774892
-40.713396521014
-194.4595882091
-108.793900923295
-92.208505958018
0.790865194918
-40.389630822736
58.537149536661
-163.445985383974
-176.756421285962
-23.338654401154
-38.619596495085
-43.613005050505
-135.449252570346
-5.492772310155
-164.394147952742
-27.657717662112
-163.561314878698
-196.40845959596
-95.656375064822
-177.178932178932
-162.71548633658
-186.570047573954
-42.46845477656
-117.94437468998
-91.042666480655
-172.191669062274
-92.660062539457
-199.399358399847
-26.89620183419
-29.112613650455
-82.292568542569
-87.346057534046
-26.807060560967
26.326770072376
59.614247243642
-177.194715007215
-29.328761949856
-101.574502699991
-191.692001629013
-99.701040821158
8.571260878878
-40.699752829636
-169.463113275613
-145.382194574089
-27.274433086445
9.885379323368
-29.859070264588
-180.516494112441
143.292210258275
-40.013979076479
-133.066416466563
-65.001713564214
-58.082433923498
-153.576631268038
-103.800835151177
-30.650149655032
2.114169738681
-136.219524345013
-12.883186637581
-147.78068421379
-165.27130470441
-2.523108456214
-150.776703277192
-88.215174907558
-16.315566378066
-90.654241212347
-203.578983895878
90.948072381178
5.075917517812
-73.299582741477
-94.592519784903
-154.541944979933
-107.499799191694
-33.753246753247
-33.11076304338
-194.518759018759
137.734590604708
41.209806984465
-69.51590155179
-39.913953288465
-144.219668786075
-35.700203767587
-37.933884745896
-27.0180477346
-157.338576896194
10.60951591811
-161.563860564349
112.907459781971
-180.894057765152
-100.038680259628
-179.631645698052
-29.683080808081
-34.830738326344
-34.797696552579
46.41064453125
-33.713646650658
-168.004488946383
-148.500651746257
-84.752164502164
-35.185613811102
29.965896408279
77.241071428571
-177.181096681097
-34.886301632395
-170.514721010326
-177.380411255411
104.476280663781
-100.936938441333
-103.467705092217
-41.406934157422
-174.671717171717
-117.953130636724
-33.458951963835
-169.398801773314
6.080475514069
-159.841798284181
-121.213636434095
-139.990862869769
26.567668876263
-141.9181998557
-39.637257761769
109.380931947826
-129.249651932269
-161.908660404266
-138.260892265287
-99.346521154627
17.195529161594
-157.66559216608
-38.389221455628
-82.600551412563
23.851873576727
-105.37490981241
-93.733928641888
-51.273150027056
-133.963175279582
72.580176767677
-104.610209235209
-86.397083276966
-100.833325582837
-81.362110925099
-94.811028814935
14.961858399847
50.5238997114
-184.452762135868
7.659461876015
-81.169560420049
18.447601010101
-33.88646157445
46.58848177647
-171.545467228084
-139.744325932314
-151.853292974387
-142.865321744228
-177.46436815138
-32.954844200938
-153.436765816649
-70.471681096681
-32.199036261048
6.505591630592
99.450203767587
-89.064316434434
-163.580607272502
-34.589205743258
-111.821629379735
-162.826306451795
-177.587059208153
-151.896222267316
-102.095258528364
-213.010093259605
-123.271132079726
-27.746121933622
-186.016226015738
-127.999881628788
-195.048541356647
-90.748925499414
-171.208055020067
-37.517586580087
14.021371992808
-34.499376437365
-184.459657963564
-190.619215311598
-89.454895988343
-41.940898944805
-29.09119233631
-139.576228946834
-85.269001397908
-30.307609437004
-25.02686815138
-31.741009424603
-75.690283132666
-35.030753968254
24.633846134334
-35.379710187816
-39.452811457206
-34.897276334776
-28.458403087798
-56.366522366522
-93.673492739899
-28.359467301362
-98.552138643691
-191.568099381088
-179.188971185065
-104.36631380772
-81.466089466089
-43.756493506494
-204.376443001443
-173.44237012987
12.479429478941
-90.333042337437
116.380488760372
-148.113365800866
-174.640179698773
-100.699765512266
-158.397747705853
-32.551878297484
-166.68166599026
-66.569153448548
-183.30945405506
-82.807650303256
-165.87672131471
-22.568083880096
-34.99695405506
-32.729950171356
-29.865149119544
-40.363914676903
-134.65856246618
-90.188020692415
-31.35282160331
-27.306109363727
-139.535673067167
-135.553473490485
-82.109299608811
-29.785381718975
-180.941911441423
-94.536456219562
-36.131132756133
-26.818021876127
-149.243075988681
106.185322815206
-134.485598169192
3.674152236652
-158.968967718479
90.367436925054
-195.715179839692
-41.012085137085
-31.660533910534
-189.505681818182
-33.994158239764
152.388597892992
-96.57997595937
-163.730171412789
105.962904716811
-80.068903318903
-29.687049062049
-72.297639480745
-182.133567821068
-29.801476680871
-159.624930245536
-196.942640692641
-31.649891774892
-173.944243636138
0.980339105339
104.934010867605
-49.550582555465
-188.734758297258
-39.719676536571
-81.298418053301
-183.132763883252
26.52876984127
-84.973575036075
-33.264893635011
-152.778388657783
-57.546106291712
-44.237796491703
-158.248564749053
-32.290306102318
-195.581689523584
-147.352515106421
-156.212654587166
-28.587561933509
110.877177184794
-174.687332307449
-69.348013477408
-38.363816738817
-206.22112728851
-139.831045175528
-37.603543104031
-171.954274891775
-32.788961038961
-186.135794327201
100.26634438695
-35.868354301948
-114.918137851732
2.723374227769
-203.253857633252
-36.920274170274
-157.329996392496
-98.784348789232
-95.056349276808
-165.146263838158
-26.371304774869
16.63454720193
-204.509748010236
-152.350468975469
-109.441349882756
-103.218684473079
-82.666125541126
-115.645562770563
-36.22582972583
-91.573294327201
-109.133928571429
-78.485521016527
-28.034090909091
-38.460108901515
-140.248544315927
-75.689205813718
-100.524247779131
-204.484549386161
-176.029060837166
-110.193895568407
-38.056436998332
43.791328815499
-40.437881183487
116.414128731512
5.608663363546
-26.082549828644
-155.272546897547
-28.636544011544
-154.91349741838
-156.31450456011
-151.926324489313
-186.377795815296
-28.469127660534
-88.584936276831
-146.353112599206
-36.65845959596
-156.087649655032
-156.320604200487
-143.752525252525
-114.544380044868
-103.791514475108
-156.832521645022
-141.102264976777
-35.889958457341
-37.819903132891
-156.052968299062
116.192833750451
-98.037968975469
-27.504612249729
97.863193176181
-38.796446608947
-9.376831935426
-27.171869363276
4.937347808442
-174.688499813988
-148.802870360976
-138.630882626488
-164.12890625
-72.135634385146
-32.791596912202
-55.676046176046
-188.457861962256
-125.006411069399
-182.163772913285
-89.794921170409
-87.272304518398
-29.081640202246
-36.665494227994
-87.729695109578
2.18481480542
3.506846506358
-182.910513477408
-32.721703995874
7.847472351867
-178.295717357729
-158.342823463429
-18.390893448999
-31.729880416892
-34.368235930736
-33.238778338632
-98.669031977137
-33.315849623467
-162.92316017316
-167.574855699856
-133.995441651448
-30.442217938312
-181.912317229212
-43.039120981016
-96.784279034767
-31.075757575758
14.625332566739
-200.801046176046
-27.181516969359
17.884281571293
-102.013437950938
-34.132585974139
-183.897193897682
-156.692259509154
-114.494666249549
106.87041311553
-35.37003968254
-93.124360936373
-36.780212842713
-174.190746753247
-29.76251564191
-45.706411210317
-32.613337617244
-157.168297793786
-183.215360214872
-147.864074618957
-98.602154356061
-12.45183982684
-204.242236116748
108.341470649576
-173.183170995671
-203.103645974251
-75.433879813763
-37.187708558802
-84.983034516482
-121.702130822736
-151.115821298927
-108.370490620491
-100.88543357684
-150.633555138438
-31.310343248332
-36.972825351732
-30.47582972583
-81.272739955357
-146.185245310245
-78.805375180375
-70.339999464511
14.208784271284
-40.185425685426
-160.605078759132
-176.367687054699
-173.058544428662
27.446325701209
-42.968176463294
-32.827380952381
-155.001185121302
-115.554653679654
112.291839291351
-163.793137851732
-168.166957662563
-184.028707837302
-163.268398268398
104.930978309885
-109.17412405303
-84.082431457431
-92.810606060606
-29.34814453125
48.215388398494
-200.087904716811
-185.417125355114
-19.770001211896
-202.236672669778
-156.169003793516
-116.160242914637
7.45058741714
94.890770145653
-29.718983219472
-29.568192034745
-38.258658008658
-186.171114042208
1.229707792208
-89.709147487712
-36.741875366387
-162.840986595869
-192.848907602814
-64.008477633478
-91.7261002886
151.953643578644
-183.117424242424
-38.093885281385
-101.272448959461
-160.74217411278
-27.758727763122
-38.091617909001
2.104527417027
-163.236201298701
-152.090458152958
-28.936700994318
118.541107574067
-195.321518759019
-193.926497113997
-69.255120259515
-42.205107013212
-123.236910116793
-30.77398989899
26.361549366432
-139.651695526696
-145.332864428323
-83.856088789683
-31.867846996753
-139.983307545319
98.067349696744
-29.833874458874
-36.257312945301
-17.901973839962
-34.219684287067
-5.185064935065
-170.188041125541
-37.567710447105
-139.068452380952
-123.388626076614
-182.971222408234
112.18157580267
-178.535005467623
-30.726911976912
-156.375930059524
-97.00497300009
-182.63933982684
7.931006493506
-33.188994788848
-113.889499768894
-32.985319855925
-37.228182353671
-184.024719150207
-37.053391053391
-58.282717662112
-33.089273031656
-172.834673464556
-198.215728715729
-35.288038729933
-83.69246031746
-131.66982569839
-33.173688616071
10.770184053143
-133.245663245175
-27.598023693971
-163.477751848846
-31.273157777552
115.730431758996
-176.511917444535
-31.762613579996
99.898170460182
108.839556277056
-75.570526695527
9.27483223699
17.558980217916
15.000541125541
-192.117334054834
-26.909639785128
-45.007062815657
12.128148815161
-40.922258297258
-149.892947330447
-199.036824720418
-42.102620795004
-34.031746031746
-32.717290088384
-38.427326769368
-45.598768093885
107.452380952381
-30.690648815161
-32.799242424242
15.835747965142
-106.746052179158
20.207792207792
-144.686507936508
-180.061958874459
-177.981962481962
13.289522597628
21.586420144526
-93.426406926407
-192.321449004554
103.970488224883
19.997822815206
-41.944153448548
-149.890499582882
-31.442813317325
-41.340909090909
-35.514700577201
-167.841872970779
137.017215613163
-192.62059877514
-169.590089652101
-173.117313621708
-35.856403389362
-27.915383607278
-207.670606737013
152.862275799288
-151.049963924964
-97.229367474973
-158.5459879205
-160.002234256629
-139.107856607368
-171.781996161391
7.561139435651
-25.600288600289
-154.751741747836
-190.919573102679
-95.193452380952
114.914785409903
-54.522546897547
-26.883727763122
-173.724858095464
-32.659874413781
-37.50677181976
-10.498917748918
-36.009279105226
-100.072510822511
-37.679653679654
112.210028930488
16.738656796762
-163.658036841631
68.780274846681
-159.828901458784
-95.830176767677
-195.659701789096
-27.621642626037
-143.191916725852
-132.239205672799
-193.870317995806
-152.765782828283
-119.375062003968
-108.995843620355
-38.414051226551
-35.59919859871
-194.659369222358
-21.000270562771
-38.079844200938
-47.793991110886
-151.502615440115
-32.264069264069
-38.676427359533
-33.034459409948
-103.539211168606
-109.680653493642
23.878226320121
-35.919830982819
-32.962281154176
11.489074618957
-148.473214285714
-161.007415815521
9.143676581665
-165.492334054834
97.096771284271
-77.329107199224
-167.359557488952
-91.71952681108
-196.258276825171
-36.300221805105
-102.342803030303
-81.101723851236
-14.241592120987
-38.076651701163
-35.893738585633
59.545913233902
-124.299049366432
9.548332797845
-101.50756800708
-40.004231066243
-199.615177303166
-135.058974933487
-191.898698903093
-31.539141414141
-73.871725063131
1.152867965368
28.752502353332
-91.094436623489
-82.472845784858
10.612012987013
-193.251553622159
-194.414411976912
-148.723567285579
-32.765331890332
-79.700479262491
-185.144911024306
-120.126976376488
11.99953109499
-244.162329911842
-102.815123190611
-30.517857142857
-37.214728901741
-36.68445405506
-43.186958874459
18.090991528003
-145.003419377931
-163.467962972358
-96.686515687004
-32.860307173295
-175.09786128585
-91.967815712933
13.667957476551
-33.851358168741
-29.448891819986
-143.176497113997
-163.512536075036
-21.684245496257
-28.266676953689
-36.4248941705
-161.382312945301
-25.878053695437
0.566009565521
105.42584536774
-84.774781154176
-37.740509869904
-27.843815526921
-90.630960131448
139.954455266955
-48.325479262491
-200.013618326118
-28.334853839737
-199.876623376623
-33.451667202155
-39.166646233541
-89.615287923882
8.563131313131
-34.69724025974
-74.375432970892
-32.291424287518
-85.674340362329
-53.889700577201
-138.2095882091
-35.496675741793
-93.113796305691
59.943431947826
117.368356768015
-96.447851139746
-155.330369825487
-204.707411024306
4.453032698638
-93.953102453102
109.349556883004
-153.392045454545
-27.332702020202
-49.948703694309
13.638806451795
44.09832490643
-116.033557534046
-145.722943722944
-146.896204300257
110.769580923634
-37.394382581394
-34.37804594494
-202.45976858428
-39.312209004104
99.884129379735
-17.707431457431
-89.238107920725
-38.128316507711
-154.406135151741
22.352285409903
-178.375381183487
143.277754878585
-92.209333147321
-147.187020878427
-39.493068238185
-65.010551948052
-176.671438858451
-178.669109482098
-36.128254503743
-161.299422799423
-101.591207837302
-49.481802539908
-160.601711168606
-155.961850649351
-35.809253246753
141.977715914728
-38.383727763122
-36.955870084776
-133.695604200487
-97.543650793651
-43.597492784993
-35.376525438537
-177.652257085363
-188.749208744814
-35.664940419823
15.971513404131
-23.397183681119
103.946601196113
-169.993686868687
-38.883464950848
-172.091651024756
-105.867135712595
-215.712183216089
-170.768558210453
-187.13673213722
-71.011253015648
-78.919560420049
-174.454365079365
-43.08667027417
-33.232114673521
5.067578688672
-198.77129202178
-140.17777242289
-69.922160359172
-142.983405483405
-158.674533420139
-73.801515081056
-164.781052714646
-30.047791672303
-23.607593795094
-150.872647372159
-79.921085858586
-158.462739842623
-176.987894429789
-183.320006003111
-39.398095773584
-3.310247776312
-152.890983636589
-198.241612554113
-40.972382164277
-45.719614532603
-175.286858540765
-128.560897056503
-150.969436623489
-41.455184518173
-77.750028183622
-154.439136059253
-162.801878297484
-147.607941862825
-89.443640506629
-136.25
-77.791125541126
-134.379682004194
7.542408600514
-30.636806823819
-150.300685425685
-146.11075036075
-42.907134965729
-70.409541847042
-185.354236421131
-177.30111593051
-31.591512220418
-83.104597171492
-193.17116829568
-152.083616578734
-43.713043521149
-145.844954849838
115.505081154739
-50.672598614493
-33.012453637942
-142.803785271803
-167.653020156926
-165.195063074946
-113.664522597628
-35.806637806638
-27.673603360615
-33.780656030168
-152.740772682179
-160.632034632035
-12.559626679744
-31.069514198909
-194.758395196383
-40.301386493281
-185.713445842352
-202.288870851371
-146.919462481962
0.469668786075
-189.182511498918
-159.150154587166
0.779844341856
-180.107135106647
-2.614079551091
-103.162038915945
-154.049680679564
-28.141975700081
18.439742007125
-104.223672974161
103.667929292929
-84.56718975469
-31.106047923431
-215.978548036165
105.923819669913
-30.371693708852
-31.947510822511
-90.305014430014
-34.186147186147
-170.062221686733
-104.847049597538
-161.136441141324
142.489285643827
-32.534820160308
-162.782258973665
-159.595786971275
-3.140151515152
-71.86524705763
-159.827548644931
-99.135900015783
-166.474394474883
-90.513786018669
-188.636613766008
-27.326958198052
106.026133968028
-178.659181096681
-160.537628658234
-186.974448728355
-49.872647372159
-25.324314574315
-122.988033234127
-204.07911494972
-99.438860564349
-153.68054780506
-136.763528138528
-149.392955080943
-33.113768122069
-181.01233526673
-71.408668154762
-37.389512451524
-113.24531024531
-87.026973839962
-139.247855930961
-33.79825036075
54.658890100785
-182.952290764791
26.551419609037
97.306727994228
-61.996823001218
9.701208513709
-154.336621305127
-41.864107734713
-34.121933621934
-90.40854978355
-85.319985569986
-32.212662337662
-148.497933435922
-68.470848975244
-165.21655308667
-165.068179352115
-130.493514244003
-141.482343665449
-36.784624284136
-141.004968067956
105.995289812184
-203.477092352092
-42.271547083559
43.951639018534
-173.583964646465
-40.787079782197
-60.89776884357
-161.996474933487
-143.169975423882
-211.239996927985
-140.131764069264
-29.132395382395
-189.493743588226
-33.1084879205
-176.196629379735
-32.90213871415
-45.613656796762
-76.793400664006
83.783737909226
-31.630764255276
-194.09641053391
14.910634314687
-63.345841224747
120.139257389746
-175.335309709821
-113.080364893353
-117.858828237735
-38.663968789457
-162.108926175821
-199.546516363411
12.754357187951
-3.750430504825
-172.473997790404
-13.644037332026
-77.997835497836
-35.412530720148
-35.863172743056
12.598845598846
-190.024268212256
-34.99339587279
108.768238326344
53.614989177489
-154.618617114223
89.6059831011
-35.731601731602
-156.66072203621
-175.187407346343
-25.900425149937
-115.213716405123
-169.960026464421
-92.081647952742
-176.483057415675
-158.959428267045
117.041236161842
-190.643117489065
-85.617617300234
-21.667318412924
-31.700919983879
-105.3531950363
-187.367674372069
-156.670634920635
9.035144976551
-99.916494041982
-167.773088023088
-156.626893939394
-36.417646047529
-162.804563492064
-126.08638702877
-185.230548016437
-33.462301587302
-87.86038961039
-36.433261183261
-94.564422123016
-167.781385281385
-176.432429061824
-31.989448051948
-151.429924242424
-29.984668109668
-155.029483591495
-183.048755199878
-154.814053622159
-97.608766233766
-163.646284271284
-156.048811919417
-147.116973304473
-32.773255715639
-38.641872829861
-183.551767676768
-31.097402597403
-153.69933500744
-71.657570402688
-106.48080272592
-169.870851370851
-66.279130591631
-96.939040939529
-51.836830216225
6.16332972583
-39.795614487509
-85.44636656746
-100.410894660895
-154.025605525117
-38.41559216608
-175.614157056052
-146.149879092262
-72.289960852949
-155.226381067934
-193.958866708378
-106.714535491635
-32.232080853175
-135.327298515287
-164.018135456124
-2.903130777642
-36.298902107008
-32.06997781949
24.30006186305
-162.944715007215
-162.256776751894
-97.48861593051
-204.528852278364
6.902486781881
-93.18166599026
-163.219086089692
-167.195895196383
6.750458688447
-189.6222119352
-33.318710261093
86.420905483405
-25.463474025974
-32.616875366387
-39.568813131313
-153.889450447556
-32.346070216676
-39.959173205267
-181.49838683994
-107.806457431457
-172.275224341631
-32.693645438763
-198.528569032964
-153.322781385281
-169.388007446113
-180.62100356241
-41.025100333694
-34.439061372655
-201.405694430353
-160.523538961039
-169.381403318903
173.290584415584
-37.438930318813
-153.635662568768
21.933073057585
108.931900618912
-124.888077200577
-29.091331845238
-93.032397778003
-93.591560837166
10.706521831034
127.726922193475
-165.868686868687
-82.918900923295
-165.940386002886
-84.807712307224
-82.487742238231
-157.030586275704
-71.965847086941
-168.472685842803
-164.941545758929
45.75009018759
-171.300685425685
18.40367965368
-163.236812178707
-141.458305149711
-157.654411370964
-165.512433204816
-148.712592583198
-110.779158775253
-206.93202674062
-40.286616161616
-202.077749453238
-195.235667923656
-94.116354673972
-100.194596636003
-123.353202786797
-155.76624151673
24.896825396825
133.191545758929
-38.496412929518
-160.53920341811
-162.174090232684
-151.550394429789
103.774649395743
-177.036448469066
4.69533856985
-150.7545995671
-165.385358890242
8.726458572894
-27.82693001443
-104.422619047619
-28.515221269616
-33.168929106917
-169.806465181954
-158.645645207657
-150.564963248557
-111.002726060832
-141.676497113997
-168.814331935426
-201.782820532332
12.467622655123
-71.945990316108
-207.319436693948
-30.026404530799
158.594954849838
-57.139971139971
-55.064303751804
110.167890892744
-118.092192150298
-36.895042078148
-113.653890678549
-155.582181327787
-30.870608991703
-168.007006448413
-153.298278544372
107.621124399689
-185.742313621708
-184.573322510823
-195.279491341991
12.152857748805
-145.133018945031
20.656573407062
-43.983433667027
-32.96617965368
-41.701118326118
-88.120650562545
-63.464736652237
-31.112201112689
-169.74027242289
-27.083501025884
-35.406655844156
-144.230519480519
-146.638600359059
-163.374208744814
-37.552558931953
7.457341269841
-170.423721731827
-170.075577200577
-77.352571473665
-93.249118557224
-144.263819134425
-90.314373506268
115.658740375293
120.709253176294
56.041063537157
-144.585956523945
-161.547320301227
-138.384838197826
-35.903200532107
6.460657777552
-215.893869639475
-192.540391357774
-151.104888167388
-96.40595477656
-184.585157870558
17.650700997137
-83.220238095238
-168.138979076479
-179.304210492199
-147.58018698424
-104.36562049062
-93.907596120243
-79.906946840052
9.990447865936
-162.550574804969
-186.618666435561
-23.013417517812
-81.725559163059
-159.486471861472
-9.683614183126
-176.367542613636
-149.835137085137
-185.565566378066
-184.428050736156
-186.244047619048
106.548639294733
-195.254226134109
-103.27130470441
-191.696557159204
-33.104700041712
139.021474863028
-154.817640692641
-26.939275568182
-168.854589420996
122.524974211986
-193.983676046176
-28.117063492063
24.798623793741
-32.890713073819
21.7527880648
81.120879554473
-180.661804287293
-112.169650607639
-111.24647246742
-32.976391284497
38.693091630592
-198.740058931954
109.409454125519
-164.557248686643
17.424713795319
-188.657094099477
-173.370560374955
-36.343362122903
17.763015196609
-37.010461760462
-193.215756899351
-36.681026926632
-49.477453102453
-114.776978772096
-27.578942325036
-62.716630591631
-191.125069754464
100.846681096681
-57.309232813627
-144.439102943498
-27.361672669778
-86.092622655123
-154.61544011544
-37.438943001443
-160.263826884921
-170.489247243642
-152.249389119995
-32.280052900658
-184.16830272592
-155.089654215142
-40.703726015738
-95.509497880592
-50.174610925099
-39.010649886138
-93.872765743371
-29.215586740733
-180.166223479212
30.19705988456
-143.716893403905
-97.230437043425
-188.111201298701
-155.891323953824
-143.457050273945
-38.700749825262
-196.126322164164
24.107343665449
-46.089375901876
-17.388015196609
-158.403762090774
-173.004808125902
-182.409369222358
-156.074417444535
-166.065135873241
-33.661046852453
-139.778347086941
-180.057740490846
102.91351010101
-87.075404575893
-29.653751874211
-109.696768888663
33.436420214985
99.474386724387
-162.345939162834
40.000749684343
-188.493576247971
-87.742313621708
-33.514167202155
1.470135225018
3.108954359443
-84.2718049637
-33.725747288736
-29.985722177128
-4.200056508162
-45.651703277192
-99.897005772006
-159.699876132982
-157.547716985705
-147.58285949619
94.602174789187
-38.657044778139
-33.022665268759
-31.184150376533
-46.552280618687
193.135982452877
-34.193362193362
-128.807006307495
-163.859397546898
-171.182712307224
8.71827440138
-27.05006186305
-27.421905297394
111.413079596185
-165.07205988456
-36.019591140197
-78.778396408279
-161.030212842713
-162.871400246889
-146.795642671131
-39.597680910669
-155.409271284271
-162.884822696834
-179.816189940702
-163.090651210768
-36.066127936733
-124.457238399621
-98.257117069129
-39.255223129735
-201.890171948277
-17.977715914728
-140.646194083694
-87.613205858811
107.449134199134
-30.466560837166
-148.676587301587
-157.362020737509
-85.709132339015
-128.294905669417
-142.182018990124
-36.59344209393
-189.280553159948
-44.820588699495
8.819006189123
-129.547688802083
-107.283792162698
-150.749647000135
-56.416215728716
-85.387237328644
102.480797793786
-34.755140692641
-36.4166642006
-30.45488577178
-95.847472351867
11.296717171717
-136.152486781881
-180.542728484623
-33.475801542208
-28.350669783775
-99.863386233992
-164.005779756268
-158.854318858225
-142.518230575848
-158.96427796379
-164.240971024418
-99.069506448413
-156.751796001308
-40.77189515129
-140.895562770563
-94.399703649215
-173.119691614809
-152.472472351867
12.418039913645
-39.202914327426
-26.086038961039
-141.455988455988
-36.449294141189
-79.728445165945
-33.208985079591
-191.97401822353
20.070776825171
-167.139159451659
104.577733952246
-31.526252339241
-30.753254503743
-25.536886724387
-29.895750896239
-37.704184704185
9.851198226687
42.025641459235
-57.217352092352
-38.815968699269
-198.54806998557
-93.167558326006
-147.949355792862
-33.579545454545
3.478883421266
-76.500020433126
-112.075043825532
-41.693805380817
-101.346042033054
-95.797951614358
28.410984848485
-29.128968253968
-160.109237604843
-160.515233952246
-96.626561372655
-39.011064889971
132.356872294372
-37.190004819399
-31.743874994363
83.638798701299
-186.137646695752
-126.133289507801
-143.542846855835
140.818101847155
-29.147276334776
-84.175677675189
-19.696310200216
-166.752422382305
-114.972242655348
-117.986201298701
-108.107573361968
-149.912768167163
-165.367973118461
-156.793261859668
-195.852543290043
-162.51173213722
-141.631194760101
-161.470606596095
-97.073691011679
-30.025785900298
-107.400072150072
-188.439837126849
5.987824675325
1.231782106782
-44.866251803752
-164.904561096456
-35.666744171627
108.763278008883
-30.130874875992
-73.12031024531
-160.147196363749
-149.463085091991
-170.252898685516
-160.756411069399
46.944173881674
-191.330364893353
-155.540293419688
-87.107032236427
-43.634309754915
-32.309065121077
-148.926935017023
-87.323863636364
13.698330261319
-164.803050736156
-30.698134385146
-40.644570707071
-187.938504746122
-117.449384328779
-43.61544011544
-35.383658008658
106.307441744453
-70.500561558667
-90.659209280303
-176.726182725694
-181.400182770788
-156.556305239899
-183.113837171943
110.285822440363
-142.547188542794
-157.472402597403
-26.696260878878
78.775064399576
-35.131284947691
-32.409832842938
-86.411283594877
-38.820686637581
-145.78632516572
-109.0652880648
-91.609577922078
-198.826221196338
-151.117514430014
-124.716880721275
-83.139597706981
109.039772727273
-190.549270607864
51.109229854347
-31.56727994228
-25.520562770563
-152.710588023088
-30.445678887085
86.809253246753
-28.802481426993
-185.927780173386
-32.777589652101
-183.63971325983
-24.047361167478
-178.195887445887
-89.152950402462
11.527765095148
-86.89517383658
-147.456898082386
-166.755854442866
-27.466893403905
-31.740509869904
-89.764437764926
-38.122717126623
-189.664600102588
-159.74186021769
-154.63427135473
-6.822518573007
15.153311152823
-38.078836636454
-144.747183751578
6.452138573232
-134.055104617605
-197.957952149847
8.00756800708
-91.20767383658
-119.501705813718
-174.545712425595
-39.155290347673
-136.604867734262
-81.285546593164
-32.623106060606
-157.236742424242
-4.473575036075
104.82387138686
-98.980810476416
-197.848603219697
-63.207513894526
-163.713015337527
-75.298451169057
-29.270209770698
-36.877133852476
143.163858168741
-101.815004819399
0.500894125406
-184.801288555195
-37.486554298566
-17.857171040765
-166.15186815138
22.878517316017
-202.852285409903
-40.740149119544
-48.958000766595
-97.753239002751
-32.608856421356
70.79147854099
-161.875270562771
-194.197621443227
-169.971500721501
-105.807650303256
-182.08476858428
-142.416859724477
-201.873987503382
-202.460879018984
-182.788592538104
-37.280503838609
-135.676046176046
-173.241189799784
-158.910686102092
-35.758908138303
-39.199883883478
-169.919905669417
-173.967019525613
-46.27904040404
-7.243674186057
-185.865071614583
-71.656295093795
-200.351272913285
-161.822503072015
-191.921897546898
16.60084240846
-188.640713073819
-31.613706118101
-159.886265698277
-140.680194805195
-27.595897591991
-40.826541080447
-26.724747474747
-181.608933926317
-35.035686102092
-33.299242424242
-100.806735744724
-89.482802353896
-39.037227041622
-38.07424481985
-93.700113579996
-125.883379695391
-119.46827440138
-34.256313131313
-42.114788369183
-160.073134385146
-199.565386002886
-28.130599381088
-133.396346275253
-146.278130777642
-38.691648629149
-176.498979752886
-182.683060374955
-142.529233461851
-22.537518037518
-193.798680865575
-171.579475700081
-29.228292974387
17.245931341879
-36.391774891775
-98.763187821293
10.821696668132
-95.891073824179
-181.672459105565
-153.842073779086
-175.393135456124
-32.766764675212
-172.314644069039
4.908992971005
-17.456792393804
121.194797444309
-161.333436203553
-170.839626031521
-148.860827865711
-91.823695943813
-161.97810484871
-203.245941558442
67.047987548476
-176.962002840909
-29.588383838384
-157.752623190611
-129.117952685336
-73.069526881539
-172.788670043065
72.671614301497
-110.357766419778
-100.634281571293
-25.852071918966
7.6283471574
-87.162440532558
-144.755952380952
-156.098832916216
-161.884039192145
-143.658189033189
-37.977105034722
-167.006686564304
-26.71645021645
-76.99025974026
-84.795111762153
-205.079893522276
-178.114468485074
-97.404939813875
-41.522289017406
-46.084608642226
-188.268656148539
-195.866542799648
-27.022559580177
83.690077039931
-0.551579551091
-31.655573593074
-193.541584229573
-158.316177258072
-27.611451428346
-36.750721500722
-17.534271284271
-75.288350158956
-5.07520869972
-145.182982869995
-32.975268167163
-180.523727086715
-194.184585813492
-30.381305380817
-84.405663780664
-181.090818903319
-34.014790764791
105.460518268624
-166.184704184704
-38.293643043155
-33.585698643804
-34.238182959619
-177.555076433983
-122.94933500744
-170.89439033189
-168.061979307585
-178.572248010236
-180.7886002886
-150.584222526605
-35.048090418696
-125.210477402372
-191.150162337662
-173.236489828531
-150.839666897772
-148.62309831011
-31.354728225334
-154.563943001443
-32.424865986878
-27.955689709596
-150.382132570121
-164.192091816604
-177.888790950803
-106.034554529672
99.669081298476
-90.766676953689
-101.855235882824
-40.191816321699
-58.18053512243
-161.601731601732
18.717261904762
-163.487201112689
-154.67603842555
81.801948051948
43.23834536774
-172.545663104257
-101.511093073593
-32.320376970035
-29.840478586084
-50.53362728851
-198.755403504915
-200.402605153093
-39.261183261183
-171.014167202155
-104.158840779446
-48.391877761995
-79.254772191784
-184.416396103896
-185.032189219201
-155.040556231962
50.406315526921
-186.895444399351
-49.414662106557
-28.57233044733
103.511446073458
-145.192911255411
-36.56242249504
-176.405725784632
-34.983676046176
-157.253767445662
-200.992632801227
-95.148920144526
-26.771173650568
20.652765095148
-154.337219150207
-36.615821298927
-150.880874875992
90.294351861246
-185.984668109668
-63.510982452877
-173.030024717036
-79.873564749053
-99.470410719922
22.049062049062
12.034008471997
-171.151424963925
-121.091457966946
-128.45230873185
-190.013888888889
-191.735369177264
-197.012072454455
-35.845779220779
-88.88674481985
-30.168650793651
-28.246482683983
-192.578615395022
-112.112103174603
-129.906936623489
-140.38177181976
-168.509748010236
111.026847718254
-128.869287532129
-37.92020441581
-164.598582786571
133.768039984104
-96.972783780889
-24.766311271194
-90.183732554338
-193.440107689619
-157.724669969787
-109.515893448999
-165.34595959596
-199.738082555465
-75.942570938176
-34.08170995671
-164.905143088249
-34.496039496528
-129.961649841044
140.484930921943
10.241259554248
-34.095771470283
-163.161177906295
4.911237444196
-25.708694083694
-172.818181818182
-31.013157171604
-88.395140016234
137.107962295951
-84.706972768984
-24.670696924603
-185.710650027056
-147.769500952606
116.314471444354
-157.914481731376
-37.860307173295
-32.931908369408
138.733065166171
-194.819416260823
-98.181096681097
-97.329184704185
-164.179563492064
-44.833894892
4.436577690972
-71.541584229573
-101.109315109803
-177.442287692776
-73.398456523945
-203.559322648922
43.184060188943
-88.894289927737
-87.079713147096
-185.151224155619
-35.68463443024
-167.819083694084
11.625298746392
-54.71454852656
-31.405081788871
-147.131222943723
-205.802496927985
-25.574342757937
-36.600128658234
-33.185946377841
-34.643127705628
-102.857856607368
108.589125772231
109.529852092352
-159.774149841044
-87.573294327201
15.938221500722
-175.30800330312
-130.058469742064
115.130138226574
6.748930431548
-179.822052134064
-206.999389119995
-35.840618095013
-30.493954965391
-20.562528183622
-183.557908183396
-32.078192640693
-37.924505236517
84.026715959821
25.045622238005
-210.650773217668
-99.280012034407
-189.512736883342
-160.465388398494
-165.316107503608
-138.24312531002
-137.361020923521
-32.416929478941
-39.909459409948
-120.11812531002
-206.422358701411
-21.75172131471
18.847054529672
7.231779640715
-51.777306406701
-184.121204370716
-29.578635828148
-88.318640506629
-63.151355209461
-19.590540590052
-142.660103405709
-155.386335452742
-175.813492063492
-84.787909437568
-164.069903132891
-27.477362914863
-164.013437950938
-37.563652005547
-92.933621933622
-27.625971630366
-27.5891877762
-37.591720779221
-164.892586580087
-113.716367779356
-180.476744284361
-175.919642857143
-192.205475514069
-121.139958457341
-32.653700086806
-196.392960013077
-167.867055741567
-34.217512034407
-111.988636363636
-96.962932900433
142.107493390941
-34.371585554203
133.223745194692
-164.022817460317
-175.91123497813
-199.549623607729
-179.944514198909
-99.332271515377
-68.541153724747
-38.883116883117
-40.475378787879
-183.02876984127
-202.309892310381
-32.040120795004
18.728736161842
-97.861381673882
-163.076028138528
-192.597931040314
-34.881153189259
-152.5413883534
-158.154573779086
-114.279339150433
-33.260531514926
-35.820957200352
-24.523789090684
-93.625922309028
-192.782828282828
4.033078412473
-196.454787833694
-31.093073593074
-38.055916305916
-88.206065960949
-1.143300330312
99.171183796672
-96.791777287383
-159.559155308667
-52.099378973891
10.284188847177
28.140950520833
-152.928071521577
-159.211510332116
-190.369879740485
-27.428674298791
-139.839203277192
-79.503239002751
51.05007454568
162.840097402597
-41.147436276831
10.790504444557
-67.643468022863
194.084784085272
-21.082451890557
-74.817120000225
-140.346779034767
-37.109299608811
-141.289600102588
-34.405220593209
-114.669294789412
-100.625914558532
-91.409722222222
-138.829254458649
8.524641645247
-172.217594471501
-140.697531255637
-94.700680070797
-178.819416260823
-179.102092352092
-32.688754875767
-66.762868641775
-39.432730274283
-45.339396335002
-181.19705988456
-193.113275613276
18.593094026199
-98.191017316017
82.52982390873
-156.870933807946
-42.684511126894
-181.032647907648
-107.906655844156
-40.844434157422
15.039744543651
-17.406447285354
-107.384760692866
-27.215298210904
-126.994227994228
-106.142947330447
-182.643586394075
-49.026592656475
-100.20202020202
-30.527076710182
-169.084948959461
8.141975700081
116.733766233766
21.224574850063
-107.604880416892
-93.573142135642
-163.046524113907
-105.835588023088
-32.613198108315
-37.38952020202
-72.413030979437
-33.726128472222
-177.115808616297
-83.644480519481
11.80571549761
-95.925607920725
-166.628509565521
-38.322951543899
-187.893931643443
-30.443632756133
-161.230088975694
-132.835690893308
-40.428501674107
-104.886464040517
-48.284090909091
-175.075286204681
-38.288056696992
-173.933974933487
97.739788369183
-107.393127705628
-28.538793346411
-200.213113275613
-85.123938182044
17.030496088113
-94.816648629149
-179.782557720058
-155.879169062274
-102.289321789322
-196.244969928075
7.56718975469
-33.101028068069
50.619248427354
-172.008034446023
-27.77570592927
-26.147567330673
-92.714904344787
-39.835595773584
-32.051968485074
-167.057178932179
-91.196408138303
-29.825857979911
104.982632195279
-35.299755366162
-194.297881859894
141.300314458762
-179.192751313357
118.426589767654
-95.501340131223
-34.03554166103
-65.238816738817
-200.523255715638
113.663858168741
-34.563749943633
105.483016549423
-155.337293836806
-178.817923938041
-188.974283854167
-62.359147417253
-168.93281024531
-160.049963924964
-140.39402958153
-95.782890286797
-41.15395021645
-37.981491110886
-75.224206349206
-156.285160477543
-40.606323418335
-193.594799839917
-149.941836754825
-161.686139435651
-201.561409998422
-98.256764069264
-161.197961760462
-168.543851601957
-176.588724155619
-187.657545037428
-192.529754154266
13.831542264159
-31.845967346456
-175.635309921199
4.249250315657
-33.675296491703
8.421905297394
-30.261113506719
-145.397116392722
-39.673430735931
-136.980908414502
-30.267836709731
-165.57875419936
113.47495603355
109.050414862915
-89.916576479076
-147.033848529942
-174.457459641053
-175.96331408392
-149.242223434118
96.978257040269
107.816648629149
28.591700346095
-201.654282783189
-168.001290809885
-28.608516104122
8.449654891549
-33.723843132779
-31.227994227994
-35.781774215368
5.464484056525
-25.28094209393
-44.437961154514
-74.528318903319
10.252172252661
-41.904380721275
-158.6730826682
-95.226994414006
-30.128968253968
-194.462211399711
102.425046362058
-37.071608946609
-100.034701789096
135.369034936418
-33.038891284497
-165.996823001218
11.029872525478
-164.782279406791
-202.253885816874
44.780944559997
-168.787420099432
-24.579122700216
-35.288803562973
-157.824765512266
52.824966320572
-32.824778194895
8.559794372294
-204.947989944084
-89.384810014205
-77.432269119769
-70.456070893083
-30.12518037518
-30.425976421582
-176.543900923295
-183.085580272592
-192.348652541035
-150.102916723034
133.298894356512
-6.218802844291
-187.905331213925
-198.242496462955
-158.099669969787
-148.122482497971
-31.979950171356
-175.505772005772
6.52685546875
-72.714917027417
-106.290945165945
114.557782061688
49.001831935426
84.182887750271
-11.110296956733
-192.545016290134
-158.473477097989
-91.010108760597
-84.382124819625
-176.674234673746
-36.331887865823
-31.376275308892
-151.906808035714
-172.145853766459
-169.456882581394
-30.928100057495
-124.642676767677
-88.135441327336
-187.379050691062
-206.58831408392
-185.622294372294
-36.19297325938
-179.285521227904
-30.53861297123
-192.503148815161
-93.542756668245
-160.480942234848
-143.261724386724
-170.163961038961
-157.220877158865
-166.70852145901
-58.142754272637
-122.842331659226
-100.703275077787
-195.419191919192
-94.237623867018
-88.565226060832
69.896923334912
-157.472554788961
-144.696088254194
-180.141403924851
-183.40576171875
-118.53383302895
-29.802496927985
-150.34431578621
-106.42784992785
-30.85560966811
-111.80112861314
-225.068431947826
-36.887077386589
-38.647915398404
-91.133838383838
-194.53545147344
-181.545392541486
-174.646804963699
-170.506222943723
-154.36849874301
-28.810786435786
44.767145858699
-76.361471861472
-148.099276103671
-37.787525788014
-172.63047325938
-36.160103405709
-194.1295995671
-32.198412698413
134.396915584416
-35.487742238231
-26.894112018624
-187.471611342217
-110.120560374955
106.405143088249
-95.613623681006
-31.248384373873
106.42297979798
-27.557096495085
-188.870601241207
-135.673693548205
-66.315295815296
-29.527687590188
-163.551579551091
13.372647372159
-139.066738816739
-35.287149536661
5.164419727408
-94.812471816378
-156.580988455988
-150.560425685426
3.321405672236
-93.695047573954
-48.633297258297
-81.473046593164
-36.35073953824
-23.900551271645
-85.861201298701
-163.736291486291
-124.507696594855
-30.75965007215
-160.679132987238
-26.93480212279
-152.43490499301
-156.914218919102
-24.2904117909
-169.304736116748
-25.174234673746
102.063332121438
-153.156467718479
-154.974214099702
-108.448953823954
-173.285693852588
-87.218516780528
-168.769320577426
-143.759108946609
41.981081039187
-37.941947375541
-111.876262626263
-35.576589697195
-46.491071428571
-167.408369408369
-23.32224025974
-156.938201067596
-174.359730113636
153.370317995806
-32.790666852679
7.187659942054
-37.366620304609
-179.049886420004
-163.910443722944
-194.308712121212
-26.3988997114
-52.374270748782
-41.196859076254
37.954988642
-72.095416004352
-39.426156796762
-28.269160635372
-190.388605643488
-161.227986477498
-22.646652772141
107.046369103986
50.897426060268
-179.560876623377
32.606248731737
23.163121167027
-178.164411976912
-113.417380416892
-154.59585672574
-34.691697245896
-149.031052714646
-144.026535584641
-75.50583400974
-158.465019897637
-114.18110689766
-195.016893262987
-155.801378742785
-186.21348177647
-191.611562049062
-33.479076479076
-32.342622655123
1.00295575735
-33.388249825262
-27.205274705763
-155.834186240192
-177.964285714286
-33.130792438898
-43.034541847042
-75.235848298837
115.116244053256
-38.004038008433
-86.167748917749
-149.555292743281
-38.040764790765
21.43264255276
-40.098665223665
-147.092733275839
-27.627344877345
-193.41323953824
-50.765574269481
-158.03382034632
-194.80093555533
-109.384920634921
-30.994949494949
-102.240538053526
-179.453906390918
-59.09883784835
4.086337707431
-165.29633598823
-178.606511544012
-114.314205813718
111.885010822511
-42.202574010191
-193.975386538375
-31.750618630501
-135.877762347245
-212.56050812252
-187.244748686643
-175.958181141775
-122.292650979663
19.096611342217
-164.692738630727
-36.274420403815
-164.118694619183
-83.140161731714
46.601440605835
-30.508755946744
-154.347394846907
4.287620907738
-27.617542613636
-182.740829049423
-141.514437764926
-33.816558441558
-153.174152236652
-197.581349206349
97.407730344742
10.655040218028
-30.965818903319
-33.210345643939
-27.975185730069
-157.091527721411
-33.849309219426
138.262453637942
130.487636549648
-76.283086162969
-182.174693362193
-102.593496347403
-27.195186378292
-197.048693548205
-181.025912022006
-185.402519897637
-184.73403433047
-148.679120304609
-136.255619814214
3.787595542478
-149.688389193272
46.714022902011
-36.437147000135
-77.203470953959
-161.078823953824
-95.021451963835
-48.246753246753
-101.094877344877
-40.331168831169
-186.630403504915
101.593271935313
-43.148641831259
-149.681284806773
-164.493326118326
-35.087481962482
-144.897116392722
-39.029754154266
-195.804821372204
-3.298129523471
8.648739769345
-73.964105339105
-96.085518268624
-202.60120315882
104.83439515129
-173.1681998557
-87.275633708739
-37.911554157648
-85.74781506471
-72.628097027755
-35.478548036165
-149.632956941062
-155.748466810967
-203.11229130028
-27.528318903319
-30.951188080583
30.017828959235
-123.796717171717
110.637724200712
-67.425056578621
-156.445879695391
142.111023389588
-31.743248613366
-49.291156190814
0.148518527913
31.035864011206
-41.615099798205
-46.804993996889
-38.697969510958
108.666506724612
-36.7113997114
11.718202180849
-159.220681282693
26.13436682675
-199.767934647817
-169.708062770563
-4.356040172935
-154.083152958153
55.873925499414
-194.438582251082
-85.034188847177
-26.823412698413
8.518869639475
-159.797631730249
-170.530844155844
46.387074920522
-153.172328051723
82.26298454692
-39.267465742808
-155.717011775117
-162.913211354618
-158.548438486427
25.831681773088
-104.331197014791
-35.549144486156
-156.680936739042
136.681630056142
-34.678571428571
-194.414953102453
100.510539265422
-30.92421424062
-90.556346810741
-116.245330678436
-39.424144486156
-46.233114487509
137.86247167546
65.056359493371
-159.742473211467
-29.662587791982
-154.573394731354
-50.39638220937
-60.380313317325
-83.599559349071
7.659923030528
-149.8961116466
-151.994137806638
-29.630251313357
-165.91447398088
-209.49053030303
-30.580455080943
-90.394660894661
-192.52400258162
-166.556465181954
-144.594807590413
-200.05800330312
137.371302308802
-28.920925916531
-82.926579551091
-145.702352768759
7.087281154176
-181.01521351912
-123.696436321925
-37.234425730519
9.238636363636
-166.78380766369
-30.262688266595
-143.489185239674
-172.04312235074
-78.972680910669
-181.623757806863
-34.595578412473
-98.086211585723
1.082364169034
-191.844689219201
-154.745949308938
107.021474863028
4.075605384199
44.906385281385
-33.087141645247
-104.648178210678
-133.767135642136
-98.938561817956
-0.24034992785
-158.155323463429
-26.275425149937
-22.602723665224
-81.251172438672
-149.604465413059
9.808892496392
-169.834325396825
-174.865177303166
-199.083341083829
-138.04615561305
-92.925324675325
-109.20183982684
-151.4289941829
-32.420482729076
-102.487221545815
36.801136363636
-21.28173828125
-89.4788883534
-37.151334776335
-182.161554157648
97.332243331755
23.061239839804
-83.952914327426
-38.64238577178
-136.093532281521
-43.286726782332
-74.719967532468
-162.588023088023
-0.884642321654
-154.556457431457
-48.985639740034
-30.091901154401
-30.704192454681
-141.324523133117
-40.43243681232
-165.922590863997
-136.461752711264
-176.693800448683
-200.659791976687
-140.249466624955
-96.098456664863
45.175492367875
1.75678450239
-166.206058210453
-156.652749594156
-34.813159496753
107.588383838384
-147.458083203689
-36.402056277056
-22.407258973665
-36.162997159091
-156.556194619183
25.148090489155
3.916937229437
-91.0643115023
-33.62796843998
12.52598177647
-167.311966624955
95.682371989989
-38.060355930961
-99.823600824089
-163.125894125406
-82.314924848372
-68.626102684208
-112.978076665088
-194.219398223304
-91.882055065161
-123.122572685561
-1.496101500496
-29.157567936621
-152.191849437455
-35.079176953689
-184.672881859894
43.134129379735
-187.966978659361
-81.082341269841
-29.479437229437
-95.015594702606
-76.734750546762
-107.883407879013
-39.62327868529
11.297819855925
-18.980277101371
-114.858778916396
-144.092893217893
-48.846583158595
-172.73384867086
106.211247519841
-26.992895613501
-30.513798701299
-168.772649767767
-107.23757454568
-35.792297979798
-152.01433982684
-145.193431947826
-200.854519666531
-40.734064980159
-30.293547923431
-39.796626984127
-143.523789090684
-41.368779522344
-146.065927128427
-22.330730575848
-34.744699365305
-83.447601010101
-86.136023319129
-32.728437415449
-211.358573175956
-37.705537518038
14.429390867379
-175.054743867244
-167.244130056142
27.336322206439
-82.406204906205
137.177827028657
-49.605957735841
-34.619297748692
-150.990973490485
-37.665862728851
-158.062762812274
-85.98374580064
-78.419101731602
-33.573773448773
-109.941009565521
-177.72418591608
-138.77391239403
18.454635642136
71.638700763212
-30.187479566874
-147.612103174603
-163.827380952381
-157.53068421379
-32.753136132531
-175.279048154536
27.661804287293
-198.43940168989
6.383830633342
104.433153028612
113.863107920725
43.83083626443
-172.440726320121
3.420382324923
-32.515782828283
-151.795614487509
-88.960928340323
-32.763007446113
-173.612943046537
-136.435273493867
-185.511391819986
-32.128857633252
-82.967614904627
-165.051476680871
137.064553881448
-136.055027112644
-25.500930059524
-158.452360519255
-168.027319089331
-32.989229276583
-88.181630056142
-100.608044733045
-82.183080808081
97.425402180285
-137.235827865711
-194.504140878653
-90.815824258207
-37.442919005907
-36.904601962707
-193.198953823954
-88.51233526673
-181.374799191694
-186.534734904852
-168.329066332973
-71.508851066468
-193.075007891414
-176.374549062049
-196.36266473327
-145.616452612058
-158.194444444444
-156.427489177489
15.953184890197
-171.39917027417
-156.046925730519
-176.475759971365
-33.482954545455
-33.66132516572
-41.163677793561
-148.369859307359
-21.866584370491
-32.534992784993
-117.834595959596
-83.081279451885
-168.009448911548
-32.47008590368
-155.461582552647
-180.976468789457
-26.413149350649
-133.021742959731
143.583956895969
-41.790215914728
-125.733044733045
103.033632220644
-159.000971630366
-97.238455988456
-161.474054157648
-153.699134199134
159.673520923521
-90.32207256719
-81.420441862825
105.430006679518
-33.505882626488
-193.461317274306
-141.80466143015
-203.747196434208
-31.488786089128
-227.81230694219
-153.962020807968
-31.879759509154
-41.654110158505
-186.631140506629
-79.004990967149
-37.295725108225
-30.668650793651
-183.064406622024
-89.376796001308
-40.939190665021
-172.572580576975
-161.522374272863
-151.674533420139
-164.103994041982
108.232034702494
-38.092960506291
-32.757042382531
-197.457008703102
-211.125701067596
-81.615447865936
14.654942279942
2.091999092487
-49.544614673521
-46.918568356557
-114.716880721275
-201.641081574675
-84.002447747565
-33.707251082251
-137.244851556863
-120.007124819625
67.96761243856
-37.131202510597
-128.761536261048
-90.425685425685
-98.591339595734
-173.558802308802
-99.077499323593
-182.079934388528
10.668761414367
-147.093635151741
-184.293753663871
22.862453708401
-29.685593377976
-29.672328051723
-34.147436276831
33.6415120795
-77.555284992785
-65.376082251082
-28.866279987374
-165.972763347763
-32.460698643804
-164.80284992785
-34.110820115215
70.768766769255
-157.324283924626
-158.111930549919
-34.23765205064
-189.673410302805
-144.919372294372
-184.014708327697
-163.602105034722
-167.677767490756
-19.849747474747
-84.138167388167
-84.615287923882
-202.735722177128
-33.859049479167
-175.523255715639
-193.573855885868
-102.741960621843
-176.538752480159
-27.261363636364
-134.592893217893
-148.834145021645
-32.806367243867
-38.659632034632
-29.885121443227
-176.696338383838
-199.738193176181
-87.350850158956
-193.052419423025
-26.021542151425
-34.681277056277
-101.973894567889
13.550154516707
-173.110021109533
-156.678190245085
-97.863067054473
-29.132227689845
-177.224399407017
-112.679563492064
-101.009361542321
-142.556367243867
21.749639249639
-156.594787157287
-29.176308988321
-62.36534992785
-36.613275613276
-144.906037213654
45.928140923746
48.874368686869
-29.013819134425
-87.316947375541
7.700840012852
-199.337502395608
-93.206980519481
-186.67306998557
-201.754231066243
-152.483593609082
-137.351170043065
125.02598177647
-156.188339871934
-185.65882034632
-183.205619955132
-122.921717171717
-42.873203998692
-28.340658961264
44.181179118191
-60.882026881539
-1.332993016098
-150.902867965368
-38.319526881539
-155.612373737374
-182.314061372655
-144.987255366162
14.098935786436
-104.347833102228
-205.445707070707
-32.545897732909
-50.363754734848
-200.782717662112
-30.994879740485
-201.17594823796
139.876711098147
-63.657820532332
-183.589375901876
-182.044199669688
-28.504509379509
-37.937750129645
-138.965610344517
-0.301337171943
-165.756866939484
-29.542285297168
3.083673650568
-26.593524531025
-131.471853721365
-34.53554166103
-208.014512451524
110.056830864448
-0.315746753247
-30.107503607504
-137.873363940747
-202.064963248557
-39.306998556999
134.864808802309
-143.807449494949
-85.963592397186
-78.435397501804
-96.469426406926
-34.90880766369
-147.035866477273
-165.696060070572
30.208243145743
-159.960330142947
-168.560343248332
106.115267490756
-178.104998788104
-160.748706724049
-190.329086766098
-155.94705988456
-149.400633708739
-45.318833564439
41.064484126984
-52.839847272953
-143.487976866883
-44.292380416892
11.871580622069
-165.443272005772
-53.171910229527
-90.601468789457
-150.065927128427
-42.971590909091
-37.900404716811
-189.35264122813
-138.075098079004
-38.716089466089
-188.853264790765
119.948510636499
-33.928038053526
-184.091109899215
109.110832797844
-159.76643457454
-138.664404226416
-36.3550065386
41.983516104122
-34.32683982684
-32.63543357684
-117.911165223665
-137.105261600379
-38.371400246889
-23.819035077336
-193.091352278364
-183.44562709968
-89.181124864719
46.549152236652
-143.42288961039
6.34422559862
-175.978244357639
-44.198691011679
-114.037538470644
-201.624458874459
90.610507981602
56.234196738591
-26.686868686869
-177.83638702877
-30.260469510958
-98.583784271284
-92.540153910759
-26.014971139971
-31.779844341856
-152.721299913194
-94.688041125541
-168.289862914863
7.374090373602
-65.873987503382
-27.586961270067
-38.75018037518
-169.995031932044
-180.597750665133
-142.922070171582
-170.061758066153
-184.444903132891
-31.724214099702
-152.643115022998
-207.962224082341
-191.448593073593
-35.527259551429
-90.319346506358
-81.687249870355
-35.085018713925
32.267669017181
-26.740177303166
-162.83648989899
-155.512152425483
-39.000332566739
-80.913793346411
1.306387676993
102.720245845734
-155.467614904627
-36.17993199292
-196.287685730069
20.821766422596
-91.599989853896
-111.916396103896
136.212925149937
-30.767316017316
-184.056797748692
-59.795155799062
-176.122634689529
-184.200569450081
-130.045093795094
-96.717983405483
-148.597701343795
-151.333915677422
-158.253504633387
-179.231761673656
106.044011544012
-137.833436203553
-165.279019970914
141.183351370851
-179.64202502142
-162.061417748918
-146.480269350875
-181.555903623286
132.214937460543
-35.20880470441
-96.710137085137
-35.020493016098
-72.664875597493
-95.762556508162
-30.476571659677
-196.180826118326
-42.107934112329
-43.581078643579
-160.919490665584
-146.360016177399
-102.695178627796
-106.238914676903
-188.555284992785
-105.956251268263
-146.926226551227
-31.973464415359
-172.206702206214
-36.28382034632
-134.881764069264
-179.274342898855
107.055104617605
-145.554481054969
-105.040203232098
-25.540146160263
-195.810232627615
-177.155130405619
-181.29510154559
-87.946415888799
-193.377976190476
-105.181256623151
-109.474386724387
-173.259359076254
-33.272637085137
-104.092893217893
-91.284712005659
104.634672971343
-152.981503793516
-66.15117483428
-118.226030534136
-155.375811688312
-195.917720734127
-137.49529756268
-87.016955266955
-107.989620676632
9.82980826682
44.076476610412
-160.918130101236
-33.460129334641
-36.242694805195
-192.516586766098
-144.765630636724
27.31945219494
-128.361569799558
-91.368055555556
-42.785095655213
-37.419184168696
-148.976301096907
-96.391934833829
-175.313319438808
-30.092073779086
-165.183789626172
-151.736108645044
-41.690476190476
-149.364878556773
26.991001674107
-182.176108180014
13.775334962347
-36.139077014565
34.812131499143
-38.6920995671
-151.079246708153
-84.23538961039
-155.445444258433
-97.230076293065
-166.861770607864
-197.184966996979
-131.103625541126
-146.582521645022
26.692530071925
-37.965937274531
-51.01652476213
-134.444256318768
-35.043843851461
2.562868500857
-165.510289135777
-136.008830633342
13.841839150433
6.077860073954
-39.137987012987
-139.20871451682
-87.285165409677
-154.62204424265
-164.431998556999
-11.380694500812
-189.025621026109
89.974013291396
-134.14717839669
7.271804963699
-81.838945397051
-138.311147186147
-141.418359797754
10.237033420139
-102.159964601371
-22.180707747114
-189.293748731737
-32.147477143083
-113.82136656746
22.702839640828
-196.170544733045
-174.601919727408
-37.532307590413
-27.457140461535
-184.458145207657
-100.654651284046
-147.4761002886
-93.650582625924
109.079455266955
-45.091630591631
-32.702200577201
16.150350463339
-164.824482266865
-86.357240795229
0.188832380727
-38.881686564304
-200.980532163149
137.909263533775
-38.767877575983
-91.016893262987
47.832160894661
-174.201950447556
-73.286067285579
-102.385211630817
-67.473567285579
1.831429177376
-39.740690245085
-168.265311457206
-28.615189985795
-35.821859076254
-31.544462481962
1.881333564439
-168.741903550009
-154.78869047619
-155.133740445752
-158.143988362983
-155.345488224883
-174.192480750586
-105.206820577426
-32.434804588857
-59.301324489313
-176.36631380772
-173.332702020202
-27.241321558216
-180.673422985435
7.299783549784
-159.313860564349
-88.150510405393
-37.287615975604
108.853777732684
-179.302058672664
-177.35579004329
-35.95939515129
-152.590798470193
112.104859983766
-91.896116578734
-36.13673213722
105.948966506584
-152.591901154401
-184.346681096681
-199.317537822421
-36.565824258207
-43.955975773359
-42.523075340458
-182.710075081169
-190.941189940702
-200.388520388032
-34.481934298341
3.671877113772
-60.401695526696
-37.081702206214
-31.836572336084
-155.163968789457
-35.213736838249
25.043740981241
7.722791531385
31.138806451795
-156.41810966811
-36.45002832454
-156.700329536999
1.253164316153
-163.647747705853
-198.87587369228
-81.026597588609
-35.388868455763
-156.507423566017
-32.463904530799
-156.528061023178
-144.744859307359
-193.985758111246
-191.060245310245
-193.751242193137
-29.740793115305
-72.987373737374
26.146001025884
-37.371212121212
-56.562798746392
-183.107696665314
-37.683519063402
-161.301406926407
-198.694707256719
-111.427398989899
11.594145627593
-32.627816248422
-108.419560420049
-176.644500952606
-30.625819438808
-162.911969161481
-88.991960621843
-97.676066609172
115.706509148404
-190.107233044733
-214.590888657783
-85.712288904672
-203.025312063154
-78.361008240891
-140.59986584596
-164.363726551227
-46.721420750473
-0.920717357729
-51.638437950938
-106.187049062049
-31.912038915945
50.116239121122
-154.595336033324
-171.813041125541
-94.104707792208
-180.181609623016
-28.375824370942
-168.552370806277
-162.654200346095
-194.319526881539
-166.319526881539
136.621580622069
-139.556880185786
-193.62805862757
-183.511876578283
-152.121675741793
-176.870019249414
-14.012265512266
-66.213904530799
-32.64926046176
-181.903318903319
-27.307289552895
-208.781485685538
-120.631866939484
19.945328353287
-33.066187474635
-187.614927173521
-196.729728225334
-169.825314388303
-182.80304298566
-113.325146695752
-89.139069264069
-94.745387750271
-190.520665640783
-96.974767907873
-192.601162292569
-46.870212307224
-160.922778989674
-82.294184168696
-36.66046415607
6.540473794868
60.860472047484
-16.577744168809
-95.837654587166
-84.909291717397
-176.939546130952
-127.413337476326
-161.267869825487
36.650991993033
-59.034341038736
-84.654110158505
-197.72870797822
-183.784258601641
-175.46376502187
-172.19515819467
-94.467524717036
-37.34595959596
-57.367722988817
-129.217450030438
-192.838195712707
-178.94009500699
-166.781913724296
-79.524829770924
-198.830176767677
114.645299958288
-158.013786018669
-9.507784316378
-179.024108270202
-50.674415048927
-42.059232813627
-89.685987244093
-43.738906926407
-192.17984180533
-34.196325701209
-62.306457431457
-36.784980102363
-38.186049248061
-30.530823722718
-66.745593490711
-184.124167878562
-31.864337431232
49.481629915224
-32.627053881448
-27.650523088023
-159.885634385146
-142.324703508297
-85.706467577561
-188.613546176046
-163.1654117909
49.358225108225
-50.642418887536
-205.258289507801
-100.726620981016
-187.915847227859
-97.93739712978
45.230772076231
-194.576298701299
-86.756132756133
-124.349559349071
-67.722132034632
26.501994343547
-187.376082251082
-100.995961991567
-192.588023088023
-184.439476376488
-125.846500721501
-35.519918774802
-32.007014198909
-171.314303751804
108.983936392384
-34.687979121573
-171.855872480384
-189.095678816626
-175.591901154401
-40.73366829568
-36.529138342127
-42.216081715593
-32.338736838249
-133.870748500631
-37.345328282828
-194.873954035331
-90.450765326254
19.802919682314
-133.431658239764
-201.226904226416
-185.595766538149
-28.267323767812
-36.910090723079
13.586518082612
-97.250520692415
-146.592692409587
-40.030220593209
-188.148150027056
108.406447285354
-189.363102988591
-150.939927314439
-161.109217171717
-98.280656030168
139.266594516595
-30.873626753021
-209.365501767113
-184.228514920409
-102.927388773336
-117.859307359307
-153.917035167523
-145.169642857143
-70.351613230519
-110.883457200352
-131.629411441423
-155.811778499279
-168.552321484939
-100.738012801001
-87.988574359668
9.110397360886
-43.519911024306
-156.211951053504
-35.923520923521
-190.391115395022
23.830906018894
-93.292019666531
-191.360181051587
-69.971237909226
-194.463842526831
-31.498028555646
-192.444526881539
45.010103476168
-50.839757085363
-168.432699624594
-196.057622119634
-190.345217662112
-109.10300197849
-73.233926175821
-36.815906695301
-156.996142366748
-202.111711774554
18.281913724297
-76.173971861472
17.288968789457
88.491182049288
-34.220591095103
-192.747106246618
-147.05313317325
-169.364989177489
-37.779421587527
-150.452027952516
-48.538177534271
-39.386193477746
-191.814942815431
-46.666867474973
16.860500231106
-30.247446563853
-42.328130636724
-29.373216681322
-29.260023505141
92.07721325983
-49.372462064845
-30.482774170274
-151.326007705402
-57.622675555781
-32.375561558667
119.272284085272
-147.818341760236
-32.848845598846
-20.902757344652
-158.989288109894
-168.959874272863
-174.971340779446
-137.555444934839
-162.429084370491
-136.017689450307
79.674074731692
20.139708327697
-201.543581039187
-171.893856956845
140.106333634898
-182.577138573232
-99.072067635056
-92.946768888663
-74.697500605948
-171.202303447421
-89.088474025974
11.101734067799
-190.840347532242
-193.686765816649
-182.687479566874
-166.025793650794
-109.126180189168
115.524922424581
-23.784812409812
-32.142055671108
106.325126262626
-31.549031399373
-140.734279175685
-26.973394660895
-171.308199179293
-179.056880185786
-40.416486291486
-32.69497781949
11.814151560245
-119.183281616387
-86.508637575532
-165.483503421492
-175.475108225108
-176.200368641775
-170.863829421447
-134.637987012987
10.740808616297
-70.913259971365
-40.938590001578
8.241762279604
22.023526278409
-75.972160218254
61.277319089331
-37.415834545229
-26.417841571406
-39.368977864583
-201.407820532332
10.758387445887
-92.193362193362
-199.282204720193
-157.813311688312
-185.488386233992
-39.771707025613
108.998286435786
-159.045434112329
-167.776342526831
-26.896845829951
-181.365710678211
-38.866702741703
-166.732330982819
-148.087113461625
-28.655393217893
-178.245122119634
-32.405565842578
-82.965465903454
-105.22591991342
108.60176225142
-169.426144114132
-34.086608270202
-27.932622119634
-124.18359375
-176.587309337798
-151.581452076569
3.307962436869
-151.624167878562
23.679743867244
-89.221160404266
-172.940448006854
106.588932714421
108.47104978355
-30.825757575758
-144.810657848011
-172.704733580222
-178.247855930961
-162.322490389385
15.227009914998
-75.137105570211
-87.484044547033
-206.901986874887
-161.627352627841
-158.354146233541
142.877996623602
-191.908701975108
-161.59021577381
-27.794310290404
-201.622106246618
-189.647346089241
-26.656212656701
-200.416949912067
20.567931688537
-100.969856911751
-147.581349206349
110.480146047529
-189.496302308802
102.778741657648
-160.815927128427
-102.669725294237
-192.996031746032
112.656315526921
-192.403056091044
-0.50983044733
-148.410193593299
-40.05924303019
13.650154587166
-169.644112018624
-37.478527603039
-182.607786852904
-104.449876132982
-81.920995670996
-173.860598169192
-185.649919958514
-194.074121516504
-2.998667619273
-58.581279451885
-147.898095773584
-175.191939625045
27.895091399486
-152.379710187816
-45.127414631809
-192.999827375316
-30.413780663781
-205.071240445752
-74.568612323007
-168.156503652597
-110.379697505186
-189.248384373873
-29.66646585836
-28.842442279942
-127.080475514069
-129.089556277056
-99.222132034632
-39.08656740395
-192.46339158888
-103.381042568543
-142.538710909316
-42.308900246889
-199.715465903454
-95.213855209461
-157.302481426993
-193.54329004329
-21.174935741342
-26.247946118552
-42.367777242289
-37.189005005411
-169.602342481737
6.422858960701
-170.492542613636
-26.278597216585
-152.753988687094
-156.894217707206
-182.553772236878
-142.964618281025
-38.578385698503
-38.254357187951
-114.772990085002
-135.748716940611
30.472755597267
-31.301677489177
110.630890376984
-43.566821253833
-173.732204861111
-168.813492063492
-95.337384024396
99.508367012762
-91.675677675189
-156.281024531025
-135.097492784993
-81.11937771972
-46.273801773313
140.602393564552
-34.604818412924
-83.828282828283
-192.096488038871
-99.541736421131
11.396817646329
114.202012451524
74.930936739042
-45.091893403905
-157.329725829726
-52.899518341901
-118.730158730159
-42.817091816604
-4.373536565431
12.161714099702
-95.332604082116
-160.840179839692
111.492001488095
-83.810876623377
-27.361033606151
-30.28098613084
-73.147727272727
-86.383194388077
-33.507145252751
-168.043748731737
-108.852460852949
-117.71444565634
-99.08579658189
-164.741362424468
-77.388497488839
-118.093003838609
-83.225649350649
-156.421098541216
-66.13924963925
-43.794274356286
-167.295524299919
14.260984918944
-36.266865079365
-154.288760230655
-96.647969651876
-143.348943536932
152.477465785083
-37.571711816829
-127.664793160399
-163.398727086715
-187.855539913645
-104.583493275388
-174.279110158505
-191.477092352092
-192.540494227994
-25.672619047619
-173.908189033189
-117.359946422935
8.465818903319
-91.372557184569
-35.533451845464
-66.848575036075
-167.36707124256
7.870670995671
-33.591177187613
49.647977402372
-160.718635151741
-171.260273634785
18.598763161751
-32.638806451795
-107.769147952742
96.067630476078
-39.328373015873
-97.971521154627
2.485840548341
-120.335941022953
-148.667395917884
-30.930888122294
-179.642787388393
-170.416576479076
-4.175567054473
-183.299069799558
103.950958384064
-28.210559839466
-48.268199926159
-173.662615975604
-36.827180144075
-195.364378297484
-26.082792207792
26.058802308802
-34.639700577201
-192.977002164502
-155.000721500722
22.647727272727
-110.88359600469
-194.638146955041
-53.991501933396
-31.369325932314
-160.317550505051
-169.494027185922
-93.396456895969
-189.323224572736
-29.554411300505
-30.201450892857
-143.584747798859
-172.148891960904
-122.661054602949
-162.572621443227
-33.267967763573
-195.673902107008
-152.7711116466
-39.706918515512
102.362345553752
-56.718552714646
-38.944632570121
131.14124151673
-146.934461805556
-136.580259204771
-178.782467532468
-43.135461760462
-33.745498370987
-166.342344341856
-164.383297258297
-125.08370183419
17.966171903184
-41.872016059028
-43.627692945076
-62.221299913194
78.838932714421
-190.256485755997
-33.029499092487
-160.106068356557
-193.44046843998
-191.120871803977
-36.040702786797
-206.622675555781
-41.710137085137
-32.059523809524
-167.845398037293
-31.389868269751
-162.23374580064
-30.543297793786
-86.260371572872
-136.423368731962
-106.915203232098
9.553653865666
-174.534632034632
-192.777847532242
-196.800893984488
-201.869691614809
-194.078004515016
-39.457160894661
-175.49045279807
-174.481323418335
-24.141762209145
-111.970799653905
-42.015491832386
-130.706140647547
-90.982621978716
-135.095037286932
-31.917741167253
6.84271530878
-31.662628658234
-109.129045758929
-114.507472887356
103.54950277045
-115.57396157445
-35.992403809298
13.706952335859
-116.368145743146
-33.785595914502
26.767947330447
-187.948400015783
-15.055645743146
-200.154880275974
-162.068001443001
110.483616508275
18.519583389701
-82.887786204681
-2.111910116793
-151.939136059253
-190.128148815161
97.314200881584
-33.233237790855
-87.241805611923
-86.027687590188
-155.675664640264
-73.25016769255
-90.753517316017
-89.893050200667
5.786332916216
-88.410526160038
-189.536172974161
-29.064512310606
-37.619616928211
-89.438852813853
-32.417916610299
-86.398822206439
3.094003652597
117.515873015873
-182.353715728716
-24.416035353535
-83.469696969697
-184.937790995896
-156.96463871415
-36.643496206484
113.5670995671
89.827373201885
21.009748010236
-40.977473535579
0.680633060516
-44.555014430014
-84.64690783392
118.204264675212
100.036636594742
-173.388327330222
-68.445518945031
-39.4951171875
-159.977504889858
-137.65654522344
-97.344885095373
-110.603094632147
-152.842823463429
-35.59497774903
-27.659021154627
-38.093606968119
110.223402411391
-51.278471094877
-35.83439515129
-157.854166666667
-160.259289321789
-184.832964832477
-38.989718614719
-39.847590723079
-125.169583319242
2.662968975469
-54.297348484848
-157.74695405506
-201.690205627706
-155.396374458874
-31.388778268173
-168.87309831011
-33.231400923295
-74.895923520924
-26.009096263979
-80.90357678346
-38.014069264069
-175.409812409812
-162.495933807946
-79.797969581417
-97.727182539683
-15.855890447443
-26.392316017316
-160.590716033099
-31.924262857368
-135.081439393939
-39.752254689755
26.504880346433
-41.647637085137
-27.137085137085
-41.468331473214
4.58945833897
50.531495902101
110.502823998918
-100.56458206507
-144.433814991432
-133.468011589105
-84.222923289818
-87.995969742064
-151.745748500631
-43.461420144526
23.592261904762
-189.358495670996
-189.321338383838
2.284902597403
-154.630661385056
-41.409271284271
-160.420183982684
-183.682622119634
26.694993320482
-151.296003421492
-115.926759926272
-96.671724922213
-42.893480705492
-18.703581574675
-32.426497113997
-164.441767000361
-193.550234487734
-135.941808571203
-168.248814878698
-27.822892005997
-141.372745310245
-165.175054112554
-172.870302494814
-71.355617418606
-111.860126798115
-182.483918425325
-41.337183216089
-186.333673650568
-28.120580808081
-165.623897315792
-144.999278499278
-89.615772682179
-33.551337171943
-173.589834590323
-87.100100474612
-145.303591861697
-133.066107503608
-76.612714054609
-196.212239583333
-190.521444213339
-90.172521109533
-167.223997790404
-31.808982683983
-42.235722177128
-26.656856652462
-35.183544428662
9.922709235209
-162.518766769255
-82.415071473665
-193.101272913285
-140.037329911842
140.668532422439
-91.85300197849
-183.862172929067
-31.095570661977
-186.157016594517
-162.87968975469
-159.979785297168
-168.696691383703
-85.172085672574
-156.893385585768
-177.681465181953
-151.926599984217
-146.036144790539
-206.292839105339
-177.847312409812
47.15826125372
112.451687635281
-102.937778313267
-181.146263838158
-202.030290347673
-185.199515382621
-42.471681096681
-148.311335311824
-87.737005236517
-177.884497880592
-193.27676528116
-193.436147186147
-37.479334359217
-144.201326884921
-30.753254503743
-35.034389655483
-87.800214054609
-82.55954424265
-184.404934529446
-76.008928571429
-35.235451614358
-164.693251572646
-91.351649164637
107.175214054609
-192.154483591495
-59.042457921852
-30.218704906205
-93.99006668245
127.734585672574
-170.316189940702
-145.322420634921
-207.608315295815
-163.389630822736
-183.012293695887
-187.941808571203
-176.282898037293
-42.17037210836
-82.921897546898
-36.632563074946
-32.852071918966
-188.80266955267
-164.078172207567
104.216331845238
-27.650974025974
-164.748348439755
-165.050687891752
-150.987110925099
-39.101811572759
-80.319547314664
-193.956439393939
103.250520692415
-140.262703767587
-155.916063537157
1.20852145901
-33.790396289908
-148.539862914863
-28.156397964015
43.47906872858
-146.970348715954
131.018009334416
-209.01452020202
-86.791756854257
-27.730068542569
-33.455066146961
-142.521451963835
-211.030012034407
-123.254426942415
117.12308562748
-59.707439207927
-171.650806333424
23.257415815521
-36.998556998557
-31.242256549874
-204.505411255411
-193.977009914998
-76.202102639114
-193.413412162924
-155.372106246618
-179.149350649351
-34.740447865936
-30.247647372159
-32.790867660985
-155.381854256854
-75.902074244115
-139.721791717397
-27.293552855565
-168.819235885642
-34.89420995671
-62.687507750496
-152.932990620491
-159.276762815093
-41.231774356286
-3.356872294372
13.395562770563
-138.937868500857
-39.26061395202
13.119027185922
-145.627246939259
-194.518488455988
-170.627061631944
-35.997724877119
-183.83475590165
-81.414321789322
104.567439884334
-142.892316017316
-37.799853304248
-83.730256668245
-23.39698533888
113.888517921965
111.402058743123
-37.891061141549
-28.187842783302
-34.10797497858
-182.292941975559
-43.656483219472
-179.631222943723
-171.226162292569
-25.303641183036
-195.410832656926
13.419019294508
-27.504336754825
-33.50877637987
-43.012195757801
-146.735049293155
-203.317009379509
-162.399989712978
18.303841991342
-194.262896825397
-105.184591097921
-90.148711585723
-93.701497043538
-193.744658499053
-26.289662106557
-199.248987503382
-192.508748196248
43.837301587302
-29.070977633478
-35.460850835363
-108.928591861697
-142.27895021645
-13.824224386724
28.216277591766
-156.657217402823
48.539211168606
-101.219544778139
-81.700487012987
-181.290924732819
-37.460325210813
-193.906447285354
-164.031848901966
-161.670925916531
-201.155635597042
-87.120158053752
-53.53020262615
-39.655663780664
-116.612193362193
-154.620578342014
-30.866883116883
-96.318475280145
-39.082078457567
-158.623015873016
-29.860199018646
138.272817460317
-29.827097706981
-112.585075081169
-30.476814038826
-194.7116829568
97.232212611607
-30.919532236427
-177.065947561553
-31.772173464556
-110.543929106917
-76.732864357864
-158.075126262626
-78.143599076705
17.835685961174
107.204274891775
2.350538729933
-172.136822324811
7.886253015648
30.651344992898
23.302857678346
-33.937798746393
-31.736554298566
-180.674793766346
-140.808621933622
23.186265557359
110.051489363501
-154.611172762784
0.056269305781
135.029934529446
-103.289525063695
-114.101911976912
-113.674131803526
-121.528311152823
-72.306978123873
-75.961010777417
-165.770562770563
-102.106429106917
-27.835838152733
-201.957251082251
-199.317743562861
-34.706279451885
-194.006395568407
-37.964007401019
-144.938873246979
-191.781315526921
-198.822407952291
-93.007112136995
-105.092622655123
-110.705369825487
-172.556900618912
14.616509683892
-159.978272541261
-154.436056998557
-158.537971441536
-94.081918515512
-156.119511239628
-0.500360750361
-209.979728225334
-129.387015382621
-30.000984312996
-29.801144114132
106.726641414141
-161.382727949134
-33.322420634921
-82.833034586941
-97.630849510732
-88.017676767677
-104.080086580087
-104.071317950712
108.637445887446
-34.924763116658
-28.190033003021
-126.882485569986
-43.845709466315
-35.282905787789
-170.16055434366
-32.188131313131
108.709415584416
-162.654671717172
23.63186200735
-83.982503607504
-28.377427314439
-199.455460013077
-179.276785714286
-189.118957431457
-34.666589161706
-146.428293115305
-109.80589587279
-37.893751268263
-74.924440766482
96.693550319039
-153.485860981466
-191.488373551362
-176.264131268038
-194.119318181818
-33.187049062049
-29.364197922303
-44.784701789096
-168.283472278589
-37.30954424265
152.031295093795
-144.36456642316
-113.763077200577
-80.327561327561
-39.220410719922
-36.059150376533
-143.049873737374
-98.107683982684
-193.898448773449
-176.370740750135
-169.93281024531
8.145132265738
-89.940947561553
-100.966457966946
-176.311860936373
-39.341011961129
-89.392032771916
-56.135544197556
-36.878718124324
-162.022789276696
-25.678739121122
-34.393205210588
-40.060253060741
-183.569264069264
-28.257145252751
-137.729986105474
-154.457521645022
-146.361304168921
-162.671979983992
-170.759080762987
134.739478701637
-179.203926824044
-29.851891543786
-161.853146419553
-186.241723174829
-34.625832121438
41.236652236652
-163.986409857504
-84.57492545432
-80.58476858428
-28.561930690837
-103.073925640332
-179.709789017406
-188.437690591743
-166.068833564439
-31.425893984488
-157.563110880005
-88.304022366522
54.115520086467
64.503246753247
-95.701381138393
-94.958346015963
-19.619691614809
-36.90455334596
-197.878123097606
-86.233065166171
-186.417400850018
-144.595779220779
-39.082632265738
-31.782629940589
-40.098562353445
-95.156573407062
-82.539571918966
-39.167117604618
-33.208050087933
-197.066017316017
46.556174186057
159.19858285703
-35.509011008523
41.981864543876
-38.395374644886
-143.887237328644
42.922188542794
-103.897469392587
-30.570817691423
-34.782294907783
-103.822428385417
-144.059856376263
110.013798701299
-34.184446304563
-36.688950751939
-110.96357196406
-177.603555786661
-87.657565470554
-81.315406436012
21.435593377976
-82.206717707206
115.228164386612
-42.210760647772
-170.402867965368
-185.736209049197
-32.25955988456
-196.722693593299
-48.350587346681
-76.539965785083
102.587502395608
-116.583145207657
-98.533647721636
-191.531586089692
31.82423213722
-182.481872294372
-41.138257575758
-27.234856235345
-30.312221686733
-39.50208206507
-26.762724200712
-34.291125541126
21.227723665224
-84.115690245085
-122.993526926632
-33.803911745806
113.449675324675
-29.279019970914
-35.585157518263
-117.507124819625
-77.975206163194
-187.271887400794
-31.137654446248
133.665674603175
-83.190226060832
-140.746191688086
-190.092532467532
-24.765630636724
-88.485291672303
-85.092352092352
-170.229437229437
-93.709338079455
-40.527306406701
-161.325319320436
-171.204074083469
-155.831356956845
115.07397425708
-162.313512496618
-41.417297979798
-181.935453869048
-85.737012987013
-180.122634689529
-151.285103405709
-39.974505095599
111.925953522389
-82.571961946474
-108.832781991229
-39.410693852588
-29.63474025974
-162.732926361833
-179.997126679744
-203.751976376488
-31.79137567077
-37.395013894526
-187.616411745806
-18.397186147186
-125.385933131539
-186.030511589105
-111.884892451299
-96.800693176181
-110.83792268387
-162.79778674017
-168.484918239313
-105.006666131178
6.403569032964
-85.171446608947
13.081058210453
-168.286263161751
26.30312049062
-152.33457552647
-80.219348901966
-38.3701171875
-177.760551948052
-32.347320160308
-187.418220288826
-118.995568125451
-90.448531069625
-31.553112740124
-63.930063399058
-185.84404522344
-90.268666365102
-158.332313086219
-82.006215193227
-191.880599381088
-139.806748427354
-163.611742424242
-166.396464646465
19.282900503359
135.500708818092
-36.648469206575
-37.829725829726
-36.468684473079
-165.754398758793
-62.35378548318
-27.523185961174
-174.351849972944
-32.278671903184
20.226108039096
-143.320416074811
-163.196781571293
-148.505761789209
-29.379509379509
-84.556805499188
17.275703463203
-189.071686451569
76.188273288127
-184.701028138528
-133.489891239403
-160.365600057495
-89.288128917523
-200.858405483406
-156.760454009966
-130.321892192009
83.372735093682
-180.340014965503
-142.669552669553
-29.269849020337
106.098304473304
-34.485820115215
-193.192919005907
22.183822741928
-27.349829911842
-144.687881183487
-120.454475700081
-160.386002886003
-90.564754689755
-40.860717244995
21.38446969697
17.472652727047
-188.48374580064
-33.268468022863
-199.528700086806
-136.472041847042
-132.045086044598
19.14230826682
-143.554014616026
-178.518205210588
-40.08160708649
-40.966713028725
4.231900477994
-36.106498861382
-170.821358816964
-108.966298024892
-194.274608529491
-37.682439278387
-159.164411976912
-101.204447516459
-14.225190662202
6.2693001443
-141.021361776245
79.356720102814
94.834436017541
-115.231511544012
-159.842733275839
-162.65567153116
111.027937719832
-30.897428526335
-34.84432846884
-175.597485034497
-156.790125727137
-48.918941789547
-92.08945833897
-156.225546480429
-141.885441327336
-32.045274170274
-159.083312900207
-35.287440532558
-103.506292698187
-175.00936682675
-96.745330678436
39.423327865711
-38.062402061914
-171.934766188672
-164.642426638032
-136.880161125767
-88.63933982684
-195.682658053752
-91.009049408708
-176.834242959731
-27.660456405574
-152.297168109668
-176.38255532445
-78.403707837302
-176.422147676542
-80.874889379284
11.615968558351
-72.771583017677
-192.211940836941
131.882846320346
-82.583673650568
-209.317890822285
-172.796356421356
9.810002931097
-41.610028860029
27.227633477633
11.088293650794
-35.949564703959
-76.337559467442
-206.225406971501
-78.043359797754
-43.041687099793
-170.331418960814
-149.414301356196
-165.007457386364
-179.017122959506
-86.273088023088
-31.598484848485
-207.239690431097
-85.570609132621
-26.758629825036
-87.552919682314
-192.888056767451
-37.903249148855
-33.275314529221
-40.930735930736
-163.847513218119
-194.246019063402
-100.644418515512
156.783189033189
-177.87672131471
-96.673229927624
-87.946539192145
-76.13655176204
87.499458874459
-29.356310735705
-121.476801356196
-34.271637271149
-191.195165945166
-58.517774705763
-36.679743867244
-78.237033420139
-36.188414558532
-95.85865561305
-123.107573361968
-148.579906204906
-158.002151819535
-25.933150562545
-158.007367198773
-34.405573593074
-175.82902476213
-36.028118095013
-78.306797748692
-161.881313131313
-35.172188542794
-107.254336754825
-177.703623145518
-25.372655122655
-67.611750174738
85.287407416802
-28.98366829568
112.199556953463
-88.710428081034
-150.127344877345
-202.271722526605
0.004710187816
-159.687950937951
-189.748216681322
-144.274072336084
-103.878336940837
-149.757743450126
-28.065393753382
-206.424312178707
-41.001090001578
-25.873654936643
-134.455024576118
-38.266963017451
-36.069735440341
-97.001180189168
-35.460206839601
-55.902417027417
-189.661172974161
-177.127553436147
-86.15395021645
-197.053280432675
-179.270853766459
-175.293802985209
-95.323855885868
-91.086129148629
-196.380140692641
-37.673270793876
-185.729244171627
-92.456168831169
-38.392774705763
-28.868506493506
-35.258006262401
-34.305027112644
-168.217171717172
-157.576999768894
-39.813922568317
-34.94887138686
-37.071699134199
-33.983688728806
113.169833448886
-38.86562049062
-82.913350158956
-36.241341991342
-56.6969823796
-82.585956523945
-74.592261904762
-51.342705092217
-34.512456104009
-177.098755411255
-33.302689985795
-38.57892189191
-36.376623376623
-40.791035353535
-100.636062423904
-42.154950030438
-141.641774891775
-118.867687054699
-35.314906881313
101.093988151605
-108.704287574405
-192.872273939168
136.720049969562
-29.585399897412
30.280906159812
-75.448044197556
-164.066280128292
-81.777576969472
-89.045532050415
-194.048709049197
-152.303932178932
-34.612554112554
-62.451741888754
101.9574934614
-32.982843924738
-190.260281385281
-200.906287343299
18.151545801204
-151.258755946744
-92.706099076705
-155.181026926632
-101.76512333153
-35.603202786797
-38.976842222448
-208.218421660804
-173.674422799423
153.952793490147
-160.576126076614
-129.073580390963
-175.160533910534
-176.706321022727
-189.779859842848
-197.553481240981
-147.574237069354
-1.609405297394
144.982503607504
-92.460747965142
13.776695526696
-37.763618326118
-39.073753015648
-28.881222943723
-201.955287388393
-86.778589466089
-178.280012034407
-145.439922382305
5.799943491838
-31.913422379487
-191.676074359668
-156.135273634785
-26.916027603039
-166.654589280078
-186.412510287022
-32.491792929293
15.034070475965
-144.746039496528
-138.369867057855
-151.265069078057
-38.786005281611
-167.013167388167
-100.84901822353
-139.435126939033
-97.905643347538
-163.635802077697
-33.147248151154
-87.100399221005
-139.743748872655
-80.019959641053
-88.22295147344
-97.709595959596
-33.819264069264
-76.669941603535
-168.529561096456
-88.749368686869
-190.019467836851
-187.207591399486
-92.137806637807
113.311327561328
-91.559170809659
-43.915937415449
-191.675865800866
-58.191648629149
-29.833933996776
-171.79310966811
-29.160333102228
-27.496552438447
-72.120511053617
28.175497300009
-157.053009869904
-149.753968253968
-32.926845181728
-197.446408138303
46.601530793425
106.888979076479
-185.648476957071
-99.236500045094
-105.87490981241
48.329192454681
-101.247913002796
5.9634944591
-115.429022366522
-37.181650489268
-33.604256854257
-187.589167343074
-134.044179236562
-131.024613461625
-81.455988455988
-31.819354256854
-43.353473349567
-124.020985524892
-47.05093555533
-170.256029885913
-34.430132801227
116.281833753269
3.088453592848
-35.986319669913
-95.012556508162
-79.549250174738
-30.164314038826
11.451476610412
-171.00660412721
-147.265790578779
-52.575819579726
-185.585054648043
19.656996161391
-169.950368641775
95.611000490395
-92.025079900568
-175.798611111111
117.23166373557
-29.140880766369
-164.874090373602
-36.579274891775
-155.105637851732
-135.838667083784
-97.859224922213
-27.891213333108
-51.218225784632
-36.986381673882
-187.876082251082
-172.2952946034
-33.451468859916
-36.486554298566
-30.139077014565
-30.246199438582
-102.384031441649
16.030906159812
-142.841720779221
-33.443813131313
-200.625541125541
-118.419490665584
-143.49217411278
-24.335137085137
-135.461038961039
-148.42488148787
-31.79797979798
-178.052107994002
-161.089097588609
-27.28145503585
-167.093426592938
8.579988642
-162.697302263708
-28.230728039322
39.024641645247
-193.84143753382
-152.406295093795
1.288242004306
-40.40185546875
-179.716241657648
-200.736170649012
-171.955808080808
-27.409992784993
-205.287157287157
-100.190205627706
-171.730326422709
-151.850371037383
-82.511904761905
-198.12327868529
-37.639311643218
-26.091081715593
-33.624167878562
-74.864981426993
-186.254050691062
-76.516053391053
-177.845147907648
-176.298618861607
-197.155052900658
-123.252463248557
-41.723755411255
-150.415666852679
-139.269853952471
-151.505772005772
-29.046376854482
-156.774891774892
-159.82311395202
-95.894758832747
-169.817558255546
105.034083158595
-38.327249898539
16.537718845824
-148.314110693994
-148.946678701073
-199.106789857278
-101.150425149937
-184.947052134064
-70.608127170139
112.636814574315
-41.538870851371
15.182098961152
19.102914256967
-77.964538309997
140.260309568903
-40.668372480384
-146.092552900658
-140.343336405348
-136.873827561328
-101.340618095013
-41.125152191558
-93.901605339105
-161.684884559885
-41.480671672078
-28.656037213654
-150.782840965458
-156.940865124459
-28.200915051745
-29.164772727273
-38.968253968254
-158.809010867605
154.983869103986
0.941808571203
-143.225566913555
-108.74036261048
-149.510974702381
-90.984307359307
-30.20574607684
-199.180575988681
-30.951138759244
-154.448302077697
-42.13265819467
-88.484861167478
-95.90568421379
-165.186056998557
-84.080975773359
55.7047053966
-102.533258787653
-0.59327440138
82.29502404063
-111.597595655213
-68.070554879149
-23.962183216089
-25.746322741928
-185.102481286075
-153.849316969922
-28.319264069264
-84.349567099567
-158.583874458874
-192.450384142767
-92.113899175911
-160.488656796762
-194.510113692731
-141.180132801227
51.055846551452
-32.848685656791
-34.528241398359
-154.197678515061
-33.123737373737
-30.643676581665
-41.159271284271
-48.516414141414
-41.984946422935
-156.542491037608
-93.141774891775
-158.152777777778
-166.813139063627
-165.8030176204
-92.765221269616
-171.228202786797
-32.989185239674
-207.223832916216
110.289432410038
-105.315045685651
-160.274613461625
-39.20652958153
-42.987811992695
-156.37691437252
137.077089956484
-207.652839781746
-30.772809709821
-152.318174067686
-94.970065470554
-101.054022366522
-156.800033679428
108.717442279942
-29.416556045951
3.265692640693
-78.291658916171
-110.828553391053
-163.726731601732
-163.878496882891
-107.224386724387
-196.797639480745
9.986319669913
-27.794199669688
-31.126345063357
-131.766877761995
-75.543498602092
-159.251540939529
-187.660714285714
-32.299090232684
-166.164481731376
-145.13264551204
-29.622572685561
111.887543825532
-176.284369222358
-188.620683678301
-197.190927128427
-193.494109623016
-32.214764835859
-32.841352278364
-178.182351556863
-205.363566609172
-23.092774846681
-36.531495902101
11.641795324901
-35.154401154401
-85.282369594381
-151.652068959686
156.542418817077
-178.823059698548
-34.413870851371
-179.663391729798
-44.300685425685
-30.472129568565
-150.574855699856
-29.091610158505
-89.666223479212
-33.006042568543
-196.463937646555
49.206990736043
106.349038656656
109.838200997137
-108.630238630727
-161.159000721501
-34.022817460317
-31.113102988591
-89.126525438537
-170.092151284046
12.744838874233
-89.673693548205
14.334207025613
-198.652264835859
-29.218532281521
-189.958124774531
-81.884297072285
64.439373506268
100.759732509244
-157.486201298701
-210.079254458649
137.71339158888
-206.459969392587
-43.115522552534
105.792818672213
-190.083403087798
-80.661783854167
-91.943091630592
-80.028290719697
-185.458694083694
-201.260544197556
-41.095869408369
-41.427391239403
9.311688311688
-94.43350356241
-76.065734070617
4.990981240981
-145.159709539592
17.663963505028
-185.457882395382
-99.247843248332
-54.178759554248
-192.512696017091
-178.815357819264
-173.230146047529
-162.855269350875
-80.039321789322
-159.625999813988
-26.614548456101
4.790584415584
-27.895766044936
-30.042540358947
-182.913842667749
-39.919642857143
-138.404769655258
-98.030643347538
-159.858405483405
-184.814844877345
-77.715909090909
-95.91082490643
-28.283722408234
-143.010621702516
-149.338015337527
-154.036623912112
-32.19045575735
-90.786804287293
-81.660180910669
-202.193390376984
-39.087121212121
-41.062479566874
-166.566628196023
-204.914169597763
-175.267496392496
-20.493346551452
-40.240793115305
-30.297639480745
-11.985930735931
-194.411969161481
-34.408737909226
-106.262023133117
-131.740239307134
-139.51919727408
-192.83371451682
-94.416736421131
-190.432977937861
-89.568875135281
-170.256050319039
51.942751313357
-117.163760230655
-144.080978239426
8.803751803752
-90.266705137311
-201.282266724161
-31.303731370626
-165.500082437094
-201.759206884695
-165.213576896194
-87.560064935065
-91.485930735931
-77.025502654897
-190.794191919192
-117.200056508162
-44.620949308938
-97.013244893128
96.524922424581
-42.271825396825
-206.513695831079
-40.311969091022
47.529862308915
-185.869408369408
-136.876705813718
-60.710505585994
-161.867584184479
-91.393849206349
-20.437229437229
-158.63187468998
-134.662425383861
-201.639687894571
-36.041684633726
-30.955717893218
-135.111664919282
-185.923340548341
-5.894668645157
-6.230408859803
8.368346551452
-201.288772913285
-183.072539006133
-137.970217662112
-148.688873246979
-156.690393753382
5.386544011544
-46.073404947917
-95.402535398629
-27.801497113997
-45.980241167253
-31.319547314664
-81.113706118101
-152.515053577065
-149.269150418809
-22.733134920635
-135.367424242424
-198.466380461986
45.247742844178
-18.507815670657
-77.292117604618
-38.575023392406
-88.087121212121
-152.444416260823
-204.94092466236
-74.812041311553
-182.426857864358
-107.8531950363
-189.952914327426
-92.140504515016
-41.059155308667
-92.611853044959
104.66369047619
-28.206521831034
-180.287871037383
30.68272005772
-49.61562049062
-52.316578874684
-99.995338428932
-106.641532512626
104.491063678075
4.012868641775
-92.681256623151
-34.90672559862
-77.703671762266
-86.26183500744
-110.756521690115
-154.632215007215
-176.897915398404
-36.255591630592
-163.8795995671
-149.931277056277
-140.058163245175
114.541646233541
-149.401883652372
-19.639811197917
-171.998987503382
-100.733856421356
-155.449683075171
-74.457248616184
-144.836497649486
82.1011002886
-156.560307314214
-196.388708513709
-149.824945887446
-195.489906740395
-152.842339409722
-45.617965367965
9.318189568678
-38.402958152958
-136.19523569963
-203.826097892992
-102.539682539683
-177.331779711174
1.425708324878
103.521747891865
-30.373266002661
-111.931207301813
-100.621191688086
-91.9329004329
-40.015033143939
-32.859369363276
4.919101731602
-78.460850835363
-75.746552438447
-157.740177303166
-204.6011002886
-92.690656565657
-83.062971371077
-37.195346320346
-153.145214702832
-137.649350649351
-91.253800561418
-121.450476796424
-137.981491110886
47.892766955267
-119.594323536706
-155.36066017316
-39.190123190611
-177.407709911616
-29.958145207657
-186.503885816874
-28.820346320346
-109.792666480655
-164.632367198773
-16.740600057495
-40.652133782017
-145.885482193588
-167.042207792208
-153.838053737712
-153.999185845621
-97.901625772231
43.53834240846
-35.539752294147
-140.565025252525
-2.889888702877
10.187778313267
-165.874899595847
-32.215380647998
-192.746995625902
135.210157518263
-155.654831659226
114.012154891549
-102.790466044372
-102.962010591405
-36.916584229573
-138.57962789164
-28.789592352092
-4.228703046086
-159.869678932179
-158.494678932179
-153.250922309028
143.369596495085
134.999840057946
-143.739721080786
-43.504579133974
-80.957050273945
-40.949376578283
-28.343581602859
-37.557369523922
7.34414809366
-79.626561372655
-109.065218310336
-164.454643392632
-77.453032698638
-140.131230694219
-49.712732092127
-162.238012801001
-160.551406926407
-206.258137316243
-132.769019364967
-8.552308802309
-155.382763883252
-35.965339781746
-192.600497159091
-149.478195036301
-200.741439929428
-160.178509424603
-36.58440783392
115.98060966811
-33.486209049197
-80.97573953824
-60.842991155979
-186.012626262626
-164.009191383703
-184.403290719697
10.386626448638
-97.821400387807
-164.625242379149
-118.388077200577
-37.358835988231
-155.241604803617
-29.657315340909
-38.156212656701
-27.917027417027
-139.132284761679
-151.022188613253
27.824693291734
-154.610410043516
-59.603244357639
42.828705582612
-75.951479076479
106.462752525253
-84.155413651019
-39.906573407062
-144.872732627615
14.304022366522
105.657537286932
-37.552329235435
-152.363899175911
-177.316906509289
-171.988193176181
-167.697863822376
-39.099755225244
-192.789662106557
-161.084132339015
-142.634982638889
-80.912615975604
-187.159722222222
-114.814283318678
-114.911513291396
-82.181527185922
-81.49321549761
2.034809943745
14.975095542478
-66.4329004329
-67.958436203553
-40.012724200712
-204.308170995671
-40.934433621934
-167.643501138618
-40.412670229076
-123.393869639475
107.665945165945
-147.715195340684
-55.67967411278
-28.892135642136
-153.060002931097
-192.927571614583
-178.344905528499
-167.619678932179
-36.741862683757
-16.284709539592
3.072430851484
-34.159544313109
-153.18662630772
-128.142960013077
-178.285894660895
-148.98844823796
-35.274461270067
-107.819161199044
-37.15937943892
104.069697040156
-188.246191688086
26.033930967036
-189.332874644886
-173.457529395518
-104.945879695391
136.129380791734
-175.149330216225
-27.233676046176
-88.199417444535
-160.695805008793
117.756042568543
-186.496372063267
-196.37204424265
-30.048611111111
-31.303460807855
-200.629841946248
-24.801427359533
-176.927682235299
138.746920939304
-34.074203953598
-33.586056928098
-184.431547619048
-177.478264790765
82.149531024531
-33.378419377931
16.601814038826
-34.654282783189
0.056374994363
-31.145279525162
-34.911062353445
-94.117764559659
4.568620073503
-198.291916796311
-171.553002119408
-32.687888933983
-143.538427663916
7.118416305916
-178.09317153116
-10.019799698999
-31.881493506494
23.47861779063
-26.113123421717
-159.496773679879
-203.356253663871
-87.117957617469
-62.065767186373
-37.352260044643
-204.904921846816
-28.164494414006
-182.766053391053
-108.48729130028
-44.112041170635
-190.140241702742
-33.017877575983
-201.405135337753
-204.07700751939
-74.537136854031
-51.876455684073
-34.384101196113
-40.630321067821
-196.594877344877
-24.646833147321
13.456650418809
-141.30094823796
-204.741161616162
-148.917568542569
-146.71417509357
10.269410765016
-98.997827747339
-149.065295815296
-73.725100474612
-23.99197577054
-189.362103174603
-34.595390286797
-105.208583462978
-130.384309754915
-161.392607013212
-139.041498974116
-25.67516473327
-36.715167157062
34.491091861697
102.247797097651
-35.116452612058
-154.357052669553
-28.159521413916
-73.594426406926
-38.79407354798
-40.05266955267
-31.838203463203
31.224123912112
-38.952950261544
-36.130890376984
-40.477563723169
25.406106968119
-115.227063816175
-32.62587369228
-84.453102453102
-30.310987244093
-38.943189568678
8.231589048972
-35.29339291351
-40.47373497813
-122.811520619138
-162.016594516595
-161.023789090684
-24.867903363997
-107.969498627458
-43.448433131539
43.134359076254
-149.821317950712
-151.137724200712
-113.16847041847
0.050925338767
-167.662878787879
-147.048611111111
114.274703649215
-31.362283549784
-198.630269280416
-110.311134503517
-157.631854256854
-154.846250591856
-20.378187215345
24.787015312162
-90.601989481872
-36.696248196248
-145.005238630727
55.584317646329
-161.675893984488
-35.425414862915
-157.571797072285
-154.546426175821
-91.494130056142
130.976711168606
-35.175693176181
-159.751984126984
-37.340007215007
-53.722776030393
-160.899451053504
-201.744227994228
-34.023649581755
-166.615772682179
-153.837564399576
-43.211940836941
-165.483967042073
-103.223677906295
-171.870683678301
-93.176048642113
-40.322292047146
4.407926220915
-194.885010822511
-42.572080317686
4.503587070482
-200.870212307224
-133.409451659452
-166.260170764565
60.664033259492
-153.885802077697
-145.985827865711
-33.766385957792
-44.694722757711
5.878587070482
-51.058093490711
-33.386606015512
-76.005772005772
41.345057720058
-155.961871082477
-205.035874227769
-31.025252525253
-71.822029234871
106.493424056412
-143.929292929293
-28.231240981241
-121.694624819625
-160.126172438672
6.963195712707
-163.699044011544
-196.919843665449
-68.707431457431
-91.511613766008
-31.332882395382
-74.280831473214
-35.242576433983
-32.975108225108
-37.81824382215
-85.228187285804
-175.600115975604
-35.400084832702
-66.939033189033
71.95164676903
-35.750603129509
-161.866099612193
-80.040133477633
-97.812299191694
-174.255681818182
-74.921536796537
-184.035977097989
-35.045835728941
-169.94324382215
-169.509822696834
-149.635301818407
-31.253324258207
-1.985090863997
-180.258284575667
-198.418941789547
-155.1856884977
-37.990800865801
114.847935972448
13.00773569963
-142.266205582612
-123.488205858811
-183.346861471861
-191.309413188808
17.980692105204
-203.137778454185
-36.124840057946
-172.938492063492
-65.735500231106
-147.245573057585
-185.514770331665
-153.202922077922
-140.080204951299
-47.481060606061
-202.625069754464
-162.300304242199
-36.895209770698
-185.138878672326
13.448982007576
22.360567519503
-164.270279525162
-96.091019711625
-85.570178627796
-36.211038961039
-154.768738585633
-98.681346810741
-33.880202696609
-190.75287825239
-151.856519294508
-151.874100590165
-49.939241747835
-29.236180865575
-134.969065656566
-13.010010822511
-89.114530489042
130.36229130028
-142.021451963835
-193.610549552444
-11.911345598846
-68.907758528364
-26.528700086806
-80.386634199134
-191.309732368326
-166.764803447421
-161.431650489268
-124.897735023223
-41.230769610164
-34.423229927624
-136.498134244228
-193.668560606061
-163.885822510823
-186.392887792546
13.428022552534
-167.348116347628
-156.905032467532
18.17775974026
-28.216457966946
-134.333603896104
2.82311395202
103.226092538104
-87.315927128427
-38.836740028635
152.876976376488
112.228032628179
-109.863123421717
-114.952548644931
-72.900079900568
98.943751127345
-86.945727503833
-204.770500766595
-158.283369408369
-149.82032588722
-191.567730880231
-178.769570707071
-160.362834891888
-136.551246984352
-98.870949308938
-31.888538355091
-111.166638483045
-132.980761859668
132.741702741703
-26.473935786436
-174.823224572736
-92.800134083581
-158.038564002187
105.112845108451
-174.760925381043
-36.075584951073
-172.169011544012
-142.121011312906
-169.978354978355
16.072332913397
-200.297528860029
50.744678932179
-39.786054602949
-165.106359352453
-171.940934878923
-163.179736116748
-104.09126984127
105.876773102115
-36.29111779063
-165.539411976912
19.96895503585
-178.17325036075
-83.798799236788
-30.555563306052
-33.183802308802
-24.95661976912
-131.356331168831
15.757426032084
-207.675015360074
-95.33439515129
-37.513888888889
-160.48278192077
-167.640885698503
-166.448523319129
-31.881735885642
-28.69868572725
-34.324855699856
-76.253980936598
-185.361950983045
-29.522206580312
-103.309503376398
-178.145202020202
-46.543207606196
-90.149974211986
-174.234397546898
-24.511260766144
-79.770472582973
-31.520292207792
-99.785201343795
-32.111832611833
-158.196170691288
-32.91132516572
-177.870199624594
-144.604326608721
-90.420302353896
-81.660907343525
46.557872249278
-157.165682353671
-39.978414516256
8.947768702652
-182.904158775253
-173.984590604708
-165.994588744589
6.334603710092
-0.373459060471
-176.317197505186
-185.923508240891
-90.554834054834
-100.542568542569
-36.72619047619
-143.486209049197
-40.926156796762
-197.335394965278
108.369748686643
-49.347763347763
-37.55016473327
-37.726829539818
-32.043400664006
-85.25305862757
-35.653048340548
-42.819915815521
17.905573593074
10.150432900433
-45.846500721501
-33.869297748692
-186.816107503608
-1.353555786661
-157.672791672303
-168.133305008793
60.574855699856
70.248654936643
-191.669733044733
-199.116620304609
-79.153499278499
-162.064855093908
-36.692009379509
-38.690017502029
-64.164945351957
-80.678022552534
-31.810956594404
-40.031684027778
-178.212961084055
-36.556076247971
-76.225731787744
-36.604347041847
-154.25859600469
-172.441295629284
-27.580617489065
-112.087474211986
-37.414502164502
-176.213030838519
53.469073407062
6.557547433036
-188.694993320482
2.73375848327
-88.571338383838
-39.607593795094
-159.81041793493
-169.911275844381
-88.286616161616
-110.608508353626
-106.599574850063
-181.825835080718
-74.402056277056
-143.619380185786
111.851731601732
-97.563762626263
104.752515035962
-183.156643161526
-159.717900968389
-31.554465553977
-55.957320836715
-85.014873201885
-112.823433131539
51.265241702742
-36.375811688312
-136.361664919282
-27.893676581665
43.090929524035
-28.74235448796
-95.900785900298
-27.508830633342
-44.429014616026
-36.429465553977
4.973124098124
-95.478994041982
-178.745961991567
-181.990177303166
-148.748015873016
-32.686881369499
15.202120606173
109.358323046311
-36.644653144165
-50.095328282828
-136.416949912067
-197.556354561237
-130.271075712482
-43.612644300144
-150.299422799423
-82.983938858451
-131.770923520924
-189.385639669575
-91.238824489313
-40.377337126849
-38.005779756268
-194.467421846816
-35.802649119544
-147.707694269706
-161.662698412698
-42.650162337662
-36.314386188898
-33.234417980023
-106.408258787653
-159.886606015512
41.334207025613
-173.807990620491
-37.197879323368
-141.120773865891
-142.861090677985
-195.87682418493
41.84805434366
-151.60778192077
-155.523080272592
11.332779525162
-148.605228484623
-151.732483174378
-192.699785945391
-97.390229020112
-52.597034096546
-88.126094933712
-159.251963693858
-154.086129148629
-181.950646955042
-81.073149886138
-93.711920403815
-90.349378973891
-29.475953029176
-44.273428340323
-172.794745727363
-86.982421170409
-26.232044919057
-46.326992018398
-187.097505467623
-72.814955498061
-80.831266769255
9.176517547123
-178.793671226777
-188.344356652462
30.161077502142
138.466342061801
-91.648268398268
-21.598546852453
-116.098943536932
-147.748459060471
-150.804633246528
-41.099296536797
-51.951208513709
-27.815746753247
-131.030135337753
-200.233204675099
-40.546273984262
-133.372745310245
57.938201067596
-103.724116161616
-87.899600778995
-165.092524717036
-178.180091934975
-176.761994949495
-156.993166176272
-194.169580853175
-190.007818136724
-29.523268398268
-138.283098845599
-149.142228295793
-158.004808125902
-174.201659451659
-177.229056045951
-193.775154587166
-200.879501629013
-35.112082741477
2.833271329365
-40.093086275703
-33.334714330808
-193.809072871573
-139.945547128653
-163.887293695887
-194.128094561688
-34.256140506629
-156.150461084055
-43.955996206484
-181.734770979888
-151.371933621934
-180.211850649351
-121.987131358225
-35.052496927985
-185.526687776199
-181.061958874459
-29.994416119904
-34.471222408234
-30.539071659677
-159.778700086806
-99.605138297033
-95.658387375428
-27.740780432675
-34.885642135642
-178.47800197849
-25.439586997204
68.276316809276
-192.399190707296
-194.080877835272
-36.559892310381
-40.381571011454
-192.650690780574
-158.427932364944
-12.202192826705
102.455607272502
-27.986291486291
-76.353264790765
-188.712419958514
-190.62768519458
-170.845766538149
-132.410894660895
-202.013167388167
-74.272817460317
-91.40856246618
-34.472763347763
-38.540210982594
-178.504787692776
99.62518037518
-28.45583626443
94.53660841112
-198.634817764701
-93.176870546988
-40.077303447421
17.922438672439
-43.992625050731
105.366883116883
-78.23644367785
-29.061044315927
-188.18072818024
-28.808150562545
-150.097222222222
-171.806895686778
-136.9653059614
-38.151687776199
126.947052134064
-76.560794186282
-59.2690168989
-28.090357748805
-49.166847041847
-34.32902476213
-39.876352813853
-99.340638528139
-191.639041080447
-28.354249103761
-53.050214054609
-159.047688802083
110.458250896239
-179.870047433036
-141.683441558442
-154.607864357864
-28.159070475965
-63.913961038961
-39.918941789547
2.662059349071
-44.115432364944
-151.314844877345
-33.965916841405
-64.390171948277
-143.549610925099
22.56593734499
-121.120580808081
-38.026584905979
-29.06756318768
-141.267578829591
-25.291924546807
-27.11734180533
-183.733323046311
97.234655427038
-90.092150931751
-194.234766047754
-35.333250896239
-112.030132871686
-28.87012987013
-169.032898037293
109.190448006854
98.701450892857
-194.620954241071
-154.069392657039
-181.843864848259
-57.279200346095
-74.562569754464
-166.62012987013
-30.631593910647
-179.813012941919
-43.28851010101
21.385740073728
-185.255702251308
-205.164321789322
101.616730925325
-206.669003793516
-196.489025297619
-82.368970114087
112.702751919305
48.741352207905
-191.749719220666
-153.761453823954
57.913520317573
-26.404671717172
-31.750561558667
-156.740891053391
107.347562539457
-187.354058512018
-174.978424732819
-137.021645021645
-93.783660404266
-31.361945698616
-119.949945887446
-154.698044197556
-153.042586509628
-64.073059698548
3.918150534361
-95.188880997475
-146.292650979663
-202.106720102814
-140.278589466089
-120.696899942505
-170.560856190251
-187.537510287022
-147.010802077697
-190.625278313267
-130.59117965368
-176.594093840188
-180.453823953824
-162.320784575667
-79.769558024441
-158.917756668245
-143.326651701163
-83.597956405574
-87.724809478716
-99.214363219246
-158.040133477634
117.490821298927
87.523871527778
-157.994671181683
-176.175803796898
102.747371877255
-36.886804357752
-40.263798701299
102.226301096907
-184.078761949856
16.073835452742
-158.8970882091
-29.098214285714
-26.200298887311
-185.932887750271
114.680643277079
-159.786525974026
-154.11028674017
106.134108946609
-30.681297489403
-144.31231962482
-28.01432714421
99.776966089466
-158.347582972583
-39.917560792073
-32.507235440341
-39.191568658121
-29.096410533911
-140.624721686733
-193.899801587302
13.013440417005
-59.31737012987
-37.450667388167
-142.446889725942
-196.502504819399
-161.156565656566
-101.399711399711
-27.160271098259
-188.1229052523
-144.50903954444
-37.517955080943
-25.816836754825
-170.346042033054
-145.402597402597
-148.044830982819
-74.229499233405
-31.223832916216
-175.257021949405
19.828561141549
-171.615066682449
-141.435077617695
-25.137355699856
-44.841097216585
174.739195456236
-38.73175392316
-34.815496623602
-78.11335805037
-37.123987503382
-55.476669597763
-173.491148933532
-43.585690893308
-156.957353952471
-142.207952149847
-170.717073779086
-196.338105525117
-193.635912698413
-205.506112323007
-30.748626753021
-148.993037588497
-202.177378556773
20.62031024531
-37.476378601867
-191.413259971365
-124.435237559749
-40.123196248196
-102.536858540765
-23.681367243867
-105.891664271059
135.677569148516
-41.0645947477
-79.298528674017
102.255944630456
-37.921418425325
8.300332425821
-53.273747519841
-172.068181818182
-27.765138832522
-134.70880470441
15.799450983045
-163.414654356061
-5.604375225469
108.3529117909
-113.94696969697
-35.008026695527
-37.67124580064
-48.039502164502
-90.139167202155
44.311500186012
-148.945637316243
54.955800330312
-187.055653493642
-145.294712611607
23.106498861382
-158.740342177354
-38.439012755907
-41.209603710092
39.016803075397
-99.946047387942
19.7113997114
60.091277591766
-175.910165409677
-183.791486291486
-160.564837126849
-33.160874227769
-196.889762581169
-80.94933500744
140.20661976912
-174.488927359533
-188.025432900433
-159.905511589105
-11.952749453238
-83.808060374955
-153.037407416802
-1.377705627706
-81.232864357864
-189.807338874233
-89.861500045094
-148.303911393511
-193.986943232549
-34.398778874121
-77.383830633342
-94.800685425685
-37.126984126984
-26.857142857143
-177.082140461535
-65.582900362441
-38.119400618912
-32.736381673882
-150.801775427264
-31.239149305556
-155.465738932292
-195.141785108338
-189.927947865936
-38.100280849793
-196.556658239764
25.149072336084
-188.104790229302
-153.740411931818
-33.585304777688
-167.306534936418
-33.931104431593
-23.830524835408
22.349476911977
-29.804383116883
-30.28094209393
50.696781571293
-193.58240327381
-39.058240750135
-27.81059831011
-173.135250735593
-170.814852627841
-162.760564630682
-143.101551226551
-37.296418425325
110.473495065048
93.045694458536
46.589633782017
-34.926296305691
-141.429215424333
-51.577393635011
-190.334624143218
-141.585199089105
-16.041014920409
-184.169725294237
13.436327561328
114.23710564067
-177.655455221861
-30.939471444354
-106.075216450216
-101.021763392857
-154.853805916306
-40.261355885868
-198.905331213925
-18.029138342127
-26.442919005907
-158.740780432675
-177.57396157445
-30.979797979798
-198.556547619048
-83.130431688537
44.963935180488
-127.207980333469
104.492694805195
163.585124402507
-104.049422799423
-184.46818421379
-30.599927849928
-32.981434039051
-30.895104082116
-178.046987734488
28.316398499504
-161.263340012852
18.335098684952
-41.62804594494
-201.862345553752
-18.011391819986
-39.059142626037
-45.024693432652
-171.107683982684
-124.197879323368
-29.584675930623
29.587682770788
-31.766625166283
-187.37005236517
-28.582524111089
-29.190218310336
-188.077540894435
-30.700757575758
-26.494838874233
-24.248376623377
-190.780295279807
-173.339125772231
112.038981472087
-183.575036075036
108.378988687094
-130.77875715864
-19.939131127119
-141.818645438763
-66.133560070572
-33.985299422799
-87.976989481872
10.805563306052
-165.341207837302
-174.309676001082
-109.941726134109
-38.034624284136
-180.249471557089
9.687953404018
-114.68768037518
-163.730426826862
-168.402875715864
-101.081972768984
-165.998126493732
-142.007374949269
-52.366694991207
113.376443001443
-139.556367243867
-137.892156075262
-155.09517609127
83.165955382508
-167.356934298341
-192.20002832454
0.63150125699
-29.975378787879
26.44841516448
-122.716831399937
141.36840855542
-32.957539612081
-28.189082510372
-197.289334471952
-182.660353535354
-37.271735209235
-247.709608642226
-40.538231787744
-136.232421170409
-89.938401875902
-101.458603896104
-168.411714099702
-164.724394474883
-86.887716450216
-172.699146881764
-51.11391714297
-24.061415282851
-1.9375
-30.774069870017
-154.920627170139
-109.543831168831
-89.055485801091
-154.697441068047
31.960685961174
-17.183371803977
-113.250250129645
10.673819669913
-87.521075712482
-32.422459105565
-118.593282151876
-35.446892192009
110.178411486517
-192.690303565792
-170.551857864358
-97.386814574315
113.121863867469
-12.689566564078
-141.857433853039
-179.570436507936
-159.323946073458
-151.123134244228
-84.735106364989
-41.232511358
-203.748003190386
-82.051497113997
-40.2306998557
-206.148281080898
-100.492895613501
107.734377113772
-161.226198226686
-111.94218975469
-145.31067581507
-26.462128962617
-190.667380416892
-31.018406018894
-35.032003911887
-42.094217848124
-31.799693362193
-38.35875848327
-141.72373497813
-43.439484126984
154.574324790878
-39.707032306886
-148.328130636724
-44.746121933622
-112.028687404176
-28.134018759019
-96.588834776335
-42.009822696834
-87.164169597763
-99.094446840052
-150.190357819264
-40.159980102363
-47.475378787879
96.054030117018
-83.634219567325
-159.62718493529
13.266442325036
-193.956086394075
106.223415094021
-142.248847994454
-191.145464832477
-100.558011053617
-157.043550389498
-36.726468789457
-167.28852278364
-36.914071659677
-196.457549828644
-160.338592397186
-167.697412884425
-125.004501629013
108.611291486291
-27.360562235074
-115.705176767677
-188.237361054744
-38.13455988456
-166.398198643804
-166.454017011634
-37.004120445527
9.874651932269
-38.472680910669
107.714015151515
-116.534750405844
-76.738837171943
-77.126262626263
-179.635531514926
-3.233294862689
-146.383109132621
-61.80762987013
-32.248987503382
-199.090839336445
-34.151334776335
-75.586031210543
-109.836933086445
-189.512798887311
-163.308068125451
-31.513445701434
-207.209894705988
-22.266872829861
-119.327180144075
-136.219689219201
-173.951950447556
49.904092191446
14.693292438898
-194.24322818024
-99.083333333333
-88.784923030528
-188.192287692776
-206.48357810809
-89.048964110976
16.65107196406
-205.632506003111
-79.192452566964
-174.371294558306
-38.335026464421
-0.345951845464
-37.627262440251
-90.372142180736
105.422361167478
-145.488177675189
-39.144660894661
-30.172709235209
154.182990620491
48.187340057946
-179.646366708378
-84.204545454545
-87.402514965503
-74.255792438898
-193.619929061824
-183.233585858586
-195.674865986878
-159.16168591608
-27.652417027417
-174.96626984127
-81.035595914502
-102.256055251172
-147.2373941705
-111.788517851506
-81.946237979685
-89.130321067821
0.886175510687
-182.281106968119
-38.565746753247
-85.353326794733
-201.102613044508
-39.721521154627
-31.03938379329
-80.650855654762
-39.039862914863
-83.349378973891
-177.322322696834
-185.315648815161
-31.005784688402
-30.32224025974
-160.113095238095
-168.664494414006
-35.795176232188
-147.163337476326
-138.028298470193
110.028220965233
-60.28172559862
-94.230437043425
-181.967692409587
-142.467913651019
-167.551948051948
-183.664772727273
132.475128658234
-75.036874041757
-28.091457966946
-88.47582972583
-198.576499509605
34.150363145969
-206.618235930736
-39.734144951186
-200.035013218119
-89.881473073368
-37.725821975334
-40.082972582973
-156.178321298927
-145.349574850063
44.414411976912
-37.016705137311
14.332263764881
-184.592872784767
-155.531684027778
-180.771542151425
-92.945596449991
-132.118243681232
-70.595438903544
-192.365509869904
-34.572711630817
-155.543560606061
91.627275122881
90.91352278364
-168.89230826682
-100.979084229573
9.064844877345
-178.535894660895
41.774809337798
105.481802539908
-33.554313362419
-131.908361657873
-163.315746753247
-55.25639310234
-172.94993813695
9.981068356557
-152.545815295815
-207.287718845824
-48.312860750361
-44.096070216676
-103.659361471861
-206.258305008793
-216.743436739042
-184.157836033324
-76.955204951299
-191.439136059253
-158.244560560967
-99.419663290269
-35.533078412473
-30.644758832747
-99.313159496753
-30.876192871798
-193.615058931954
-180.876152005546
-180.657557720058
109.090568773674
-37.012327516234
-89.648371268488
-83.792638297033
-33.191498903657
-36.720660849567
-177.651708209325
-172.537775917659
-86.772386955492
-113.829336895743
124.454076549536
-123.264971139971
7.041679349297
-35.599546666441
-25.847304659316
-197.180457617469
-189.575925268308
-21.472229972718
-19.438303937816
-85.197691197691
-165.883817950712
-27.224938066491
-156.493424056412
-115.485090863997
-196.985918053301
-182.120843620355
-195.312700808306
-203.316931874549
-193.451471325983
108.829558137175
-115.9221061057
-181.871142366748
-187.977030348124
-170.368679118191
-29.740079365079
-119.600025788014
-46.113636363636
-24.896284271284
-12.870969742063
-29.098665223665
-34.831361888979
-155.281483219472
-24.631403318903
-53.261162828057
-166.459567775974
-36.698502886003
-189.37881606241
-159.447358630952
-116.167867288961
-162.580447330447
138.598685656791
-26.563754875767
-37.16341991342
-126.236471861472
-168.502246939259
9.266664271059
-90.20461520901
-151.051595052083
-91.109778730384
-135.486860795455
-62.555004213451
-84.314476376488
-92.051940301452
-190.502192685786
-120.973755411255
-29.069715007215
-43.133387445887
-89.388244893128
11.869859307359
-149.134580317686
-169.616682308577
-7.875708818092
-88.75945701434
-179.886994949495
-192.702380952381
-149.079988642
-38.051046176046
-156.689303751804
-33.910250665133
-89.011606015512
-113.568060980903
153.812327375316
-196.251352813853
-17.277770027282
-41.100185730069
110.595488224883
-89.446498325893
-75.054030117018
-89.307359307359
-34.54300151346
-31.839986781881
-162.316300561418
156.97670341811
-76.836141831259
-167.468065842578
-84.19019787721
-85.918027231016
-197.85770441581
-110.227272727273
-27.957091140197
-103.665133477633
-151.297606364989
110.537427849928
13.657078598485
-156.028208282603
-38.444887631899
-183.251906622024
4.099938066491
-32.685044501939
9.656032281521
-29.972833102228
-99.697358630952
-31.224038656656
-34.992957617469
-157.795696924603
-164.884912884425
0.947510822511
22.102633477633
-136.499737187725
-143.051206118101
-74.92038479099
-48.934425871438
-48.350288600289
-4.586649841044
-183.418588789683
1.091097216585
-33.472320160308
-139.913863100875
-163.693452380952
-208.263515455898
-143.171438858451
-192.797410488817
-194.34422559862
-88.646436462843
-185.150502654897
-199.156996161391
-186.415563982458
-49.928682049288
-168.464757085363
17.39725590165
-27.539389077719
-171.285373968479
-171.257756132756
-82.341339595734
0.084235209235
-20.002046130952
-73.199585137085
26.973214285714
-34.573232323232
-172.760621702516
-173.693369943858
-169.749538845486
45.207874644886
-187.480589234984
-31.167470604482
99.269297678233
12.019921240869
-180.422606364989
-28.967545150162
-186.283369408369
-139.193903318903
-177.221057534046
-149.298340548341
-151.513105384199
-30.453635828148
-33.681818181818
-35.405303030303
-152.194604386499
-35.175796046402
-208.852530607413
123.131421285962
-92.894763764881
-41.12759500699
148.136441141324
-34.216818717307
-150.851752034858
-121.717996088113
113.044733044733
-186.356331168831
-206.935147372159
-29.971688847177
-55.82415463226
-95.800886233992
-114.11525974026
-101.474567099567
-88.662989408595
-37.397616652011
-39.015069078057
-39.178210678211
17.55093555533
-91.758560070572
-35.768488455988
-98.476649164637
-171.485992739899
120.613553926542
-100.520364428323
-138.334317646329
-40.346771284271
-186.527625586219
-165.836141831259
-25.32320413961
-36.070243450126
-125.224296536797
-180.452380952381
-199.26242545432
-140.832451890557
-42.648829956935
8.575298887311
142.003187215345
116.652218685178
-166.349845412834
-190.333062770563
137.41533428594
-155.029122841135
-201.411005281611
-46.486131544237
-45.493854561237
-136.342692409587
-153.838541314371
-159.073580390963
-177.029413837031
-186.656495902101
-190.29885349026
-81.406843969832
-106.504156379645
-147.10283428594
-193.849414908009
-161.850927663916
-74.523781340188
-28.875992063492
-103.727785669192
-157.530462972358
-149.064664502164
-34.641504329004
-107.761897011409
-152.162518037518
-31.283299653905
-158.856802539908
-127.568820881809
-93.503336940837
-35.611631803526
-37.120691428797
-36.619428802534
-61.654692150298
-92.414502164502
-87.968632685674
41.672348484848
-193.714363219246
8.748023623512
-133.615981240981
-176.592171717172
8.96444565634
-198.34604978355
-23.597464601371
-192.583603896104
-46.89898989899
101.82414194963
-87.003787878788
-152.540867660985
50.948044197556
-157.20843127142
44.582549828644
-170.487992367875
-149.068284688402
-158.149788904672
-44.878336940837
-162.536067285579
-194.297320301227
138.012646695752
-187.130862193362
-25.886441141324
-156.162858354753
-98.457189078283
-63.385642135642
-185.001262626263
-134.944444444444
-191.727009914998
71.374737187725
-190.237005236517
-144.98384867086
-184.784021154627
-190.128324258207
-39.080619955132
-184.421619233631
-41.298971861472
-97.699966320572
-142.605220734127
-162.151507401019
6.148157777552
-141.645951704545
-19.866682308577
-173.545446794958
-34.790153910759
-172.871384745896
-37.330086580087
-168.912690662202
-171.137167574179
-9.762798887311
-44.47897854099
-173.518488455988
-154.055493551587
-40.944882699766
-25.956287202381
-190.186770748782
-170.48959777744
107.67775974026
-27.186314878698
-154.178932178932
-39.416305916306
-101.015061327561
-87.440844691333
-32.57207256719
-165.184273679879
-26.304230925325
-26.189834660782
-155.557379740485
-185.233794417388
-183.885912698413
-136.614015081056
52.32233044733
98.231882510935
20.306436998332
-80.441560907625
-30.754120445527
-37.465648744701
-32.380764255276
-156.206459827065
-198.62012987013
-102.259920634921
-49.142468208874
-169.88733526673
111.062770562771
-165.814566564078
142.33650258162
7.00687468998
-92.141586766098
-158.540313852814
9.788899034993
-6.401236838249
23.768508889114
149.364368080921
-161.873446377841
-148.138368196474
-40.98338505028
-133.378818528477
-141.84126984127
-100.762806637807
-30.413267721861
-198.746109250992
-111.231302985209
-140.87308562748
-184.819444444444
-161.232233044733
-154.786874041757
-29.511183261183
-180.450306637807
-28.241813362419
-85.840259810719
-62.047611297123
-28.343864848259
-30.428308616297
-74.038066913555
-98.083874458874
-114.513648975807
-158.321511008523
112.763435484871
12.00477994228
6.617511963948
-182.703282828283
-162.340888657783
-29.061147186147
4.954262209145
-35.054022366522
-174.238115671221
-157.194972887356
-54.580004142992
-155.287718845824
-163.347124284136
-91.607204861111
-54.323876318994
-99.680735930736
-141.128086811192
-148.119671181683
127.737383953937
-192.82052422946
-43.39142189191
-0.24331836783
-183.922611297123
-168.844586348981
-34.205078829591
-84.308982683983
-146.259920634921
-161.779950030438
-83.516053391053
-90.025244774756
-41.636876578283
-171.656204906205
-147.101383534001
-155.843504097899
-37.192432133838
-37.135461760462
-187.948662828057
-29.249396870491
-140.133477633478
-5.498484778026
-99.983327978445
48.640040894435
-146.080078829591
-177.084874272863
-185.927391239403
-33.384850880456
-28.644279711174
-39.050984172078
-198.396977588384
-34.205877835272
-101.10378548318
-193.52904040404
-174.391767141279
-197.760018573007
-79.133748196248
4.07902476213
-63.254238816739
-39.977252294147
111.422459105565
-35.800595238095
-189.583583462978
6.662718845824
-192.583812454906
-148.944191848733
-157.803107807991
-106.370338428932
134.165561516392
-31.652298656205
-41.235910302805
-91.025072150072
-98.62509018759
-155.255148443137
-155.967720593209
-197.848567285579
-29.339654215142
-193.07187950938
-30.179445120851
29.564030722966
-4.638368196474
-145.419815481827
-39.457993016098
-149.392135642136
-165.947969510958
-169.844696969697
-193.630591630592
-30.252164502165
-127.483413233902
-37.679924242424
-48.709616392722
-107.461497649486
-185.810425685426
-115.311049248061
-29.519813086219
10.606171226777
-158.321727317821
-81.2233122238
11.143496206484
-44.871745496257
-163.073711444805
-52.395480333469
-156.462572150072
115.30600402744
-166.44409144458
-146.25496031746
-38.593045409452
-186.136265698277
-19.510531514926
-186.06449187748
11.268766769255
-138.451208513709
10.226721385169
-81.383116883117
-143.865419682314
-157.43272005772
-204.694145698052
8.916125541126
-31.046925730519
-185.109778730384
-170.071067821068
-190.052870360976
-38.40978422619
-104.433699438582
-132.281122469111
-192.854707792208
-178.648178210678
-193.470972278589
-174.922508426903
48.854950171356
-77.864009796627
12.888445701434
-147.835399897412
8.745660779108
-164.298971861472
-157.432261369273
-179.813381442776
50.353625541126
-206.861824861337
-159.88265819467
-84.292380416892
-167.761113506719
-186.523260647772
-82.657258973665
99.027599868664
-173.418831168831
-160.30275974026
-166.445006003111
-29.868326118326
-53.828184890197
107.545253737148
-93.685245310245
-150.739257460205
-126.994969928075
-31.58665759154
-81.018578643579
-164.040792974387
0.381944444444
4.666326349432
43.973103664998
22.821939047281
-38.68759018759
-28.218604502052
-157.500250129645
-155.364087301587
108.553280432675
-38.355900664006
-19.274904457522
-39.078630896014
-198.990149119544
20.209227458739
-29.061126753021
-32.404048154536
-22.655290347673
-25.407655658144
-119.768057951163
-186.642135642136
-96.377963507846
-110.564476376488
-31.565138339308
-49.028409090909
-161.122204184704
-79.626525438537
76.850190662202
-140.433982683983
19.792491037608
-173.413146884582
-39.307076061959
-100.161087718705
-160.365149119544
-104.382756132756
-160.511203694309
-110.561044315927
12.634129379735
79.65682846884
-150.431637806638
-186.765880766369
-36.788149350649
-47.964363219246
-78.755493692505
8.069632570121
-165.996572871573
-46.547237864132
-175.245019249414
49.196420820933
-176.109057229663
-34.022353839737
-100.210886769481
-131.623737373737
-35.366362424468
-35.548868991252
46.103347227859
-198.69515819467
-99.061881369499
-192.070887445887
-31.584567775974
-96.476370851371
1.706287202381
-174.516594516595
47.933073057585
105.888499954906
-48.041576479076
22.625811688312
139.737371271307
-159.723907602814
103.568800448683
-81.6123941705
137.811036565431
-192.302592047709
-28.14927314439
-142.957000952606
-32.99179539536
-168.382325627931
-199.649989712978
24.169021760574
-174.20690301452
-156.685134689529
9.608196924603
-28.073232323232
-199.657217402823
-42.013195571789
-171.688311688312
-25.535812223801
-39.735021109533
-161.231498861382
-76.572789135777
-152.214646464646
-171.19618619228
-42.620601241207
-93.675512801001
-74.853342295725
-18.85407401301
-187.447160288713
-195.700654705538
-31.066656379645
-163.331197014791
-35.957812640918
-133.300414862915
-37.946088254194
111.622634689529
-75.979339291351
-89.168442234848
-183.548458919553
-37.983225108225
-24.542297979798
-37.126762885552
-188.404019970914
-148.406934157422
-35.305207487825
-191.94046843998
-106.805112368101
-191.089473839962
-28.310856190251
110.463654401154
-27.111394356512
-191.588015337527
-190.329192454681
-29.287706163194
-65.224386724387
-176.276785714286
-172.594163594652
-140.628107596613
-83.995338428932
-172.275272958378
-34.973873782468
10.091380461986
-143.976752034858
-30.869338614944
-7.368576247971
-40.938692871798
-188.766754458649
-26.060093118687
-186.785152727047
-82.987012987013
-153.594849161255
8.30553512243
-197.407627474522
-149.977071918966
-180.707341269841
-28.430256809163
-192.589834590323
-39.843065842578
-180.335206839601
-38.179202741703
6.465249594156
-204.50381606241
101.585866336355
-185.023330402237
-158.174693362193
-79.481171226777
-202.181797748692
52.899162523674
-162.191640878653
-191.848575036075
-39.48575036075
-40.529429338023
-160.024350649351
-170.06928450239
-184.578032698638
-161.87968975469
-161.387706233654
-34.112935296041
-151.080720359285
-178.810758252164
-85.67594823796
-198.065669248286
-78.190669248286
-51.00286556976
-96.463736838249
-38.895562770563
-31.639492018398
-174.042269796176
26.579906204906
-84.171467042072
-179.584956709957
-68.388368196474
-131.516594516595
-134.587739842623
25.770722712617
-77.126643809749
-4.736229482323
-100.337190966586
-198.983323046311
-178.252074314574
-32.19705988456
-174.695727503833
-32.907356911751
-98.284181096681
-200.029158775253
-97.916476074923
-30.280743751691
-128.765770145653
-99.737902180285
-28.984229854347
-163.269021831034
-11.448953823954
-158.752442815431
-164.858114487509
-172.321039637446
-96.717810780799
18.959946493394
-188.065919377931
-194.710407647908
-157.16628548318
-152.584866522366
-152.81718975469
-121.573593073593
-162.207619583108
-95.604035260529
106.534459409948
93.938943001443
-157.619145557134
-151.076409322015
-161.256583694084
-176.405310780799
-186.792748917749
-38.396624588519
-51.444874949269
-162.077769886364
-45.482683982684
-187.491530117018
-31.399257995694
-184.508297258297
-75.42288961039
155.233503421492
-180.203282828283
-107.248585182179
-76.814824444219
-156.876896405461
-164.748938182044
-180.313692871798
-152.800886233992
-41.406655844156
-36.413760230655
-148.209235209235
-177.113177675189
-76.259116697105
-37.179092120987
-188.93472461783
-37.001886188898
-45.460755715639
53.296786926181
-198.35675392316
-86.910276030393
-99.426767676768
31.917200041712
-66.831181513799
-65.315934878923
26.653579249527
-22.206279451885
-158.152154215142
131.111762857368
-37.540854978355
-193.492805425911
-201.361672669778
-144.919573102679
-53.710490085002
-33.553002119408
44.735747894683
-119.173090418696
-35.387793955177
-153.984389796402
-27.953991646374
-169.50009018759
112.296176046176
-172.541498974116
-40.435894590436
-3.14526402417
-37.149801587302
-156.369588744589
-109.760018573007
-168.981782106782
-115.297972047484
-32.585858585859
-34.309966996979
14.396405108563
-33.643328513934
-184.892578829591
-191.386966765873
-165.359570171582
-85.859237604843
-101.408848529942
-96.731539727633
-87.693743376849
-92.501332380727
-207.265963203463
-30.685593377976
-33.097505467623
-114.978805916306
-37.009039192145
-90.764893635011
-152.073585323097
-167.540195481602
-118.83839158888
108.223956219562
-95.416396103896
-167.42375801824
-52.600711354618
95.555617559524
-188.643697014791
-184.618153493642
-53.092442279942
-40.569727689845
-162.559072871573
-174.334042151425
-36.705004142992
-72.582168645157
81.653298470193
-134.213744588745
48.540942699878
-171.371683492289
-86.92376330267
-135.55781024531
-90.752705627706
-32.55944137243
-37.151625772231
-37.718586534993
-165.724920099432
-31.402958152958
-133.160533910534
-41.988157242063
1.49217411278
-202.871289626172
-153.340950309456
-27.99532292794
-103.740808616297
-100.183884745896
-146.528609899215
-99.418480635033
-175.925873551362
-187.510912698413
-94.378710373828
-196.41741635101
-42.845431153048
11.084698829816
-135.778048340548
103.375301212459
-200.095791903409
-4.264069264069
-146.548713981331
-160.027339522457
145.22095959596
-19.232946794959
-200.045073361968
2.755050505051
-180.409791976686
-79.565465973913
6.606421356421
142.084595959596
-159.888688080583
-185.799590491973
-120.61534992785
108.08343127142
-47.948662828057
-77.207882395382
-37.572892005997
-68.957972582973
-47.545003607504
70.232531791126
15.584846089241
19.003406695301
11.002192685786
-26.140700391189
-190.235402293019
-35.366772496167
-190.952442956349
-173.42038479099
104.46818421379
-92.382222757711
-30.418733230745
-3.536858540765
-146.019472768984
-35.128587070482
116.402056277056
-44.01902958153
-38.287038915945
-154.27876984127
22.951659451659
-156.215105153093
-175.53086458897
-139.279228529717
-131.317612509019
15.106691919192
-87.241421962369
28.339205743258
-70.916115324563
-147.310503190386
-81.741895799513
-172.543949540043
-30.016795324901
-40.649358399847
-162.123446377841
-33.11248435809
-145.837662337662
15.188582251082
-154.393836523719
-30.155836405348
-179.273657332251
0.439226246843
-137.005509193497
-112.152679839692
-156.876352813853
-198.859286926181
-29.897554648043
-89.223472165855
-193.404970463564
-94.253053695436
-24.050785829839
-158.69037825239
3.129697505186
19.908660404266
13.691926942415
-104.346791717397
-92.11916599026
-190.287948542343
97.965731181796
-37.661435786436
-170.627823998918
159.139978890467
-160.91323953824
76.498474561463
-32.272894965278
-118.045467228084
-199.615342177354
-18.505383071789
-117.720348715954
-38.285701603084
-194.460969206575
46.668993576953
-34.348422844517
-88.568078947962
-24.322768702652
-110.292318412924
-38.028609899215
-172.711662523674
-208.040146160263
-81.617604617605
-193.741084111201
-196.79624580064
-149.473513032107
-27.960595773584
-90.449922988253
-26.147186147186
-137.792588975694
-34.521616838023
-176.524724082341
6.594163594652
-158.61734180533
-144.825564517947
-35.873417489628
-8.737914862915
-19.940476190476
-157.401257271374
-173.309884559885
-175.029581529582
98.937582437094
12.145943954049
-54.42831883286
-190.693771912766
-193.840916841405
-127.254176812771
-115.370789366883
-165.386453823954
-194.565746753247
-46.968065842578
-39.392488642
-34.58658008658
-40.805096867109
-89.923979611968
10.510850694444
-37.881611877706
-156.099206349206
-209.635892265287
-1.248196248196
-201.698683261183
-33.953012265512
-149.164592352092
-159.027236652237
104.516955266955
-33.00877637987
-41.009126913668
-4.039301356196
-55.671474792569
-111.7240055409
-88.76643457454
-121.750438255321
-97.015143764655
-98.837128962617
-202.309551993146
-169.492784992785
-155.666498974116
-29.873647186147
-155.46617965368
-167.002156751668
-33.949404761905
-10.679452871347
-120.582632265738
-159.89638220937
-37.349850344968
-44.332160894661
-37.806527185922
-30.292748917749
12.63377637987
-195.461662523674
-153.346418284407
-200.355339105339
47.427025556908
-96.667328629487
135.788780663781
-199.459165454771
-185.471292162698
51.735910302805
-28.882854070842
-88.331980519481
-162.642676767677
-36.873397056503
-194.726288414277
-36.312067029108
-40.054292929293
-165.210838152733
-23.597021413916
-42.663808847403
-163.882498252615
-194.74949234251
-116.76117304462
-210.71913541103
45.786508006967
30.177296119679
-151.477355164367
-29.744949494949
-37.603285223891
-161.011544011544
-208.986389424378
-49.377914186508
-5.602280477769
17.227483752142
-163.874937996032
76.2693001443
-33.041408786526
-34.32605632215
-36.376365496483
-181.141754458649
-173.657898037293
-147.527339522457
-83.55294011544
-93.822961760462
-167.175394429789
-33.13312709968
-39.888888888889
-107.732490924874
-182.543800166847
-186.955828513934
-108.096480288375
-49.279138342127
-30.218995902101
-28.460490085002
-51.777257085363
-36.708681401064
-45.476829539818
-40.597242655348
-36.804455337414
38.157274474657
-2.515684890197
-88.248757806863
-154.979347041847
-132.72419859871
-30.068099381088
-25.50296843998
-54.701138759244
-30.169294789412
45.3538883534
-27.543261859668
-100.085518268624
-87.447593259605
-168.314935064935
-196.911332916216
-94.633199320211
-166.274523274035
-87.501324630231
3.735832797845
-28.481158544147
45.078813737261
-163.764790764791
138.112401920996
-156.260794327201
-29.153529928188
-161.280385467397
-24.572703880321
-36.259381975446
-165.174873737374
-167.904380721275
-187.192911255411
-60.864870806277
-203.64726858428
137.398551643669
-185.31997781949
134.888881138393
-48.042377950825
-150.225641600153
-67.928112740124
-24.710657777552
-88.84126984127
114.455437113884
-194.931727994228
17.852303376962
-211.93062531002
-30.230339105339
-189.520374644886
-203.286165223665
-38.9954004329
-161.576466393849
104.017195180037
8.911175440228
-131.522428526335
160.931006493506
-15.808281616387
-31.795016290133
-168.896013708514
-179.655212842713
-141.458964646465
-30.671529046041
-162.795286852904
-41.38647425708
99.308642366748
-35.122642440025
-86.261002886003
-192.614455802444
-40.855870014317
-31.237180679563
-30.345238095238
-40.395111832612
-0.612373737374
-161.342171717172
-143.59595959596
-85.22584240846
-92.198051948052
-127.280220593209
-47.38150125699
-193.774801587302
-33.509297072285
101.132506003111
-134.559982497971
-34.023276148764
4.901522902011
-184.469516594517
-85.4889298256
-150.421619233631
-201.782487965593
-179.361930549919
-137.970606596095
21.660435972448
-152.694993320482
-74.077118140106
-30.945797258297
9.795454545455
-161.876803751804
-162.026522902011
-171.331447144435
-191.089257530664
-28.190553695437
-119.675342642384
-35.787961224973
-141.059371617965
-51.468434343434
100.854547850153
-38.175927804834
-43.256473073368
48.493256363862
-91.654228529717
109.602355164367
-31.131493506494
-201.4972119352
-34.41064453125
-36.480186913781
-150.326290950803
-145.692730880231
16.238102988591
-117.164870665359
-37.676948051948
-111.095689033189
-135.418810735705
-30.923000231106
-34.757284761679
-150.192610042952
26.536997345103
-40.277514965503
-208.316726134109
-34.060415468863
-166.756313131313
-124.429555741567
-175.69553691209
-107.027708023314
-151.224113695549
-111.023080272592
-12.457779525162
-35.985938486427
-32.167761600379
-109.061307128202
-142.88961038961
-209.917630546537
-154.085755715639
115.551595052083
-26.94418163217
-192.588827025839
-32.785144976551
-56.25877637987
-157.128136132531
-181.758047128653
-160.561265557359
-183.12023274035
-171.859848484848
-35.35301466112
-153.541638483045
-149.193390376984
-87.706078643579
-184.203290578779
-158.121294558306
-191.657848715954
-119.957529395518
-95.776798396916
-21.943640506629
-97.325036075036
-153.058511312906
-45.266233766234
-152.785984848485
-93.21167027417
-183.697248010236
-126.448572640467
-183.796516363411
12.02617483428
-145.615522552534
-176.47322203621
-33.114517806412
-135.437151932269
-32.83665759154
-26.855957735841
-175.606233230745
-33.246111717059
-168.151605339105
-195.809786621798
-186.180395613501
-25.587925149937
-59.480720288826
-34.884900201795
-45.527417027417
-154.360028860029
-92.804623029965
-34.912345412834
-29.540654170049
106.657024345013
9.472935972448
-180.28173828125
-173.670918166035
20.834263392857
-27.749917562906
-144.598783594877
-180.166215728716
114.667666480655
15.529862308915
-97.176337171943
-81.215999278499
-192.230277101371
-185.426940301452
-134.40576171875
-102.745047433036
-193.968143347538
-84.28382034632
-34.771755642361
-198.875280779334
-30.932078528026
-200.05590855542
-169.748093377976
155.880313317325
-98.811497719945
-187.016967949585
-32.494666249549
-40.863927359533
-146.581181513799
-29.300587487599
-75.824286390693
-148.859948889002
52.350850158956
-171.842620189056
-179.343524531024
-0.211067144661
10.977713448661
-179.540416723034
-32.699036261048
-93.474554416937
143.843344155844
-158.078463203463
42.370560374955
-120.460059580177
-151.790015106421
-36.41898336039
-38.271312454906
-31.079746262852
-67.316197691198
-172.278331585949
-92.476801356196
-98.8961116466
-121.081779711174
-34.168612393466
-179.596681096681
-181.624749870355
-170.434884559885
-39.689927314439
-30.051607734713
42.47582972583
-97.63935250947
-140.41332972583
-192.9740055409
-90.893145672687
-205.680527019638
-31.299404832364
-146.079357328869
-170.396132079726
-49.200396825397
-163.315115440115
-174.798410302805
-35.422881859894
-139.655323463429
-143.870820721163
-184.727653910759
-199.764427548363
55.588896780303
-30.973935786436
-178.230692105204
-176.938229251218
-74.026785714286
-32.897735023223
-7.603285223891
-38.094787157287
-178.829303075397
-162.049713795319
15.532836033324
-88.176705672799
-80.118874994363
-175.55284992785
-150.137798887311
-106.891754458649
113.501685380592
-94.822863822376
105.459675930623
-10.699773262762
-177.855887981376
-139.030045150162
-43.004411441423
-176.477432669327
9.437881183487
-79.725399221005
-8.309461805556
-175.326195831079
-35.779310966811
-92.977625727137
-70.598206535218
-204.039120981016
-161.047619047619
-38.569145698052
-158.98929586039
-168.207251082251
-37.076216264205
-44.032758528364
-164.847500535489
-33.8876058295
-90.337371341766
-164.541063537157
-33.357225294237
47.546634734623
-90.668913605925
-188.65874284136
-30.194186564304
-86.258665759154
-160.48567285579
-101.802226365215
-95.99809831011
-171.067550505051
-96.541153724747
-184.146173650568
-49.501505005411
27.047451355069
-38.02112432923
112.166947446
-89.34604978355
-183.26156444467
-161.109036796537
-26.595526625068
106.598484848485
-192.275523088023
-156.729998788104
-151.076679884785
-190.64392671131
-200.063492063492
-200.602515106421
155.623466810967
48.608686262739
3.141063607616
-23.923713981331
-37.115612740124
-31.134381975446
-146.61447623557
-15.145001211896
-32.281405714511
-28.620302494814
-73.755674067686
-91.181256623151
95.018849206349
-90.762195757801
-36.408369408369
-90.663538284632
-90.054202741703
-34.28201412845
-98.626713564214
104.898088023088
-166.227383347989
-151.754529812635
-194.145665640783
-95.813742193137
-154.532258973665
49.613636363636
-43.891233766234
-172.888728946834
-30.098124098124
-170.523732018849
4.073314760326
-34.995282061688
-184.742764559659
-135.868957431457
-48.289141414141
-152.317107317596
-189.701491759109
-193.667999047394
-27.916604662698
9.630529626623
51.102210723304
138.702300981354
-153.09117965368
-32.712211399711
-85.588121026109
-203.432269119769
-152.970689033189
-180.518308080808
-162.923791486292
-36.461108715503
-26.646194083694
-97.526723710317
-189.490800865801
-178.300033679428
-92.060044501939
-163.801845181728
-33.394009148404
-35.786443536932
111.78651822353
-173.390061327561
-180.17376330267
2.795843479437
-202.478916537022
-116.717352092352
-166.880383071789
-188.614788369183
-153.34604978355
-159.467169251105
138.575103363433
-162.640873015873
-91.583854025749
-39.183323187229
131.227370665359
-187.841741212347
11.368596681097
120.112041170635
-36.269653144165
-170.699605570211
-183.230499047394
108.873368872881
-35.347771098259
-158.59154040404
-172.072268443362
-38.064566564078
-90.709302497633
16.039855164367
-104.130313317325
-163.99321549761
98.799512987013
9.686389565296
-16.314386188898
-86.508740445752
152.960595773584
-185.989259926272
-155.358036982549
-27.806887936282
-89.431444748828
-141.938041125541
-45.251254875767
-102.137466320572
-104.339293464782
137.689275568182
-155.028671903184
-40.164043476055
-144.629620000226
-27.796889796402
-89.462932900433
-99.948683261183
-168.316447820842
-71.693800448683
-158.733307545319
-172.046266233766
-153.213904530799
-159.272276334776
-164.482593795094
-152.407578153184
10.487033420139
-143.650440650929
-171.946338383838
-198.228715728716
-27.555743681232
-178.435716681322
-162.797168109668
-24.181096681097
-148.009920634921
108.296987734488
-79.773469206575
-196.021194083694
8.138409767316
-43.510101010101
-37.128164316153
-96.193563001668
-94.986180865575
-71.367231184614
-162.515151515152
-132.809884559885
-40.920266419778
-172.502713378202
-27.985206769142
-34.171098541216
-149.092450030438
8.726461038961
-190.731511544012
-39.949252570346
-41.164161847267
-196.415702786796
-36.348554602949
-28.017393522276
-216.890880766369
56.737726737238
-140.852625727137
-156.996023995536
-95.286075036075
-196.674783549784
-27.415695036301
-197.343434343434
-36.537267907873
-187.78345959596
-196.681256623151
-29.187151932269
-32.287628658234
-24.182469928075
-154.451832076344
-130.883039378157
-28.460157518263
-194.609397546898
-34.521755642361
-182.991079179067
12.087231832837
-75.559420939304
-154.239288109894
-77.030393217893
-207.164141414141
-31.633297258297
-107.619580994093
-156.805903623286
-37.727383347989
5.999647000135
-82.019460086355
-35.401141718525
115.077651515152
-183.203435019841
-84.496219871708
-35.298611111111
-132.565906695301
-40.26444269706
-203.013365730407
-39.678661616162
-116.780573593074
-194.595168340774
-37.378718124324
-160.478097098214
-185.627996623602
-157.871101500496
-194.136433390828
-34.717359842848
-1.772077992537
-36.531495902101
-149.98131038341
-28.650154587166
-190.05762987013
-60.606880044868
17.919011544012
-110.266295770202
-35.872273939168
-158.929993996889
43.579262209145
-145.389527952516
47.727613044508
-38.584956709957
-165.047000417118
133.596292162698
-99.866460362554
-98.569985569986
-141.720516408505
-27.568903318903
-190.359024113907
-111.032204720193
-30.000811688312
-71.64621451682
-153.891504329004
13.521263838158
-82.870067866162
-163.026486967893
-171.883650258162
8.928862424468
-28.088716405123
-82.704983709867
-33.470807404401
-85.795712425595
-121.864788369183
-32.438860564349
-154.30590855542
-166.604597171492
-144.614267676768
-39.014512451524
-39.826388888889
-173.030586275703
-88.314393939394
-200.900363145969
136.439020506403
-104.047631730249
-84.510752756358
-167.639880952381
-129.345789437342
-126.397797027192
-34.527064027552
2.079738512356
-35.771616838023
-37.958603896104
-7.434142626037
-141.448322510823
-164.993506493506
-166.129411441423
-31.714937460543
-38.428210678211
-179.976468789457
-34.944717473282
-30.294171486066
15.467823463429
-87.290481545364
-112.169532236427
-187.190566378066
-31.696897476438
54.204246708153
-108.338682584776
-101.84623015873
-168.939644069039
-33.023371268488
-40.320526695527
-33.048098169192
-74.443354442866
-33.430568238185
-194.095500907513
-159.584145021645
-34.484036796537
-146.435974561463
-32.278249148855
85.430666176272
-193.878419377931
-91.439303751804
-32.966109899215
69.103112599206
143.226471255524
-153.739607994002
-37.994859307359
-160.492882930871
-154.989558672664
0.425234487734
-3.895013894526
-161.427489177489
-91.856320952268
-144.258477633478
-29.628329190341
-95.296807359307
-15.514860519255
-105.354895917884
5.87317581507
-38.300352858947
-155.564947747565
12.415494227994
-78.952187894571
139.451378672326
-33.98738148787
-42.462121212121
-143.66263640873
-104.36734180533
-192.958083203689
-107.733122238005
-32.664051226551
-194.508207070707
-165.152617835723
-33.110330072488
-26.044573102679
-159.462680304721
-183.453561141549
38.092970722854
-185.20239891944
142.140690174626
-193.012814388303
105.29185725841
-34.052689985795
-36.938151746257
-151.579357328869
-181.956266769255
-106.641040708424
-36.614350113862
-184.924701112689
-154.659438976822
-68.181354561237
-33.965208023313
-180.393287647682
-16.529019970915
-77.950860445978
-105.240731111337
-201.180202555691
-180.447219826614
141.487814458762
-153.408992971005
-164.679390867379
-173.356338919327
-132.577901644796
-157.892496392496
-41.51450751939
-90.710588023088
-162.703553391053
-38.814012755907
-102.388347763348
-93.781357097763
-101.792658730159
-203.998799377706
-35.595135225018
111.708070521059
-160.882936507936
-171.995498370987
-176.174332611833
-34.136634199134
-86.245019249414
-137.108523854618
-64.945526695527
-174.863025483631
-175.964847272953
-101.045725108225
-188.564742007125
-49.346881904987
-158.632916074811
-174.306158685065
-149.715527907422
-196.604638037744
-198.414612785218
-167.427932364944
-123.838626217532
-190.461469465864
-37.994199810606
-80.836780894886
-204.196518759019
108.894751082251
-188.181748427354
115.947412884425
-37.399703649215
-198.298418053301
-171.13273569963
25.710868802422
-155.503849882756
109.952561327561
-58.607295048701
-101.818903318903
-149.467504283911
-114.731614414232
-183.885191197691
-26.246835683847
-37.975731787744
-93.048974327539
-193.241432178932
-25.292831354843
-26.735271239177
-44.922631730249
-165.417929292929
18.008387445887
-150.042014734398
-94.565123190611
-192.257207256719
50.564914631809
38.026334776335
-37.708173391279
-203.38752832454
-64.953380766369
-163.315017502029
-175.431179118191
-30.362201112689
-30.11822818024
-17.341991341991
2.372626939033
-132.706148398043
-194.680284992785
-35.27695833897
8.707993016098
-37.423327865711
-178.55093555533
-172.694173881674
106.040043290043
139.013888888889
-28.497557184569
-103.746670809659
-209.138950892857
-37.572982193588
-33.169630174513
-186.741702741703
-36.022116392722
-33.570106407265
-37.821506076389
-30.486464110976
-27.131854256854
-35.698142135642
-158.12881606241
0.242416491928
-161.866091861697
-32.637265512266
-106.477986477498
-40.003086811192
-191.337912467307
-183.016975700081
22.0220882091
-117.002455498061
-187.078713333108
-168.411874041757
-39.798979611968
2.372023809524
-93.704004329004
-30.795325957679
-91.13160412721
-147.748363940747
-108.995109437004
-29.710886769481
-38.557892682404
-172.489968744363
6.626705813718
-31.352473535579
-4.005509193497
-179.072268443362
-162.062147000135
-79.945949449856
-107.367792743281
-167.041112858496
-153.393648398043
-39.766156261273
-3.603236607143
-155.99122362013
-165.330800330312
-190.636023319129
-146.833271329365
-155.588474025974
-140.700937950938
136.301829680736
-74.717179467668
-40.064775122881
12.430367429879
-160.739989177489
-30.001803751804
-36.487492108586
-121.164133663645
12.337198717082
-176.392504142992
-168.686876437365
-71.01931282693
-99.659722222222
-200.855166480655
-174.031295093795
17.712010591405
-145.290210982594
-97.982233044733
-38.0857063943
-160.944985569986
-37.791105108
-89.506243376849
-107.452221010326
-25.67088505028
-25.537059349071
-151.789870665359
-95.455947589737
-30.320957200352
-37.939865310471
-70.690906695301
-117.408890100785
-181.105499047394
-163.698695943813
-197.776875901876
-43.759990389385
-104.121281875676
-183.30953156002
-156.393967577561
-145.130854442866
-141.188309222245
-134.112631617514
-31.465610344517
-80.075925268308
-49.805485801091
-127.712502395608
-32.705537518038
-29.206640202246
-191.85406872858
-98.180465367965
-32.827831890332
-2.514888702877
-53.011093073593
8.836649841044
-33.371474933487
-5.421266233766
-27.191566192054
87.825925268308
21.670915699968
-155.507132570121
-160.107421170409
-152.326556581439
-93.49808562748
-163.22094691333
-32.664862914863
-103.689193131088
-40.189963248557
-30.669733044733
-96.139257389746
16.109848484848
-91.779429338023
-66.661907157513
-170.954303075397
-35.31842419733
-87.992985801091
-133.473567285579
100.325819579726
-205.487252547799
-172.309150376533
-33.773706653589
-93.968733089827
114.926837431232
-111.851641414141
-180.249528628923
-194.559351184839
-87.649072336084
98.078202857256
5.172791672303
-137.797910043516
-49.803233577404
-92.913332191897
-32.427919682314
-33.486013173025
-35.628427128427
-22.39908008658
-40.588682584776
-180.974116161616
-119.006563260958
-185.2886002886
-183.923582927489
-189.537415167298
-162.762265512266
-182.119596495085
-82.318442164389
-51.318279756268
-86.969877344877
-94.474739724251
-33.629406509289
-28.735922985435
-40.635474443092
-51.659361471861
-191.047771239178
1.48766473327
-83.843356838474
-33.301316738817
-159.926046176046
9.650100333694
95.226288414277
73.169380044868
-28.782647907648
-150.697242725807
-87.406132685674
29.780573593074
110.566550691062
-94.761752570346
-183.562139249639
-34.312798746393
-26.556248872655
-169.884812480271
-63.069817877435
-117.183268933757
-95.822871572872
-84.155223059276
-81.205246522141
-186.698585323097
-29.045634920635
-194.147206580312
0.443820881809
-41.72123015873
30.247833031769
-202.200659637671
-101.787796350785
4.673090418696
-38.901978772096
-156.237636549648
11.647637085137
-156.427599798205
-149.945887445887
-136.160013218119
-134.014991573097
-33.713293650794
-34.911072570008
-182.609778730384
-104.296967301362
-197.211026278409
96.050595238095
45.969856911751
-131.329475700081
-87.72113997114
-146.505599381088
-91.798902107008
-169.511253015648
-149.905004283911
-187.591097216586
-47.547902293019
-30.487303982909
-86.45957552647
-75.85597041847
-97.932080994093
-150.611840362329
-39.787448283054
-28.929022366522
-192.706008889114
-202.943460131448
-95.239898989899
-190.723415094021
-30.983523854618
-101.872827747339
-79.27409276921
-100.907750777868
-105.301767676768
-129.212293836806
112.050783363772
-34.276043780438
-96.145632525027
-176.232967228084
-103.541035353535
4.357263694422
-95.949203953598
104.633129565747
-149.597222222222
-19.286796536797
-33.820547128653
-173.31727994228
-33.335379464286
-112.611915048927
-182.108516104122
-158.169282106782
-177.764347577336
-205.018308080808
-30.962945583063
-142.527275052422
-49.567883071789
-35.111271053166
-29.326368455763
-84.651785714286
-180.753960503472
-163.431346810741
-173.160533910534
-159.713474025974
-50.334886955492
48.90455334596
-28.733516104122
-165.266156261273
-195.663350158956
-152.539481731376
-42.776883652372
-38.399502840909
-34.943351976799
-148.122113997114
-144.636634199134
-206.140522482075
-162.984029046041
-40.510802077697
-142.061405066288
-28.559642180736
-45.484384864268
-38.583423520924
-146.326569264069
-190.013876206259
-170.34633302895
-195.811417748918
-180.199574920522
-174.640713073819
-199.844184027778
-118.579447516459
100.967983405483
-40.755078688672
-155.752504819399
-38.716091932156
-120.404942279942
-203.483575642023
-37.447601010101
-109.244678932179
-37.030462972358
-30.297266047754
99.593676722583
-148.719947099342
-113.465999278499
-156.32587594697
-158.691385816874
-151.532279406791
-30.504038008433
-164.054633246528
-165.92088505028
-151.40767609127
-44.010995135507
-155.792125355114
-30.984668109668
-184.360791579297
-71.915945165945
-34.657995975379
-77.0944059738
45.309626679744
-153.265692640693
1.243264114358
-30.826035889024
-51.577290764791
-127.206980519481
-148.618936998332
-160.476340201682
-29.470889841495
-93.234668109668
-152.358835988231
-147.466089466089
-160.442923938041
-92.145722712617
-196.66810966811
-155.194534632035
-182.500479121573
-32.646936017541
-155.088133708739
-154.970758787653
-65.584338079455
-26.762696017091
-36.717199900794
-169.658291903409
-33.402767561215
52.440107689619
-133.895853766459
-168.690759435877
-110.948835452742
-37.677780173386
-32.737343087685
-87.324502699991
-165.463023088023
-160.318825813943
6.90939212155
8.403620115778
-161.008560070572
106.331459827065
-42.320797258297
-116.284740189281
28.214564027552
-115.8844823796
-107.745462436869
135.087133894751
-34.06432418493
-160.442522321429
16.437520433126
29.873606319895
-159.178293115305
-28.974567099567
-189.612025669643
22.059413188808
-141.066295629284
-29.905303030303
27.916498974116
-90.761822324811
-183.653499278499
-154.67097523787
-32.214674648268
-181.906676277282
-46.567341946248
75.275821834416
-180.639159451659
-97.086600519706
-87.74104324495
-29.716249408144
-35.454375295928
-49.652507215007
-166.241452612058
-167.727613044508
-168.453290578779
-0.436896870491
-183.928383302895
-36.724907416802
-28.833784271284
61.588724155619
-167.076105643488
-37.040576665088
-94.564857559975
-89.018065701659
-205.576028138528
3.494145557134
-74.268668831169
-169.474268353175
-39.598492598981
-28.275683030078
-24.212389308825
-29.345586162969
-30.82005532445
-32.582062956575
-35.153952682517
-104.659912813966
11.513917072511
-167.229895917884
-37.610930735931
-45.898618932066
18.419169019999
-45.034000721501
-43.812848067731
-36.489190171807
-114.191891008297
-186.780102221997
56.555014430014
-140.386183261183
-98.345758787653
72.894758832747
-44.559245496257
-33.18272005772
-129.929190059073
12.48537692776
-170.673368731962
-77.087131428684
-28.399879092262
-47.707140461535
-163.922168109668
-156.537677979573
97.771464646465
-116.79329004329
-38.432637620626
13.544983174378
-89.966610158505
157.862726737238
-177.663066913555
-3.136433390828
-53.173868991252
-29.113468671086
112.352824069377
-180.540785223891
-161.623556998557
-197.099755225244
41.939857559975
-43.197129639024
-193.632776565882
-142.908382090999
74.436848253743
-102.592622655123
-90.488185425685
-168.96444565634
-39.72035646645
10.118346551452
106.313940535376
-153.682838428932
-196.864107734713
-108.081792393804
-39.808704370716
94.892586580087
-28.317120000225
-162.71932846884
-135.37003968254
-41.247897501804
-150.899018082612
36.311946191829
70.140610203598
-35.218003838609
-78.248556998557
-162.890950520833
-157.76433982684
-41.056916119904
-92.803493923611
-54.417991296898
-162.720410719922
-33.366612554113
-100.052321484939
3.242875180375
-30.293372480384
-181.808018804113
-96.790213448661
-186.392586580087
-95.787816783911
-160.477009914998
-34.152445211039
-158.831521831034
-154.112914862915
-75.123044056638
-26.322703880321
-31.082222898629
-116.570276565882
-159.198302077697
-88.223637040043
-163.097931040314
-182.760010822511
-159.410366217983
-31.306026926632
-179.989190171807
-34.460490085002
-49.290945165945
-82.562049062049
-27.350456292839
-177.999396870491
-78.215916841405
-163.925595238095
-98.364690431097
-30.092831213925
-58.241050995446
23.95871451682
-183.134206884695
-23.168462667974
62.260229597876
4.95497595937
-135.457349020337
-104.048131989538
-165.657016594517
-43.083132525027
-41.547150142609
87.969078339196
-33.653326653815
-26.006042568543
-31.181006493506
-189.188943001443
1.130313317325
-192.026687776199
-165.035804473304
-28.006854256854
-173.499458874459
-200.624118557224
-38.408189033189
2.871482683983
-131.354700041712
-168.794622424017
143.776703277192
-29.996392496392
-158.426927618822
-192.98748435809
-83.162067099567
-138.781836219336
0.62557177523
-33.196851325758
10.706459827065
-29.461379278274
-23.422619047619
-173.931978123873
-29.596931226326
12.874196062184
-98.762368382486
-194.320957200352
-189.39908008658
-32.145570521059
-93.627051415381
-164.096943908956
-97.608225108225
-158.160595914502
-30.930264559659
4.702641298589
-33.688561817956
-165.064602498196
-40.112566795184
-40.441107503608
-199.234856235344
-167.323142135642
-36.30084536774
29.594426406926
-101.642488642
31.376893939394
-189.952762135868
-30.042818672213
-181.39726858428
-191.418547923431
-31.549054298566
-104.490241773201
-186.392413955402
-158.934691502074
-199.179375366387
-109.286497790404
-89.715909090909
-108.129140878653
-174.207529395518
-199.180833868822
-108.10274409835
6.237546362058
-37.455988455988
47.432830678436
-104.639958457341
49.044372294372
133.718795093795
-35.569243636138
-84.433704370716
-35.597325092442
-37.051386493281
-177.005153375271
-145.922116322263
-128.103022411616
-38.05075518015
-102.420892800776
-21.995753432765
-111.917818672213
131.299144486156
-170.977605294012
-186.461038961039
104.619408369408
-42.654663966676
-167.422778989674
-31.871663059163
-173.428009869904
-30.134670505276
-28.200767792321
18.452762135868
-187.404220779221
-140.984668109668
-27.486569799558
-98.188492063492
-87.432279336332
-137.133555138438
-151.602112785218
-37.683261183261
-27.266261949856
-95.797521109533
-80.222665409677
-70.843712656701
-166.490001860119
-85.150785900298
-152.946346134334
15.34606246618
-30.52905308667
107.798582927489
-81.780040218028
-30.608926175821
-178.250791255186
17.788948356331
-152.062672624684
-188.204004329004
-47.399703649215
-35.538808847403
-206.130042754554
-198.028589466089
-90.953102453102
-48.989280359398
14.866091861697
-35.309273679879
-106.662247474747
43.997286621798
-111.015602453102
-67.077561327561
-42.178112740124
-38.3324934614
-181.425775613276
-177.717081529582
-96.008109132621
8.943813131313
-32.449056694174
-35.766774891775
-161.303210678211
-97.075216450216
18.548090418696
-30.519480519481
-169.070694388077
-29.140795510913
42.44923213722
-202.803759554248
-156.397809709821
98.213100592983
-96.745678746167
-90.560175555781
-85.06441437252
-140.817648443137
18.167486105474
-29.864891239403
-42.381702065296
-21.950737142632
-81.81266769255
-139.540661920545
-36.866620304609
-158.766803075397
-90.553481240981
-38.626234442641
-101.925144300144
-94.984098800505
-170.533098845599
-140.862976866883
-36.241001674107
-161.366341991342
10.61189990023
-99.067919005907
-166.241604803617
-137.566759249865
-165.320859262266
-190.913046480429
-39.664782943836
-197.855601917614
-142.329086766098
-42.781024531025
-191.729409045815
-179.603633291622
106.368346551452
-32.760080576975
-147.197858890242
-149.061798932404
-165.543039913645
-199.753176998782
-29.952942511048
-30.734737864132
-143.512023133117
-173.16322685561
18.38943001443
-39.818620073503
-128.788309292704
-97.076208513709
-41.502976190476
-200.70689033189
-28.794753477859
-153.069694574089
6.155303030303
104.674861054744
-162.007215007215
-134.433248500631
-161.244879740485
-198.431096681097
-191.670905483405
-148.300422613411
-45.975749754802
-137.717893217893
114.141767141279
-136.667450171356
-88.017689450307
-40.813139063627
-39.105241167253
-150.506024601484
-31.309093304699
22.450917517812
30.124556812545
-30.936229623241
-201.551788109894
-32.246583088136
-85.947498139881
-84.810363681457
-30.057990620491
-28.150453333559
-41.591069032964
-160.617612368101
-161.211878832973
-152.628775196158
-129.387358165923
-96.041666666667
-117.791458107864
-152.544552669553
-33.812520433126
-192.102875856782
-40.778499278499
-175.637195757801
51.561056998557
-159.100649350649
-26.849807012649
-94.62327868529
-37.571346134334
-77.314213564214
-176.065816507711
-149.208042337437
-36.528741657648
-42.022915398404
174.06153612013
-100.999258066153
-93.601260230655
-2.896374458874
-27.119769119769
-181.655102221997
-143.82204720193
-35.963396521014
-29.52408008658
139.091277591766
-42.161075036075
-35.305735930736
-91.561389565296
-194.661976911977
-174.583160708649
101.238808988321
-147.573863636364
-183.159193779311
-50.042839105339
-173.459255642361
-43.898600965007
-38.915063723169
-186.358057415675
-39.159000721501
-37.650876087888
-51.299610925099
-148.363886493281
-91.121103966563
-55.192730880231
-166.127337126849
98.141414141414
-96.308740304834
-155.89115132914
-80.687750129645
24.697268443362
-118.505965063582
-11.469333753269
-31.127086997204
-173.500270562771
147.830434647817
-195.350657101145
133.679483521036
-140.859647676542
-137.306727994228
16.274613461625
-30.739628427128
-115.977460852949
-83.72419859871
-139.229096912202
-191.026414747362
-178.705455080943
-175.937049062049
-32.73097041847
99.640352323458
-187.114749264408
-119.18053512243
-194.339568959686
-157.046626984127
-185.285333102228
-23.422070171582
-36.187479566874
-26.42134867086
5.122724877119
-33.866612554113
-27.962682770788
-29.369506307495
-82.205287388393
-190.10206416847
-182.144792300798
-87.374077690972
-119.76435250947
-82.085698643804
-21.436876437365
-88.425214054609
-34.408910533911
-113.108327978445
-211.212329770924
86.078115135732
-184.96637271149
106.835139551204
-191.328823953824
-180.0818001443
-42.511255481714
-35.122124213677
-190.592372525478
26.746402712955
-197.107212611607
107.61744467555
-29.837569684005
-190.251505005411
-148.00019305781
-140.937147000135
-29.102723665224
-28.61604324495
-189.902326839827
0.223997790404
-84.341159220554
-23.441177258072
-131.325487012987
-100.88734794936
-142.07166848451
10.249270748782
0.682462177579
-203.936299377706
-33.241542799648
-196.509191383703
-95.824134199134
-35.926053926542
-34.887778454185
111.571596263979
-25.287788600289
-155.072310014204
-124.082132711039
-190.395111832612
-170.638278008883
-44.393578643579
-165.168269610164
-159.494506307495
-196.216239191581
-158.627332194715
-160.414259785354
-139.712842712843
-93.923430735931
115.240829049423
7.857843924738
-4.884018759019
-34.1709879205
0.469586348981
-184.71331408392
15.462732092127
-2.099997604392
-153.222312409812
-169.443534818047
-24.644460086355
140.720456870603
-33.683982683983
-34.609577922078
-40.089924777913
-196.35379816581
27.488548642113
-76.799324861337
-178.238894243777
-185.759629639024
-39.686758066153
-29.364960993867
-168.73852574292
-119.411984662473
0.666826608721
111.734057229663
-105.317800634695
-30.791847041847
-85.263986826975
-170.69915463226
-41.58648989899
-33.349587532693
-188.297356235345
-90.801144114132
-35.268135456124
17.280545409452
-34.247765743371
-101.105519480519
-189.88196487757
-27.195985383974
42.148088023088
1.539301356196
-167.496191688086
-171.360758111246
-13.515700391189
-58.48862861314
-157.049685611697
-37.625422754329
-137.17584536774
-144.023698903093
-30.419031977137
137.837481962482
-157.621936088001
-156.42088505028
-34.575729392136
-31.393836523719
-161.604810662428
-80.442542754554
-42.340195340684
-29.555284992785
-110.505960131448
87.590806220689
-27.564742007125
-166.083776520788
-155.213937646555
121.815045685651
-181.020181587076
45.797139926046
-139.37212174761
-44.946330633342
-112.459242959731
-153.771394892
-36.832882395382
-119.895652958153
-27.795565166171
24.958356232526
6.855449726055
-98.101814038826
-2.896735209235
39.125352999865
-150.521276520788
-202.453553391053
-78.352751848846
-162.837662337662
-158.294475164592
-169.612193362193
-38.580517084912
-33.239169738681
-33.038592538104
-95.528290719697
-205.913780663781
-92.312257620851
-159.152064027552
-34.549221991117
114.625381183487
-43.223513032107
-184.46348177647
112.563319438808
-188.653499278499
-109.067792884199
49.547340734352
-157.728896103896
-35.243326118326
101.71177314439
-123.109549738456
-198.760564630682
-34.228432483315
-170.781475468976
-188.112296232413
-207.942790418132
137.807920866026
1.834853839737
-154.95480826682
-173.09395503585
-39.484848484848
-25.103414516256
-92.016444791103
-113.754669321564
-149.185806868912
-44.144660894661
-36.274543707161
-152.49731480542
-29.571990130096
-83.665215914728
-38.498750056367
-89.590270027282
-33.847644976551
-99.576319134425
-36.803460807855
-90.756112323007
-38.513528138528
-174.64926046176
-97.191710633117
-179.350378787879
-87.962281154176
-23.332171111224
109.489025297619
-163.34413541103
-149.112435741342
-95.776417213429
-32.257756132756
108.940656565657
6.998224431818
-152.172619047619
-1.125819438808
-164.153888212482
-122.468635151741
1.854790229302
-18.183974933487
-141.664391543786
-43.937888933983
-29.474128844246
-33.880132942145
-90.453102453102
-189.455447330447
-35.649600778995
-115.24512987013
-84.529470908865
-158.312069495175
-31.908209466315
-27.421820041937
137.244225528161
-13.007583508072
-60.268119955132
-182.809794372294
-175.752344877345
-41.01911976912
-151.483856421356
-149.175304242199
-177.479700041712
-178.79310966811
-161.674541170635
-155.092609972493
13.802829494724
13.707148212031
-79.528380907287
-75.310786435786
-144.821541658212
132.505070938176
-169.570797258297
152.757284761679
-187.248917748918
-25.636203694309
-179.294400477994
-37.679202741703
-74.127360030643
4.101987014343
-177.436688311688
3.951926415187
-152.234690464592
-159.088772735038
-171.805010809699
-202.978430022065
-33.186778499279
-36.970256859434
-97.687860750361
-126.648986278674
-49.595779220779
-186.987370117058
-98.645544006367
-133.060786435786
-169.777345604023
-156.237640679829
-196.463906199729
-152.409470423648
-39.632504334181
-37.454203468381
-35.684629191224
-157.179097360003
-85.825310173833
-194.211200606083
-157.713564213564
131.926662295068
-196.945436507936
-182.268759018759
-36.605143536049
8.204996392496
-150.420137205165
-191.606150793651
-176.45651438742
-163.285898196921
-162.130971111088
-35.731633396892
-179.170075064958
-30.787427849928
-173.061977604595
-167.887806637807
-148.528209985593
-33.200400361423
-134.717370822488
-190.010916234439
28.344339755362
-189.880144228667
-158.847834805218
-24.676123428482
-104.721391803774
-31.164866619468
19.499642954244
17.642766955267
-38.212568445467
-40.422709235209
-150.026515151515
-199.022746070983
-34.639790764791
107.115977536376
-137.578827658429
-102.549046955411
104.97860674287
-37.452091591355
-97.270491381228
5.813311688312
-26.050518154238
107.84361101401
-38.599277738541
-41.142139346741
-197.831871533635
-146.353621836521
-144.00434409798
-170.544832631451
-147.739643520779
-137.417587340824
21.741450977188
-28.664592352092
-92.285248254113
-161.302019441283
-36.097150832888
-107.823484087747
-128.243596681097
-133.411815335052
-158.68481317055
10.010574450913
-26.185763932926
-49.64211684388
-112.272885145047
-147.925392360054
-109.364357864358
-129.652762684127
-133.022005772006
-143.280678874314
-205.687932139695
-167.687210638974
-37.634736555135
-177.968870187735
-36.285872158034
-136.499906107805
-186.562413517015
-98.863726551227
-34.637554873292
-189.41098114388
-182.61778128818
-157.351483541822
4.234484029883
-160.182066241728
-134.336147946885
-185.337823914587
56.697852774616
-109.681799383563
-212.333243145743
-172.121463885727
-177.393834112699
-31.275094652933
-92.849833957733
-30.925219394084
-115.472225926827
-111.129144924544
-34.373301529437
-146.249913517015
-183.902056277056
-78.580808080808
5.7261002886
-36.684685386449
-38.145855836194
-167.946432276034
-171.718629812265
41.368767657149
-35.774512226275
-103.221861471861
-195.620562009825
33.410344136226
104.453624780388
-162.233856421356
115.158910533911
-115.663258336495
-38.611362875626
-2.856939979102
-130.305390274026
-192.389050465814
-90.668917651816
-177.452737998137
-92.222222222222
-172.092175421777
-28.477971725134
-24.464751745887
-102.353065617329
-179.678736710101
6.336692777031
-144.606624234462
-169.119678932179
-200.975018037518
-183.799422799423
-87.603911197547
-120.753352034488
-94.987441422103
96.056660309498
-89.610115343014
139.399344954828
-32.989444347343
-83.821605242004
-31.598484848485
-157.935970515572
17.896754007491
-186.834689851791
-35.691265375927
-148.971046078945
-39.770942319179
108.320060663925
-128.309437326539
-148.242685406067
-101.420544733045
-159.244156604893
-41.278225011124
-184.637085137085
-26.844603077502
-28.957788503187
-161.866886821488
-34.996121933622
-32.362653699272
-174.022633380532
116.276573709595
-27.085497835498
-183.241338286737
5.777236652237
-41.108059826695
-27.660804473304
13.060699952801
-286.312026559188
107.29301035387
-198.84597468961
-72.843879859341
-184.260194902296
2.867240162639
8.738271908671
-188.374263405628
-90.123643481542
-33.453643578644
-159.777507215007
4.433071681431
-202.056821886423
-136.17038315612
-37.179187648052
-149.035082972583
-176.56509664186
-37.588763387
39.689754689755
-41.737212160449
-191.676049880651
-33.373940251778
-36.066829004329
-196.406295093795
-186.811692016293
-162.62484212768
-82.350378787879
-53.893018719782
24.546707500111
-154.813127608526
103.124259701023
-195.092603856867
-74.470418470418
-74.147182442581
-175.592793903654
-74.820887445887
-194.138276374013
-153.548877969277
-149.392947330447
106.97147821864
-174.926699992038
-222.592059026721
-81.154510140247
106.4424378146
-33.357796673135
-162.665499650039
-161.319459538095
-74.772712179077
-170.464304512541
-78.751826254664
-164.194170177069
-73.339627666391
-154.279487637386
-26.801303907562
-164.17314507951
-148.663036660198
-161.030641277803
-21.398358585859
-26.856605436207
-37.461779260016
-23.80059153349
-124.092536172137
-30.552579365079
-131.647528099291
93.916647868411
-206.933824811663
-32.616702741703
-206.172333391198
-82.365240942004
-34.80266955267
-111.531761125397
-34.447781385281
-120.090728715729
-28.480158730159
-42.724924145323
-28.942009379509
-33.90879784346
-98.490007975745
-32.950937950938
7.826118326118
28.376262626263
-30.817208552945
-44.158173939538
-174.109762001863
-36.648088023088
-155.25489435017
-149.897073456735
5.352430599592
47.423363051201
-39.913966461005
-33.563830310992
105.875811688312
-28.696518759019
-36.862914862915
-41.146645021645
-169.580917066654
-33.940547579811
-171.655660076059
-177.215172496537
-85.640963203463
-87.734126984127
108.031223704461
-32.345583751948
-35.812586482985
-165.798885378487
49.294278402177
-163.659004426106
102.032031688167
-191.797006532743
-88.664421103561
-166.20461684388
-195.851566320202
-29.018672535774
-91.264899750637
-166.464372197271
44.951407687145
-47.850555458454
-70.894461721225
-31.495017179679
-136.769570707071
-78.652308041571
-153.901049119914
-33.552237412974
-33.794894621658
5.063022327285
-37.117510725409
-178.852723665224
-29.849927849928
-148.967600152262
-113.532632813997
-112.014899750637
-191.818561366798
-164.021825396825
-96.504577064239
-135.66871847838
-180.641575718339
-85.017244627981
-160.72557425671
-178.955429077148
-146.544823232323
-39.92325036075
-165.595330638803
-188.209394975142
-39.907735739263
-77.037788600289
-106.737806422026
-190.911165223665
-172.729347041847
96.320526695527
-45.225108225108
-41.503129185708
-191.709670249862
-179.795003607504
21.241326094018
-87.190365393612
10.572312194032
116.789775083247
-153.480681602401
-49.272454353982
-38.224224602505
21.698683261183
-72.078280472308
-65.039141414141
-205.231148437676
-198.490713034185
-32.686077607831
-120.783568036849
-38.517403848932
-46.276769816961
-85.046913444222
104.381400962929
-112.700288384508
-171.186776143304
-66.901154401154
-182.650974025974
-43.417913395605
-90.648883814075
-29.996572871573
135.895939418248
41.910811243979
-89.722490429018
-160.739355508383
-34.046157792877
132.78363997114
87.484668109668
-35.463110919639
-182.111992377739
-36.53336028172
-33.482686338659
-31.188600504381
105.962391774892
-92.013507529255
-57.55836962415
116.390852406599
-108.006400962929
-168.264143554335
-174.369027009774
-87.368506493506
-156.172168109668
-189.859214815743
136.085065150846
-131.546444252972
-191.679383116883
-54.772639441112
-175.394480519481
-30.881475253195
-42.440388358861
-169.931348990568
-118.236654592627
73.45202020202
-164.955359498832
108.290313852814
-138.517318373291
-110.947531431784
-96.225319426125
-112.265422077922
-90.032828282828
-167.155212842713
-138.480047933295
-155.605158730159
-91.160915270168
-197.49953080875
-195.193919216228
-36.068544924517
-88.065223881005
-144.454004329004
-181.496917724609
2.12022005772
-31.560786435786
24.798252716725
-49.619121909314
-11.312113135752
-95.009400118653
-93.537085352866
-170.645220273501
-162.585396165284
-31.698685617158
-28.756042568543
-33.879236460764
-110.708423520924
-91.272292232101
-182.893127705628
-43.657359091578
-27.41963264058
-182.306367243867
-30.484668109668
-173.965079149298
-147.303497138306
-145.038491847711
-25.827491749245
-37.99803177034
-33.911456395709
-98.40386002886
-86.703641222669
-190.057271475744
-173.209778690751
-42.284632034632
-172.505246777555
-71.245488264516
-27.755517340326
-110.563332297585
-35.62086962415
-74.189375686095
-167.556261158953
-211.338940861249
-31.278208106455
-189.327741702742
-84.110047113328
-162.388538355091
-178.529962889216
-37.478153993901
-27.458425876898
17.150074506047
-9.237984441232
-100.239159235879
-32.092169361197
-111.076548654796
-161.251607479299
-48.839283358311
-191.090548340548
-47.309495339662
-148.460206663454
15.148897355425
-180.576388888889
-33.796173690201
-191.4740465833
-64.489808802309
-135.193287903096
106.876010316791
-31.289608249417
7.788620897874
-173.272923545232
-160.87077943656
-192.982665729385
107.677139909753
-42.957882395382
-74.188293435013
-29.546701274393
-128.118885497166
5.398735233544
-162.917568542569
-29.481490934738
-184.818272005772
-83.690749109221
-151.094073517154
-14.897907647908
43.989448051948
-77.738710653902
-160.909255386947
-143.16295072217
-174.117063492064
-90.209776334776
-199.483044733045
7.345488048735
-31.107686338659
137.464366775226
-90.800706034959
-33.81259018759
-36.2906722472
-166.821987950269
-167.512249614941
-138.08405247808
-36.954258994451
-154.660085328558
-168.710391750583
-143.292661086133
48.450216450216
-141.441741172713
-110.36066017316
-149.09136002886
-158.075054328335
-141.37546919125
-85.725277117665
-209.928751803752
-102.205357142857
9.887168554001
111.883029051501
-33.679380760908
-136.518668831169
-39.851386748695
-142.768506709287
-146.885660388941
-135.431818181818
0.932521429241
103.519501128754
-95.508477633478
14.459593603621
48.569083694084
-186.018215537243
7.013440306913
-174.917839105339
103.643217893218
-169.747907432127
-34.995941558442
7.45970204451
-41.160067075259
-48.328192640693
-188.827452886672
-163.107415775888
47.320704714732
-158.435407432127
-151.799873737374
-147.064502380283
-75.919642857143
5.343704906205
13.934147161839
-29.18506257909
-101.668377874906
-170.228424556672
-141.340286904427
105.561401851594
-149.811219120438
98.235678426459
44.10073953824
-37.739792904985
-38.120943914416
-133.494248603502
-26.264592136312
-9.703914141414
-125.622814888562
-187.014774867466
-173.183335473527
17.406026886999
-204.232591439119
-174.424603174603
-38.184183668437
-190.024799231327
-81.91511286836
-5.766055747028
-189.150883838384
-29.041486291486
15.156276840496
-152.775072150072
-114.500992063492
-93.444426191146
-177.485840548341
-194.150231915979
-207.520544517264
-83.098866208119
-164.834954353982
-34.806078427798
5.234668109668
75.43046772394
-181.784162843382
-92.363546176046
-169.520921164949
-160.904849736377
-153.926839611059
-115.358398712731
-29.918722727942
-109.056709740929
44.291567352427
-36.472961976243
-153.627777561997
-178.813940645468
126.274541241094
-152.944786941506
-97.732882611163
0.053770057051
-177.376803751804
-170.08676046176
-108.832429101457
-180.308874243094
-28.284740475521
-36.336311879784
-178.262786028533
-162.722853535354
-85.482081139414
-164.403682009654
-210.685335497836
-68.456635666444
-203.573340764121
-185.024512771232
-41.737935472188
-99.634106590634
153.410536266509
-161.151896511149
-159.073861280389
153.780303030303
-76.148698726946
-32.602004520477
-28.782709625376
-163.297544757353
-3.160730183039
-182.270835689308
-175.063401875902
-43.585328942942
-144.864450407923
-88.159902597403
-182.291576479076
-88.213275397495
-40.724404977686
-166.337572150072
-193.710876839158
-114.624380169493
-174.503064022092
-33.29029324354
-53.888368372621
-43.970328282828
111.260824866797
116.89121786891
-25.817913611386
-191.007305194805
-190.790494227994
-77.157379700852
-31.058549999331
-47.791143794424
40.838296006768
-148.349025974026
-27.883222968031
23.1849723915
-36.782578329331
-33.895308105116
-154.499204209013
-207.089896418143
-147.531295093795
-172.422995695304
-86.072711806965
-19.867171932953
-95.313291079038
-152.849564743592
-184.340566593847
-35.617710702519
19.591538048066
-194.553826094018
-166.272075350322
-93.849378973891
-32.999466624955
-83.8336116466
50.256034818047
-160.007026881539
-92.256403318903
-155.63457256719
10.230351787969
-161.663517851506
9.925775613276
-176.501705813718
-51.040251848846
-155.671967301362
14.928329049423
-184.878865383748
-77.140241702742
-119.472644976551
-94.678849741838
-202.510904947917
-32.286425569873
-184.684516059028
-147.60310484871
99.762002699991
-120.407008844021
-88.411085252638
-83.780924126871
-153.693014125631
-152.518841455853
-37.007395382395
-195.851381067934
-139.93157580267
-81.698855885868
-80.720789437342
-181.491251803752
-32.522969365636
-30.906843969832
-32.274247779131
50.294650607639
-168.023920144526
-45.909258601641
-194.876262626263
-146.917679163285
-204.458062770563
-64.694972887356
10.574301891685
-120.34326171875
5.255854442866
-28.143586394075
112.904844341856
-191.750992063492
-88.931707561102
-170.21836458897
-59.417859538465
-157.744859307359
-165.941891008297
-155.482310549693
-32.92611593051
-30.592651124984
-165.423320115215
8.64638220937
-158.93175617785
-186.854797979798
-100.041215728716
-45.419733044733
-35.561347994453
-90.388105384199
-118.857761487644
-101.269730649125
-145.938291255186
-155.200466579861
-165.866640737734
-184.620941558442
-29.62509018759
-158.816921657986
-182.225095542478
-37.121314991432
-131.762814388303
-201.518217893218
-74.720967346456
-45.960858585859
-193.355769610164
-158.541826608721
-90.501352813853
-45.043671226777
-186.986209049197
-198.652867965368
-34.850378787879
-106.510982452877
44.681158685065
17.316017316017
-147.032467532468
-29.29816017316
-40.778429524035
-94.949654891549
134.904019970914
154.055112368101
-139.30945405506
-121.75487012987
-24.708263578869
-38.226920013648
-113.298508240891
-171.099378973891
-78.638499954906
68.899628962617
-30.95687764926
-157.227653910759
-56.100038470644
-27.609557488952
-26.943452380952
-167.447601010101
-33.26721807923
-114.865447865936
10.231589048972
-51.204635642136
-30.216060996228
-196.288698226686
-175.432849107883
-40.087051457657
-166.230527231016
-157.675041429924
-159.172626798115
82.369977678571
-163.726911976912
-137.381854256854
-31.837301587302
-35.803759554248
-151.955169017181
-155.037234792118
-40.901056463068
-183.234585672574
-102.255308385191
3.714375901876
-34.996044428662
-157.056477864583
12.613185425685
-50.073683261183
-31.906024531025
-72.766053391053
-33.704475700081
5.933802308802
-187.551595052083
-35.123208930826
-197.681998556999
-32.390524948142
-97.529048154536
-85.300574804969
-79.023871527778
-158.210665528048
39.21654040404
107.188685121302
-156.195616883117
-93.772907647908
-95.047647231241
135.050567054473
-175.093524531024
-29.784639785128
142.258838670078
-249.526141718524
-79.245477937861
-30.144951890557
-54.379156379645
-26.809974747475
-93.149510591405
-166.411984662473
-198.212399525388
-28.500548876037
-95.035020968615
-28.829267141279
-98.195014326087
-207.196449004554
-156.7240055409
-102.142163825758
139.613365800866
4.668650793651
-159.626352813853
-175.046799608811
-144.535013218119
-75.657134965729
-138.857864357864
-134.304743867244
-168.813201067596
-76.060237559749
-35.538502350514
-112.251172438672
-176.065808757215
-160.547466856061
-156.960776148764
115.038502350514
-155.523719336219
-80.116362424468
-152.08189033189
-38.43751268263
-208.915506910624
9.249917562906
-123.668282292794
-78.50295575735
-200.805174372069
-176.456259018759
-34.097402597403
-156.950327070933
-24.031032281521
26.549430549919
-199.003509565521
-74.880612063718
13.491161616162
8.919830982819
-82.945637316243
-85.496302308802
106.482483174378
-89.40882034632
-35.388971325983
-39.638878672326
-48.626172438672
-41.363968930375
-0.039329539818
15.986755106872
13.742153679654
-52.560786435786
-190.529421587527
108.976891543786
-168.373044056638
-136.945616883117
-88.262237042404
-23.347410347899
15.434351184839
-197.212322020428
-17.453803520698
-11.180194805195
-193.374799191694
11.483938858451
47.349927849928
-63.041145974251
-38.584956709957
63.294372294372
74.989275427264
-148.635031255637
-195.531364848259
-83.260842943948
-197.700196017091
-38.433101241207
-0.554215424333
-36.794462481962
-37.978161920545
-91.399108270202
-194.225989667884
-42.25372587482
-76.499389119995
-33.014257389746
-152.965277777778
-40.279844341856
-42.352210723304
-38.357044919057
-168.44045575735
-74.211850649351
-71.222873968479
-34.251360850589
-125.438955684073
-23.958874458874
-30.233057415675
-199.930666176272
5.471688847177
-80.699322324811
-99.960690893308
-162.647248151154
-31.569173881674
-137.949131733067
-150.445624633613
-103.68730694219
-157.438381442776
140.816285412721
-49.707604082116
-172.205086580087
68.203823953824
-196.486804428211
2.201200763212
-170.749286249774
-28.965458152958
-30.793308296589
1.036103219697
-32.628880532445
-37.455815831304
-70.601182725694
-38.85875848327
-178.394202206214
-202.798430735931
-82.692439884334
87.357240795229
-97.973956219562
-159.663051412563
-191.554210492199
-188.950154446248
-169.468191964286
-139.213896780303
-76.99104324495
-200.871302308802
104.855679422574
155.500097938086
15.821449004554
-189.298721731827
-177.910706535218
-86.405365034271
-35.886093073593
-26.696158008658
-168.772477143083
-192.189942815431
-161.589937460543
-25.638548571654
142.753094561688
-193.253509565521
3.324574920522
-123.463466275478
-37.445624633613
5.226002350514
-153.429993996889
-38.338834776335
-161.886912512401
-26.749278499278
-176.378870315882
-149.518661080673
-99.449855699856
-34.243777056277
-151.956509148404
-123.010441327336
-176.492722988817
-97.95393457454
-90.443645438763
-152.34232390873
106.618679118191
-78.580447330447
-150.990870620265
-199.56440168989
-124.276883652372
-34.770665640783
-28.789218919102
-69.9395947477
-82.457895078012
105.689746939259
-34.412899221005
55.223044127097
-28.773917678459
-174.879238816739
86.398538961039
-41.988115671221
-161.329081833965
-168.299505236517
-34.926697922303
-33.038337476326
-172.379439625045
-41.465909090909
-151.654601962707
-71.445699320211
-137.179936925054
-91.174430549919
135.864321644
-130.179728080012
-179.981531977137
-145.093815526921
-143.288079596185
-35.962288904672
-165.475087791982
-157.427030489042
-48.394328327922
15.176697922303
-41.483696479302
-53.088023088023
-181.51242545432
-40.639909136003
-145.136100824089
-88.47591991342
-95.922446422935
79.143498672551
111.488533493416
-131.02379684118
-51.893751268263
-25.729006724612
-83.636842757936
-113.619699365305
146.97106246618
-163.188213750226
-195.215450402462
158.902659406566
-165.692939439033
-27.41388881843
-88.785103405709
-155.187131499143
-35.484126984127
-160.804362683757
-154.248266002661
-157.467073779086
-33.12231480542
-37.919544919057
7.833944213339
-145.613734301723
42.442800634695
-113.878767445662
-174.381485755998
-186.61238148787
-27.793929106917
-55.440504374098
-43.255419005907
9.411533724522
-107.253004374098
8.629980750586
-26.890610203598
42.397484893579
-141.332070707071
-87.665612599206
-30.148698903093
-26.53660841112
-184.841728529717
-39.505411255411
48.599456478851
-163.091692595599
-25.703192640693
139.67812049062
-196.349116161616
-31.804481054969
-37.779769655258
-39.566538008433
-29.544089048972
-195.527798210904
-187.179014616026
-86.704205137311
-2.373023623512
-33.207148212031
-150.744957245446
-121.066197691198
-154.355671672078
98.600030720148
-194.73374580064
-37.243723089045
-176.820096190702
21.253143883027
-34.400883838384
-132.158111528229
-25.811889119995
-37.24312531002
45.748827561328
-251.622946118552
4.604347041847
10.130960131448
-36.467261904762
-152.246384745896
-200.858425916531
-39.821761138167
-110.558974933487
17.16898336039
-176.633588254194
-182.628246753247
-147.791674417163
-77.573134385146
-175.08831408392
-29.134371472644
-96.365919237013
-95.792991296898
-95.842290088384
-37.008367012762
-127.590360214872
13.800615671221
-152.386402498936
-17.992625050731
-169.912079782197
-100.148448773449
-167.707238399621
-49.482836174242
110.600378787879
-166.569534632035
-165.050955988456
-178.137466320572
-84.990618024554
-201.350747288736
-39.983413233902
-202.644140202246
-88.661969161481
-28.466978659361
-153.076937764926
13.433900246889
-168.472480102363
15.50660412721
-160.311056998557
-90.805764114358
-34.695456941062
-171.834325396825
-34.667846855835
-31.14735877187
3.80475161774
-81.575064258658
-192.994977678571
-35.228805916306
-36.087391774892
-34.782106782107
-174.801329421447
-188.505060721613
-185.723332656926
-164.364059117965
107.053581645134
-42.174159987148
-93.991001674107
-29.566939625045
-84.492584184479
-152.973033910534
-179.924763116658
-183.438492063492
-156.231351601957
-187.035964415359
134.812930504825
-91.126074500586
5.621753246753
-37.867083925189
-23.215275311711
-196.719939348846
-156.658529350424
-205.059351184839
-94.656127401245
-36.626796001308
-34.213937646555
44.211740028635
-38.064935064935
-148.652499464511
28.546459291576
-31.803391053391
-200.452824139836
-88.061049248061
-130.217282624128
-134.735541801948
45.955357142857
-40.966519970915
-30.90882034632
-48.702911861359
83.176218800731
96.333603896104
-97.673783735795
140.204733580222
-169.635371572872
-162.402880647998
-31.185237559749
-42.199056694174
10.45040704196
-53.821871758883
-204.103202786797
-31.719704720193
-142.958055020067
-79.848381978265
-190.282898037293
-81.889901385507
-102.259907952291
3.877635873241
-52.317009379509
-143.000651746257
-16.193903318903
-36.919130201464
-4.803460807855
-21.331086394075
-50.107220362103
-37.731421356421
-148.653880461986
-36.035103405709
-72.404852092352
-177.202290764791
-194.194694574089
-1.513991759109
-124.833513708514
99.015233952246
104.98528674017
49.652208468615
-168.361459178842
-149.970147907648
-16.514321573541
-186.995678746167
-148.255669135552
-26.970972278589
-106.038590072037
-185.988095238095
-188.262884142767
-29.642233580222
-148.044380044868
-146.413259971365
-27.09116697105
-156.605527231016
-149.848374227769
-165.546910229527
-126.804300679789
-109.294810549693
27.618063306052
-32.359758011018
-54.407807849702
-34.882124819625
-91.440636132531
-86.12240499301
-174.848291790675
-182.34155308667
-69.048410302805
-35.272825210813
-176.656397964015
-172.745823187229
-47.655643347538
-40.470508658009
-45.736394356512
114.739077085024
-196.004156379645
-40.445699320211
-83.484549738456
-90.846160404266
-167.857204861111
100.925976421582
81.114898989899
-35.441468253968
12.780295279807
-158.846132220644
-87.987816924829
-202.15845959596
-36.056014244003
-150.778228715729
-188.433912929518
20.66611750439
-26.998376623377
-101.701192726477
-34.583964646465
-89.850755325472
11.715007215007
7.567710447105
7.400280708874
-35.103445165945
-177.018877389971
-204.087559467442
7.743436739042
119.190447720614
-105.788796451013
-30.205615022998
-112.548430735931
-73.227916723034
-158.268606827201
-176.565226060832
59.906934157422
-187.129419191919
-94.322678515061
-0.827999582882
195.196518759019
-33.061039031498
-155.263631008748
-179.046696738591
4.039520131561
-21.118452526274
-41.619704935974
-56.735930735931
-35.610312105429
-107.869748686643
-17.719168526786
15.8768115023
-31.780052900658
-154.527486781881
-43.960206839601
-167.932088744589
-30.335309709821
-165.420093795094
34.099476911977
-152.213487060899
142.817566578522
-91.815460117004
-159.030770041726
-58.189284639785
-162.252628475041
-92.299680327268
-38.576324991334
-85.104272927729
-68.963457952502
-37.271645021645
-38.589752725709
-26.413793698706
-190.552489177489
9.621750208207
-146.387268550812
-92.678184388176
102.885117083573
-94.420654032654
-36.843273080273
-34.908643009687
-120.018958505958
-33.968527569571
-159.316738816739
-36.611095037639
-185.297332411377
-191.340909090909
-30.36066017316
51.87003968254
139.448786483699
-36.102617404162
-159.977198613154
86.488749802715
-94.989071228115
-46.05665388011
-31.956062570107
-164.825757575758
-145.119321220365
-85.040332964832
103.974389542749
-183.295995670996
-98.049348685305
19.806167756668
-160.593994580994
-156.440566378066
-38.163316690905
-54.440473151929
-29.501813968367
8.670534516482
-163.112917901462
-104.563508136964
-174.153061375473
-37.672905683861
-95.122999799544
-139.342606581651
-192.071628058628
-192.41722386568
-179.778698765698
-42.781746031746
-50.214723617312
-96.107307158851
-183.919188880645
-141.454349005893
-175.049332611833
-152.251713564214
-30.890422077922
8.952280548228
-140.11938925739
-166.128159604203
-29.69631927182
-41.875453976498
-96.420744220244
-41.90873015873
133.255788079244
8.012175324675
-139.775162337662
-44.300417901462
-44.114571707589
-32.816842039254
19.16810966811
-28.899353687897
-44.661094148094
42.222940684397
-26.841524330569
-199.458059732016
-149.164334824247
-170.721681096681
-75.505849158437
-121.268788347341
8.771896472397
4.936955835912
-171.460046897547
-193.017483357571
50.058170995671
-146.958603896104
-129.903067452567
-94.289415015459
-169.62346377242
5.391865079365
-133.27190254949
-57.357052669553
-49.246498757455
-80.211058073058
22.374925885882
-187.506203831704
-211.068091630592
-114.452831890332
-88.102002164502
-25.157200008244
-34.901714638714
-161.224460838505
122.604265749713
-200.286867612368
21.400786472777
-83.083439594395
106.65701355597
-38.751639450095
-129.079709756254
-83.988806522254
40.950921877466
-206.236832611833
-145.778931104432
-178.651966089466
-186.25380395226
111.360837509794
-40.497223296723
48.711940836941
-161.131944444444
-166.27398989899
-34.26531581686
-53.371772358772
-76.627612401569
-148.20908112409
-31.199134199134
-157.841649703649
-35.308728194684
-151.227756560795
-167.873631112675
-187.904037365494
-194.503697691198
-170.064918991463
-81.556083646172
-86.992788031332
-30.069515520016
-151.555446255947
-35.985586059042
-115.857670947759
-35.88618629973
135.47383256392
-36.492875180375
-28.311420787464
-99.20842655947
-160.718163780664
-166.159003760047
-164.684794372294
-32.187332659745
-189.355235882824
-174.895456509501
6.93569320965
24.755681818182
112.611851723851
-196.570072719029
-208.741267877224
10.40539625644
-111.517329052241
-80.222038808495
-136.272653158609
-104.971590909091
-35.501262626263
-185.250254489299
-197.430210878667
46.314858132455
18.615968206056
-94.726737458641
-141.561147186147
-154.708243145743
152.709946493394
-98.159197170153
-140.885352460853
-86.921179084723
-114.39601674706
-92.44803587458
-174.29213367809
-144.720779220779
-90.204999431043
-157.171884511972
-82.783733197277
-72.717890179346
24.50083080033
-185.174149198106
-86.852887966932
-171.825596312596
-32.162881826426
-149.02319428415
-157.967184752097
-191.79426603331
-30.30846480993
-191.218070554527
-146.39978551383
-0.184417548462
-158.282380383424
-147.412072956476
102.793277008365
-198.015438151394
-109.019287109375
-162.424496913541
-158.292220827133
-187.894657856114
134.218795093795
-159.421057674964
-198.683444596988
-200.996933621934
-132.447958721915
-139.210227272727
-180.07990316636
-195.749262425807
-20.393942432486
-92.748095844043
-115.700412898869
8.25496031746
-212.29788961039
-46.56592408988
-149.112283549784
-129.896844508844
-158.276950015994
-100.988346688847
-166.341646665102
-184.154223817768
-162.558441558442
-29.190205627706
-153.367350128306
-117.068810092766
-200.303236968246
-37.042485532995
-96.215277777778
-92.745745109789
-161.236036996993
-188.448754336755
-148.08486348382
12.608652794688
-37.001880904469
-64.280048541004
-31.003514277471
-21.142045454545
1.674709435665
-32.993619932585
-179.246737173281
-1.483679084723
-31.975307712307
16.456683666675
-34.1068562209
-89.916940267984
-198.852794740795
-89.407647907648
-37.621376422921
-100.382578796122
-165.275252525252
-37.167658730159
-87.083133846134
-121.175430936387
-32.868238969283
-193.65701355597
-77.030319103775
-66.006657808202
115.106691919192
-81.954648677061
-169.302041278085
-83.988194321141
-25.297277409277
-141.250514835506
-183.751700529288
-128.354527417027
-171.922635121091
-203.627875786323
-156.410079934036
-85.939396977941
44.612199219102
45.754867091323
-147.904310966811
-34.004241855286
-157.331165792622
-177.147366522367
-27.548791486291
117.326736604324
-38.750541125541
-111.18281024531
-181.111565087609
-154.376893939394
-142.582434495978
-164.660082972583
-175.443990467947
-28.039324827869
6.444808233352
-202.710043859
-86.196786283243
-180.60119047619
-33.276769640814
-39.057178932179
-43.393939393939
-107.127795815296
-41.211866722823
-195.82117408213
-146.173701298701
-37.109922598967
-36.535624098124
-119.732400384988
-162.372816385817
-39.463944075944
-172.640676567221
-189.588184351185
-150.736487934944
24.871102821603
-89.069789121333
-38.184990820947
-201.832534679947
-184.535913772913
-48.147637085137
-76.869227994228
-197.047616009072
-87.392409243453
-77.70768594673
-89.913252573165
-29.420077721622
-39.31997253506
-193.705360181404
-81.693349158437
-31.421523761612
55.562428924428
-73.225378787879
-69.569624819625
-161.071428571429
115.017296905297
117.447243298287
-35.540401001857
-36.577847963804
5.599654248611
-40.500183413727
-33.447865715963
-29.638417517812
137.68225000775
-184.472241334241
-156.76703241962
-90.625350533798
-87.223829525374
-32.982233044733
-190.19850592455
8.585848369296
-169.821505724094
-141.379941205442
-89.919188880645
-173.593521492478
-152.864535200992
-84.413958000414
26.880851976799
-36.607670947759
-90.006422430922
-124.234577922078
-94.752164502164
-34.389893987306
-168.447604048648
-99.263963003007
-201.653067452567
-107.683518490922
-102.667210830755
-94.20202020202
-77.53210374356
-43.511077000121
3.621466610511
-120.51433982684
-98.238997113997
136.41323953824
-25.21742620647
-198.344516594517
-166.74442444288
-42.301841790886
-196.085227272727
-71.135642135642
-28.100288600289
-189.266613628613
-29.148716297673
-107.309707223251
-141.469142809231
-104.544552669553
106.40628205887
-156.04816017316
-159.223030871987
3.412160325704
110.410340500428
-199.495381320882
-38.814503239003
-180.398088023088
-25.548517884974
-186.069914494414
-30.975095190183
193.811426644373
-156.393849206349
-93.392931256975
-160.551229589773
-173.178748765205
-29.631751034339
-36.749448657896
-31.428197643286
-28.076047250547
-144.750992063492
17.436224338812
-172.459866522367
-193.269735008779
-182.12518037518
-183.927650440651
-35.487360482264
-156.498573072029
-35.136289522245
-92.352343802844
-36.215458152958
0.671810397854
-31.086866722823
-35.504419191919
-28.120928303332
-93.916502364958
-44.511557046469
1.058728194684
-161.355792861652
-32.662514998971
29.904671717172
-195.236185225229
-163.935518911563
13.237386772299
-72.834776334776
42.861922799423
-145.439860950817
-169.046465720965
-24.173304041743
-87.326826791915
-33.002087349499
-37.320990668403
-172.015061327561
-0.316738816739
-203.516414141414
103.358495670996
111.909284539381
-99.68525834517
-36.769202778694
-39.716015351971
-176.342365127277
0.707901507401
-91.351280663781
102.918383269427
-39.828534279035
-74.579616530117
-160.315069509619
-138.199505166058
30.386106108518
106.114448051948
-161.597686415283
-41.777597402597
-202.543096633185
-142.370036643993
-176.101638375595
-130.442627657716
-32.173163211707
-95.428284792329
-108.692463356007
-101.645472582973
-157.233676046176
-138.636740460196
7.614370899283
-145.415223665224
-146.321712169124
85.315839979384
60.231057567514
-44.256854256854
-139.027310766355
7.4478554994
-195.826012065056
-37.625972951473
19.346269703875
-191.357590756547
-66.076463003007
-93.927038239538
-168.184327360872
-93.716469328469
-79.023271436815
-201.300073224573
-185.342880182968
-172.845760108761
-200.33973361369
-136.836651162152
-143.738278651822
-146.296356421356
11.024236990088
133.894641782642
-193.018018406019
-35.877599366644
-159.640058289015
-163.044088696677
-161.655589666545
-178.401602300559
-37.228280864237
-192.226837862794
-35.362988977033
-32.116177689634
45.858843386431
-84.101824827869
-27.400990099446
17.559693968141
-166.044353182354
9.156923588564
-37.056998556999
-199.432359307359
-98.765853903854
-102.488294725294
-143.278879140879
-29.647459748503
-205.47007379353
-97.111378635335
-132.683547819504
-95.30656369252
49.354697575645
-46.096861471861
-29.352901001857
-85.186675276763
-139.743525605525
-56.192170642671
-55.792748917749
-29.909093947638
-26.276045101546
-82.021716097217
-84.611739385696
37.933898353301
-30.632936507937
-74.682974547019
51.586609415162
-179.877090388046
-198.272724234181
-135.73863332509
-0.189406974319
-92.831165792622
-39.350726503314
-51.023629148629
-96.488530102574
-98.618490420035
-120.186762425807
-76.073606108518
-47.77904040404
-109.137536075036
-38.182075709664
-156.490278852278
-179.20141821747
-104.527597402597
-171.503427128427
-147.403157640157
-28.539228563185
-165.467442279942
-122.307362345906
-84.087494997407
-145.900339674296
-42.29913616318
-143.771464646465
-31.575667388167
-74.076572302616
-34.662621260033
-40.768665792622
-155.366718815175
-96.110930735931
-135.663597250054
-46.509015720472
-28.834512950022
17.028067452567
-143.982867396411
-143.259276286864
-155.246138007094
-118.520218093674
12.719506377954
-213.128987365987
-91.131493506494
-157.790945165945
-97.621318382274
-48.130047466504
-42.20806580911
10.821521797565
-142.361922799423
-38.994949494949
-106.393958505958
-170.76021030971
-30.336654200698
-181.698699334655
-47.258654970111
111.514336788293
-24.225816690905
-90.880414293958
-27.684146985691
-166.941825965782
5.8453443563
-95.847959796416
-88.043099451547
-51.970866369823
-163.484323432779
-198.518485417442
-32.041850080394
-80.893488455988
-176.727450063906
-155.933351370851
-166.088293650794
-94.366705780249
-149.108334407834
-179.930555555556
-179.733769272313
-161.101383886296
-79.868851170395
-39.506055603468
-115.67831997782
-50.228261752218
-35.996559836648
-191.818526495071
-200.174242424242
-194.469062618019
-40.58658008658
-29.157374306331
4.387262473719
151.723571997528
-185.572617083573
-90.519751082251
-37.112660373616
-153.422171148215
-90.941210726123
108.44003828745
-163.601084215128
-143.65367965368
-70.397740307652
111.815585490085
-192.289701651701
-136.7088874938
-73.255427328883
-90.719078691491
-140.092081529582
-39.769586780543
-110.520581882581
8.468775981776
12.354366153866
6.849479730339
-98.692818029274
-32.055088544133
-101.147108994521
15.024263500307
-175.853535353535
78.301252841261
-157.625724539268
-52.850935986892
-41.696699134199
109.331278130778
-26.630034431579
-94.208407447452
-32.606044532589
-39.298343586887
-41.180661816618
-131.333884675437
-92.748753447209
-31.710497835498
-61.349219384131
-203.817818029274
-76.960049936094
-164.48631059831
-146.297780310781
-24.538416874873
-39.755321067821
-30.606187300249
-195.320513660602
-32.480535553991
-154.601002922994
-193.915146512559
-161.035910734367
32.802395951352
-137.938852813853
-34.897456709957
-89.097232438785
-201.576913940958
-179.348030871987
-186.551120290164
3.075937950938
-28.320632956589
-25.583616931029
-30.340200845297
-93.100037149537
-91.01596624201
-85.798231248732
-204.351641414141
-90.136705274706
-183.679643463091
-92.695185057185
-86.814863989364
-80.49693666048
-40.332534679947
-145.364451090495
-29.913062201606
-75.453115488028
4.8138558524
-158.929547418592
-146.313585289629
-183.817911255411
-36.358676046176
-185.962768598724
-160.41044676149
-176.713309724266
-163.916032314989
-30.676226551227
-95.85658565813
-204.619302108346
-29.012645374645
132.360212273756
132.6636002886
-138.387790564335
-39.311367106472
25.729801018345
-36.68434647289
-186.177295767384
102.518220931765
-187.708049735638
-89.049332611833
-40.930091582679
-190.065476190476
-30.349496023996
-160.741432178932
118.213941037397
-178.023896672853
8.603789842834
114.231315095359
19.355158730159
-191.957251082251
72.676123328711
-32.026714638714
-180.75421970472
-193.384846520802
-4.550611311567
-26.518485417442
-96.031382242839
104.921717171717
-35.499983926528
-19.950844724801
-161.125087149043
-146.820417395918
-180.397366522367
-164.950831689876
30.50226772468
-143.102904040404
-40.774456910413
-30.503517316017
-64.57196969697
-77.568728800632
-118.626710525667
-190.741254842299
-31.630334322931
-89.731240981241
-86.662514998971
-149.182903471447
5.190205627706
-189.234110910655
-195.436507936508
71.66982627087
-170.528138528139
-3.999095085551
-73.70095402441
-27.226928050384
-137.068481709534
-183.263347763348
-141.515512265512
-191.697691197691
-175.951910902411
12.479182740139
-102.298611111111
-173.738294725294
-61.701949126449
-79.998724338812
-94.906652805609
-92.367784992785
-104.479888167388
-98.302505250961
-203.466108578108
23.674690323647
-65.49666609771
-30.85508461604
-200.669549631006
-153.682430382931
-94.035801434758
-66.421101932058
-79.198972935972
-163.961113075157
-158.655931304888
-41.120651883652
-96.653032267076
-50.575934912391
-191.328463203463
-33.768198781199
-185.05201912752
-131.160263347763
-73.520453470954
-204.724025974026
108.536992985449
-149.764987213443
-147.820526695527
-163.603264790765
-102.655228916185
-152.848681297137
-92.416051427007
-209.816194652651
-116.614174450631
-195.59938368584
-196.656765143765
142.745217019173
-183.133313331769
-172.160878587423
-1.669375332919
-18.993432379388
-8.668279826727
-40.313144348056
16.295003607504
-74.567266907355
-132.40639831631
6.622729236773
-103.879438303938
-162.949494949495
-179.83737570142
102.575470939515
82.399353687897
112.335864442768
-120.761817612861
-82.413886924843
-34.878156565657
-165.239535200992
-26.528772879817
-177.252344877345
-22.267934295522
-211.34539521893
-160.389613428157
-161.298247322204
8.330917380417
-182.714659499572
-91.186507936508
-168.999368686869
-150.241535401448
-149.116177689634
2.736020923521
-141.319624819625
-159.53139831631
-51.15757379353
-170.370651883652
-39.662894861351
-31.586415784872
-120.006751034339
-34.534628996085
-175.544207992664
-157.51345402441
-173.621753246753
-62.767299943844
-178.015618526574
-40.666308954853
-176.025719536675
-52.968704906205
94.215909090909
-79.291937229437
111.212490857938
-118.134376470833
-95.218253968254
-27.616992416492
-159.400687389732
-90.90943558598
103.569789121333
-37.026045101546
126.554380078336
-90.837842712843
-38.427833854378
-193.890241702742
-158.585140123684
-174.91604838846
-168.780663780664
19.179218815175
136.368329156873
-36.842365127277
-89.994930382931
-202.318916353828
-82.676497113997
-154.523448773449
-171.766320915277
-163.783462414322
-48.530196769241
-146.809613997114
-91.296971661016
-166.121682171182
45.033823384867
-195.60812188571
-142.41982627087
-25.209251282707
76.478264790765
-29.940115440115
-103.921330131322
-92.704081481669
-164.257562722651
-37.935876623377
-23.643491494535
-28.917958621511
-59.656562618019
-32.637700376745
-105.222386523931
3.584524884024
-184.298299329793
-172.947964799008
-146.197961760462
-174.524009011009
-81.783298332798
-189.282106782107
-31.713203463203
-36.624710325211
-46.448580038668
-169.734397546898
25.440553343141
-33.137809676353
-196.051931978476
-32.399968927557
-172.414521276521
-80.931367243867
-35.350111263655
-39.065389041433
-46.846307311395
-181.742079565535
98.402864926821
-162.486471861472
-205.394212995257
-172.37579561484
110.944975353423
-94.673073024117
-100.420544733045
-36.406926406926
-36.135026895983
104.463110237067
-166.006931409519
-38.441906156994
-197.995854409398
-188.923971861472
-123.190579412992
-102.806982483527
-34.121299270256
-39.609487734488
-87.044746079658
-110.764410902411
-119.440727641228
-190.294568743025
-150.754315969404
-183.837826639371
12.5611441476
-43.458136884681
-40.72347181356
-29.355986491942
-48.371034784578
-166.058167957124
-195.209524884024
107.266343065843
-103.710781653378
44.470946561034
-33.59604978355
-132.921179084723
-192.32432760924
-185.435425685426
-57.159735257147
-85.6849877824
-146.491419144007
-176.396464646465
-195.755047466504
98.571786283243
-36.419279068235
-191.629493306038
-160.964556277056
104.405412329912
45.966546260949
48.395456509501
-97.365079365079
115.522266118213
68.385191197691
-149.285804473304
-67.886524899525
-191.445182018638
-28.341556477512
-175.16964589569
-34.642209756254
-174.110405683861
-135.220598845599
-39.114357864358
-31.28697387343
-36.872564935065
9.288777625234
-200.871498757455
8.050128226672
-169.063128274585
-27.760983773984
-31.004973352385
-207.023162137206
-164.391955266955
-196.73008461604
-39.901315664316
-31.644212995257
-116.720601884146
-36.121753246753
-161.460137085137
109.262832927841
-91.117140644729
-40.888437950938
-140.368400232444
-176.281040604496
-79.699397583889
-101.20600452946
-92.76513544168
53.808712121212
-39.046987734488
-158.897279373323
-161.335607135107
-135.920197017609
-32.978190676646
10.937770562771
-43.275162337662
98.252251651208
41.147549936094
-42.933985722529
-95.161796536797
-201.547815496271
-23.884904561449
-87.053210678211
-190.493886355886
153.360586059042
7.356357458866
-82.982689839593
-162.930191766648
-195.185319424364
-84.069715007215
92.744846272434
-177.940295815296
-35.587404809817
-186.989280711693
-89.516517363929
-30.535533910534
-66.459879557292
-92.659632034632
-90.432455351858
-153.145669031625
-19.123209283121
-25.567537470125
-191.334595959596
-164.012819672732
-189.355264991221
-33.779204705749
-195.95806580911
-142.338564213564
-88.992514430014
-95.432162858707
-163.795637959182
-35.31583390229
-142.233872494828
23.631509579965
-160.026785714286
-175.964991141535
-195.802051274463
115.582882395382
-105.605416258004
-193.438218462175
-90.464630391175
-35.822526895983
-90.275072150072
145.344251888655
-28.272440636485
141.498289474333
-75.63311384457
-155.06338580243
-128.195146833147
-33.709054834055
-172.008297258297
-82.981063644607
-202.440189554234
-168.264523240567
-40.084776334776
-187.569173881674
-30.195619921664
-80.051945013401
-169.251607303152
-100.522079886124
-94.6036125062
-201.123270362315
-176.147527785528
-151.770920482377
-39.678948252404
-135.937860750361
-102.197436708393
-35.389774691319
-20.585211199255
-158.257121781078
-144.605773969818
-98.173266434222
-190.988997113997
-108.4556437791
-162.55266955267
-154.152671516716
15.546465720965
-146.78271898322
-104.398355547312
-35.36850345496
-79.134589213141
-32.895218093674
-162.686510975055
12.970312209356
10.183242071243
-163.732609868566
-155.136015920928
-88.066468253968
-75.571232122776
-163.873180174724
-143.788236499693
-83.054221853721
-174.035894660895
-152.76660755152
105.258480672024
-155.177395951352
-159.946770209771
-140.865330815831
-160.257827208328
-203.043022519066
-151.796736283736
-156.181724955681
-194.539035153079
-156.551406926407
103.425128226672
-31.901679453224
-157.222225260769
-178.865320070825
-18.626281738281
-28.97448712854
-149.306473504929
-29.710768398268
-93.983025621026
8.201765712722
13.567911255411
-168.120761183261
-35.715097402597
-31.317303413953
13.945890484434
2.437754489299
-158.816014277471
-109.285640171596
-36.620493659037
-133.708784271284
-85.683618895075
1.280122655123
-109.639433052977
-201.608569785114
-147.223826486827
-42.538416874873
-34.557175893632
-199.81403622758
105.093511496099
-153.711744388289
16.751803751804
-50.013525099981
-102.584434696434
-29.831510469511
-93.413432948345
-184.641700777657
-33.842332980333
5.493596681097
-168.700470939515
139.891494112441
-101.598304473304
-107.242050457138
-163.043579718079
-155.713283434231
11.026051178639
-34.150432900433
-28.306985522073
-155.28048644403
43.522888535889
49.458243145743
7.332802424355
-32.377634552134
-89.775503976004
-178.609384511972
112.354063223967
3.482142857143
7.783475669431
-147.169481593981
-132.256403318903
-157.021207338804
150.478880030424
-94.398719336219
52.114882916427
97.757753094209
-25.561310166748
1.736739385696
-197.970418470418
-150.946621981534
-176.500647386603
-93.703208714165
-144.545003607504
-186.394748043704
-196.503317828818
-92.811585089173
-141.102185578229
-47.859049831462
-141.774440836941
14.694447482991
-33.671987734488
-79.354808196361
-135.171375533375
-182.292462281506
-191.988835850835
-83.068378266834
-169.217445318489
-40.083330294787
-29.697597971554
25.968457815107
-182.203911102867
12.029781016781
-35.804908168952
-42.197601010101
-43.207089819089
-27.813926927971
149.667197575645
-192.814468053512
-170.488816738817
-37.030931304888
-36.605957383545
-32.923073024117
-74.315366890867
27.635909659866
-28.789505203049
-16.623106060606
-25.407902396947
-178.706545655001
-166.866628627584
36.473668262212
-76.082067668524
-31.971681096681
-175.664048188004
-167.477433990434
-158.009105908062
-91.420438471983
-33.161448821361
-149.424703578756
-134.915587454131
-201.36951463047
-174.046974699563
-178.394567668524
10.45471693427
-42.519122807667
-144.125644348056
-201.296996629943
-33.39978551383
-141.067028491528
-47.122220258176
-154.510448725537
-36.841086427543
-142.851915015459
-196.584866522366
-19.183608898697
-86.445707070707
-138.398618932066
-32.272095959596
-32.753968253968
135.949494949495
-187.182375380831
-191.066741855286
-84.703102453102
-165.5671377471
-3.914048188004
-200.461869761369
-204.337211399711
-114.106762994764
-27.986182186683
-78.532464493921
-163.490978202434
-3.217222359617
-174.481604770148
-32.054837093381
101.073229284686
-38.777867965368
-159.774798548755
-91.835662137206
-153.833835706394
-142.709595959596
-93.572153110697
43.97763651618
-29.447133998678
-157.993686868687
-183.893836171424
-31.205444291901
-190.047886571843
9.009121981534
-167.665942127398
-106.785157086701
100.708243145743
14.597853535354
-188.921913620369
4.014066225523
-98.807181970726
-40.71889831631
-64.194698933743
-163.203192640693
-176.140061327561
-149.849654248611
-30.15646243405
-188.839375901876
-31.000453976498
-36.554025405069
-77.566919191919
-194.773793450338
-164.540407078951
-37.532287157287
-199.650432900433
8.0999439234
-158.467699807788
-195.21393799885
-146.875003038547
-152.577744741288
-192.320781184825
-98.043287004743
-164.216363067407
-164.349676399176
-84.045364357864
-180.960858585859
-192.654758866215
-40.372368486413
104.19570403216
-187.577738664195
-35.573142135642
-27.128246753247
-125.869331216743
-98.993071629027
-0.676332812289
-50.758129918042
-81.023191245603
-58.751893939394
-41.069157808202
-117.39049619204
-29.291035353535
-34.492150641107
-155.212855747768
-174.596516794973
-34.650268598724
-178.531836219336
8.139323753368
-84.571699134199
-31.570529734073
109.231150793651
-41.87174303019
-148.602653910759
14.345416004352
96.415916982323
-151.623296652349
-137.07207256719
-32.128246753247
-30.080004142992
-40.649252711264
-152.102875856782
-184.83867483428
-17.309982497971
12.44506800708
85.223755411255
-191.903499278499
-113.064935064935
-83.166684633726
-201.354625355114
-32.512363450352
-61.082702020202
-30.984389796402
-32.976182725694
-197.909090909091
-58.379970534023
-185.142406204906
-188.377893753382
-32.869838874233
106.225010287022
-81.14986359127
-149.805277242289
-158.115738861833
-88.04014122813
-143.492305871212
-40.331537332026
-180.233315295815
-114.513540821158
-108.817182004194
-169.153056091044
-31.371023995536
-150.554576174693
-119.135441327336
-88.482774170274
-175.388167388167
5.357413419913
101.918039913645
-193.586690707296
-100.640782828283
-46.444887631899
106.544011544012
-161.224767907873
-34.315102757486
-44.315115440115
-156.453094702606
-185.34317153116
53.11804780506
-199.07118619228
134.355429292929
15.97572685561
-26.799304428211
-187.165223665224
-154.079445050392
-168.464473839962
-24.846250591856
42.63543357684
-166.270993275388
-16.086678024666
7.275355395473
-144.545634920635
-155.090716033099
-156.21176046176
108.443272005772
-204.193292438898
8.303661616162
-167.883207070707
-23.191836754825
-179.690648815161
-29.346312595824
-111.897899897412
-93.379329004329
-189.91369047619
-187.82997595937
-160.74244467555
-176.378136132531
-177.196129825036
-26.062881183487
-172.502816248422
-40.792478354978
-27.541112858496
-176.562229437229
-160.443792698187
-34.99712174761
-35.576159896961
-134.423348298837
-80.02388702877
-28.679846737464
-176.650440650929
-24.553140923746
-184.213986967893
-22.156746031746
32.524593028499
134.072884255501
-171.071518759019
-184.228437415449
-36.484209421221
-148.154692150298
-170.517316017316
-33.857233044733
-32.950589883207
-156.220029536436
9.049693362193
-156.231782106782
-145.755792438898
-169.215540590052
-108.888430200442
-33.841782783189
-95.13455988456
-18.617777242289
-31.320624633613
-31.256112323007
-38.292359983766
-140.568563353964
-31.152298656205
-33.901043780438
33.504522062139
-32.306179118191
-32.027860214872
-83.862845108451
-9.167748917749
-185.402867965368
-162.092083995648
-178.389422263934
105.178901529243
-197.443001443001
26.055826118326
42.82187950938
-156.615891053391
-133.217733275839
-156.583874458874
-149.070727503833
15.611389424378
-155.746212121212
-184.837932900433
-168.556493717871
-208.161636947037
-25.27617483428
-166.656836219336
-138.243769305781
-29.207230649125
-165.663538284632
104.986381673882
-31.723033910534
-40.0190168989
153.466022177692
-32.442898572781
-27.991965553977
-212.93759018759
-186.28145503585
-34.208235395247
-26.053009869904
-47.899613461625
111.244418585971
-3.810446118552
-154.583681401064
-89.798180606286
-161.534632034632
-195.760995135507
-189.868486060381
-114.731351601957
-210.236361240756
-177.608773984262
15.325639204545
3.898386769481
-1.809606246618
-168.17106542546
1.540973349567
-93.424685611697
-142.891323953824
-165.012806637807
-150.88273569963
-95.980429292929
-61.423508240891
-82.843885281385
-39.651136434095
-166.342970722854
-83.240001860119
-52.508998325893
-172.602252294147
-155.298162639227
-92.212932900433
-137.748126493732
-101.012626262626
-171.954074083469
100.170075828035
-190.74503968254
-52.284722222222
-31.993777056277
-152.924422799423
-179.92795279807
-101.14707552647
-188.800976421582
-35.353535353535
-199.446090720261
-41.044573102679
-142.989468485074
-152.263187821293
-29.596410533911
-29.039932669327
-102.691370315882
-32.434163059163
-42.072142321654
44.765504515016
-168.595155658144
9.407537286932
-204.585317460318
-182.054370434253
-177.607593795094
-65.01308741714
-167.391872829861
-32.835788831394
109.21808134357
-197.95001564191
-146.998438627345
-164.198510636499
-73.127442815431
-178.092913651019
4.883026695527
-95.779310966811
11.231302985209
-192.145763578869
-180.59354496415
-141.557740490846
-30.462551716946
-55.202751919305
-36.512634013122
-86.963654401154
13.287435600424
-25.293179422574
-99.406808035714
-32.737747170364
-140.86075036075
13.70824561181
10.786616161616
-195.676587301587
43.553944861562
-163.472070030664
-171.282266724161
-15.395632525027
-39.310959060471
-172.521722526605
-189.288059163059
-36.901605339105
-172.558018804113
-70.109475051858
-147.607663549558
-30.178571428571
-38.174901920996
-137.763991759109
-141.469709652327
-90.11343555533
138.116171832725
-157.055764114358
-185.571067821068
108.359016363411
-104.01146157445
-117.580024576118
-174.579377761995
-48.543893172799
-30.705800330312
-153.395555020067
-29.121552438447
-192.490357678346
108.42219629329
-155.901527834145
112.464664431705
-18.059150376533
20.485500231106
-140.070686637581
-194.369849090796
13.017947330447
-101.837379092262
-29.863989363501
-160.972575222087
-198.517238512356
2.342552900658
-169.497101314484
-35.540767256832
-89.831910765016
-88.159472092578
-55.309822555916
-35.717733275839
-102.120961991567
-95.593995902101
-191.741189799784
-77.233946608947
-26.428563678075
-28.76815588925
10.777597402597
-183.600559163059
19.952048385642
7.587008125338
-187.097402597403
140.220776754712
-40.176767676768
-2.659933247091
-134.690586811192
-46.087281154176
-110.88466275478
-47.027076710182
6.310897056503
-34.264167202155
-168.458583462978
-37.111180865575
-134.429736116748
-153.878759695166
-169.209242959731
-209.485181051587
132.48375848327
-72.23575036075
8.238533493416
-33.87012987013
-152.316468253968
-114.052226365215
-191.635379323368
-143.631284947691
-33.754710187816
-32.669823232323
-176.717983405483
1.814584531137
-90.296536796537
104.641295770202
38.864829235435
-33.018488455988
-167.634657822646
-137.5983122238
-47.939283318678
-37.991043244949
22.199667574179
-52.151605339105
-31.078303261409
6.912871037383
102.998539031498
111.521843363884
-92.597931040314
-36.928772236878
-14.989169738681
-195.036636594742
-201.690829190341
-33.517287833694
-128.225010287022
-152.805132801227
-35.054993996889
-154.772915398404
-36.734026579974
-144.159021154627
-66.900600592983
-40.894923706935
-158.249569495175
49.474316969922
-139.403609899215
115.222673160173
-147.844065656566
-138.851834471952
-176.046799608811
-176.301239233856
20.39908008658
-30.376816434434
-176.931978123873
-174.654408904897
-184.636912512401
-151.42775974026
-122.073745265152
-178.932998370987
-58.638430200442
-189.134219567325
-94.002324444219
-33.56744763483
-86.730331354843
-177.313319438808
-113.719454590548
-39.292999047394
-188.260711890106
-191.473948469066
-197.359057229663
-191.69237012987
137.213193246641
-165.891872829861
-145.206099076705
-74.078024948142
-197.926198367605
5.267326233879
-87.009760692866
-182.730949985345
-40.378434878923
-31.976170043065
-162.224394474883
-45.781287343299
-36.264159451659
-102.212121212121
-151.497745310245
-121.146096145608
-161.80197623557
-72.220230344742
-171.539424659542
100.662185470779
-65.978555786661
-94.095348715954
10.327180144075
-163.999569495175
-154.605248917749
-186.172778989674
-98.810606060606
-194.844052973936
-29.368153493642
-2.906808035714
9.819645252751
-27.358585858586
-84.260291601844
-142.072670764565
8.602535539547
-97.523678117672
-65.510013288578
-157.470168340774
-196.853236607143
-177.868145743146
152.518586394075
-95.62212174761
-40.50972757711
-112.139888702877
-71.695436507936
-37.943161385056
-153.34423828125
-183.791916796311
-174.118846810741
-50.666112858496
-26.356318486201
-31.913808847403
-29.705738326344
-41.81077868529
-193.884387259876
40.386737069354
-31.076857793899
-37.874520878427
-106.538046480429
-33.003357373963
-45.90089158888
-192.799250174738
-154.566259695166
-41.790875411481
-144.327772352431
-87.439935064935
-0.955828513934
-36.108585858586
-170.716367779356
113.822340663893
-54.697428385417
-169.739739047844
-136.83840427151
10.576126076614
-22.730990851596
26.656676277282
-32.786345598846
-185.723103664998
-194.782565470554
-41.52189515129
-153.751881256764
-24.399538775027
-176.450778008884
-90.248198714263
-151.206058210453
-32.704463017451
-186.02391239403
-120.054805871212
-194.987443491838
-33.132423566017
189.98834536774
-26.418039913645
-189.823121702516
98.196699134199
-180.7594823796
-32.532565470554
-155.084505772006
8.076741888754
-186.201200763212
-32.512265512266
-35.642246262852
-43.965195340684
-32.942759063853
-176.63274838226
-67.437311874324
-76.409361471861
23.822670764565
-15.75565363456
101.56248731737
-82.561778499278
-52.719426406926
16.957812640918
10.264458198052
-40.670093795094
16.356261414367
-185.562237187725
-164.819812945301
-82.155102221997
-29.362935296041
-177.105048109443
-37.289571918966
-176.214363219246
-34.976440605835
-29.882485569986
-136.644550273945
-29.355581484488
-143.613734301723
-33.241189799784
-36.364558672664
-69.509920634921
100.729617604618
-48.811056998557
-41.866341991342
-103.402589652101
-42.005960131448
-85.214764835859
-152.090339781746
-182.286894474883
-179.433170995671
-35.270665640783
-43.612644300144
-165.660471906566
-86.699224386724
16.88483044733
-86.719877344877
-171.291847041847
-35.783299653905
31.427677303166
-41.034291717397
-172.872925685426
-42.823793881899
-187.189947747565
-161.640331890332
-161.337649655032
-33.61716143015
-53.545176232188
-79.777875715864
-173.858294862689
-81.832238399621
-30.459977143083
-4.132325627931
-119.754391008297
-145.77486359127
-28.868488526448
-201.835698643804
101.868929247836
-33.857766419778
-125.87041311553
-202.527306406701
2.12394593254
-74.930555555556
26.016963017451
-198.318735626353
-211.464347718254
-151.443452380952
-34.609410229527
-163.555305425911
-35.101718919102
-119.570616883117
10.874458874459
9.9230826682
-114.676559117965
-77.805457617469
-168.833763838158
-146.024087837076
-152.508828167275
-176.283189033189
-186.286714099702
-148.038128917523
-28.604707792208
-36.629697505186
-3.227994227994
-41.265893448999
-134.908988038871
-36.356684168696
-0.75172131471
-71.971222408234
-137.912157287157
24.722815135169
174.814576780641
110.378357373963
-152.137072454455
-25.321588513483
-38.834317646329
-33.810786435786
-85.924951242334
-80.158910533911
-147.627347695707
-167.570637316243
81.86247167546
-35.35951591811
-45.174963924964
156.413883534001
4.200023392406
-188.434343434343
-171.58379202178
-32.012889074901
34.539582135529
-173.73844823796
-159.964195526696
-184.243686868687
23.824404761905
-60.919655539773
105.365069148516
-177.980158730159
-185.024149841044
-38.308534212099
-78.61075036075
-162.940025252525
-73.08448533888
-173.797230113636
107.79788961039
-168.707861962256
-35.198765698277
115.164875597493
-31.376090001578
-69.878960503472
-33.698510636499
-150.685897056503
-159.023345903229
-187.308011053617
8.759990389385
-159.388548571654
-44.34143753382
-172.647253435584
-29.834886955492
-28.004787692776
-166.88437950938
-141.168352047258
-33.50296843998
-170.213113275613
-195.007235440341
-71.249659682765
-34.793900923295
-111.363636363636
-110.710425614967
-146.827208327697
-27.045552483541
-111.778388657783
-153.178834240846
-192.753419377931
-36.576868010462
107.302226365215
69.751731531273
-36.372216867334
-35.094434157422
-156.578906390918
105.666468324427
-184.204342180172
-33.239448051948
-117.848397126962
5.086662523674
-150.175046362058
-28.544039727633
122.298902107008
-182.860139480745
-20.944794978242
-37.337474211986
-30.969599031611
-196.164321789322
-98.574855699856
-38.909902597403
-161.73060966811
-102.994498556999
116.471681096681
0.933879813763
-188.022534214917
-176.937881183487
-103.362762671356
-98.382145252751
-32.733016549423
-165.626144255051
-142.382612043989
-107.335961456079
-158.747745310245
-204.165306102318
-99.566710633117
-157.477813852814
-165.131063001668
-154.76902958153
-65.410992598981
-81.917207792208
8.891130896014
0.886010636499
-148.329455266955
-187.614329680736
-188.110930735931
-173.078040449134
-38.446227763122
44.2913883534
-70.619838874233
-79.746023995536
-160.326326884921
-39.730186913781
-45.934010867605
-98.904290533685
-28.130882626488
-194.930645743146
-122.667937043425
51.850719105114
-42.135101010101
-165.844668786075
114.488816738817
-147.140233952246
-161.043449985345
-161.675154516707
-190.625110620716
-134.16447398088
-91.180743681232
-198.673000231106
161.629609783663
-28.331972768984
-20.047438672439
-160.538169783775
-41.556727994228
-195.688471630366
-31.711121398133
-137.509912884425
-40.618424056412
-58.798771053166
-54.888868455763
-33.343967718479
101.524724082341
-30.536886724387
15.361271053166
-89.92297979798
-127.462133894751
-170.200126262626
118.290313852814
30.417406134447
-163.979256854257
-160.182018990124
-118.88952020202
-30.065393753382
-99.814463693858
-57.585129334641
-200.544823232323
-101.958361516955
-35.380543013844
-6.521374458874
-136.858954359443
-145.370851370851
-178.933814991432
-166.721874154491
-4.435134689529
-158.229347041847
-179.919184168696
-40.538259971365
-159.337399525388
-88.052919682314
-164.897887214782
-154.544261673656
-36.471492971005
-192.590277777778
-147.333774054721
-171.977272727273
-30.989107734713
-42.6856884977
-194.916736421131
-36.935064935065
-38.267516825622
-27.902084460678
-159.818083880096
-30.921356421356
-38.721660663555
49.761904761905
-149.459124588519
-27.672077922078
-116.525342712843
-34.163038729933
-190.367576433983
-196.913038729933
133.258588254194
141.316298095351
-90.791383421266
23.554406016076
87.196511008523
-38.914981286075
-152.482060420049
101.567808385191
-88.645222453328
33.038350158956
-31.032738095238
-186.019944140061
0.413448097042
-19.836031210543
-157.861644486156
-75.572801818407
-32.491530117018
-44.11075036075
-90.36544011544
-38.916153724747
-59.740269956823
12.218256434321
-68.900425149937
-186.223124098124
-28.648015802557
-141.119887490981
-35.694624819625
-104.135572381178
-99.15367965368
6.778140994205
-24.620382465841
19.395640275523
16.363378483496
-37.002246939259
-163.252795815296
-95.219717402823
-114.6229052523
-77.139618140106
-35.688311688312
-94.508116883117
-140.094516594517
-28.898456523945
-137.093156030168
-48.041839291351
-114.920356607368
-11.381112323007
-162.517413955402
-202.71159276921
-33.749015687004
-147.972139785128
-181.721160404266
-26.759477447466
-171.235312105429
136.708843809186
-155.945336103783
-106.464999464511
-19.729707792208
-143.092331659226
-27.086940836941
-102.123729623241
-138.990239307134
-139.124451123963
13.715937274531
-36.395624774531
-173.827942511048
-192.421717171717
-36.463917213429
-39.096500721501
-162.384108946609
20.864009796627
-152.45758364899
-38.145222453328
-157.46922559862
-162.445186378292
-92.444702324585
-189.289695222312
-30.599128844246
-96.258469882982
-165.674250174738
46.96634734623
57.205344460227
-85.630328818317
139.002172252661
-30.102994227994
-157.00191437252
-171.537079782197
-166.974414908009
-29.468011589105
-104.331161080673
-193.071408138303
-33.946047387942
-110.822232509244
-147.50774838226
-178.368506493506
-112.583230463113
7.089798656205
-111.49817581507
-145.724386724387
-40.782730344742
-170.193534818046
-178.402424777913
-92.64229558419
-94.770202020202
-26.487816924829
-143.931006493507
-165.006661199044
-21.043911139858
-206.368514244003
-31.410353535354
-98.277417027417
12.022809709821
-95.343545316446
45.383116883117
-152.613455988456
-178.735507981602
-38.163399480294
-177.737005236517
-195.942808385191
-172.036616161616
-160.574507632125
-194.155372784767
-178.357052669553
-36.484598355204
111.080980705492
-186.631411069399
-33.501803751804
-192.044905669417
-29.004859913307
-43.736291486291
-32.548709049197
52.583861776245
-206.017656334551
-39.616694991207
-196.79607810809
-166.273018268624
14.100038470644
-141.091602408009
-188.662185470779
-175.714574244115
10.233688728806
-26.224657287157
-166.902589652101
-136.579336895743
-187.638089883207
-24.678751803752
-34.201216264205
-201.519959641053
11.322531255637
-156.070506262401
-112.457070707071
-35.756673881674
22.722783780889
-101.512724200712
-15.796426175821
-144.651481683464
-160.68054780506
-29.652978586084
110.399069870017
-42.350566913555
17.373659868777
-36.522817460317
-169.698482452877
-33.237744704297
-164.867424242424
-23.726891543786
-114.420426361833
-175.929715683622
-33.981158544147
-158.214097588609
-47.35787210836
-35.263626076614
-53.309052438447
-152.476120721726
-39.54338023088
-31.770013894526
-164.305826118326
-172.646145114651
-36.872757992875
-85.689110693994
-33.679285178797
-160.993617114223
-47.126803751804
-180.690664316153
-37.685956594404
-148.84335190634
-32.589318830041
-157.77226858428
-28.275592842487
-151.072521039074
-30.943529885913
-194.631756318768
-27.316738816739
141.667779567438
-163.486644486156
-151.77685546875
-177.591733461851
-44.569735440341
-103.70393457454
-142.864378297484
-186.03832972583
144.398059839466
-27.754980750586
-109.198495135507
104.248727157174
-34.906204906205
-188.866604803617
-172.56927181976
-76.028569032964
-85.459255642361
-158.187541218547
-127.864079551091
-79.025523088023
-79.267669017181
-40.806158685065
-179.240267490756
-154.020209770698
-29.616952871347
-82.773080272592
-198.86516955267
14.515229020112
-140.545434112329
-186.74980694219
-32.608954359443
-39.512453637942
-183.457972582973
-172.923340548341
-121.630681818182
-161.41829004329
77.236291486291
-39.017323767812
-29.211407461896
-162.716720779221
-25.229970604482
-193.07502832454
-172.896624588519
-179.478896103896
-27.96176046176
-32.167831354843
-169.804063585069
-192.676968485074
-42.715478586084
109.846583158595
-33.718413910308
-136.665666852679
-150.785784040179
-158.280032467532
-185.37309831011
-89.940017502029
-58.318071197466
-97.947518573007
-187.713231646825
-166.537530720148
-42.683178746167
-9.423077736066
-143.230872480384
-164.370109437004
-195.610667923656
-39.398469206575
-176.113275613276
-204.288030979437
11.285013218119
-34.800066795184
121.008665759154
-96.446067821068
-183.652064027552
-87.111742424242
-0.759206884695
12.728963392293
-194.618686868687
-170.79128548318
-52.951541080447
-39.402166897772
-191.211329956935
-179.739896523832
-163.097943722944
-82.434265929383
-95.650695712707
175.662780849793
-33.201999768894
-92.599824979708
-28.038231787744
-25.33858464669
-100.597853535354
-97.181346810741
-190.36075036075
-173.326548830943
-153.540251848846
-150.861744890309
-37.227002164502
-32.680673926768
-190.980539913645
-154.568792698187
-27.695245916193
-117.558178746167
-150.745580808081
143.701409322015
-143.977362914863
-68.076860259966
-204.026978772096
-25.607516290133
-79.303089840932
-160.962772958378
4.64030370671
107.217442279942
105.471057534046
-190.796557229663
-148.021845829951
-168.871142366748
-39.556658239764
-36.46427796379
-34.716888471771
113.345426220914
5.553471024418
-37.611033606151
-189.481609482098
-84.102944906656
16.94237012987
-91.24252218051
-10.710518268624
-27.294835914953
-37.220676350559
-119.708403087798
-90.696809754915
-81.091027462121
-37.596209725604
-221.036345598846
-180.716512220418
-16.206341455853
-16.627868035827
-36.472201789096
-142.926857864358
-106.221853721365
-134.769472768984
-103.145472582973
-153.700389074901
92.063303937816
-192.856220548115
-167.167380416892
59.394591140197
-174.916687099793
-100.443444630456
-99.103555786661
-155.667207792208
-104.817640692641
-166.403478845373
-38.788682725694
-152.795544733045
-37.954635642136
-144.204004329004
-175.134028975582
-167.55066499256
-167.533008658009
-32.739440301452
-161.712822279717
-34.797696552579
-166.872564935065
-41.097201789096
-34.837041241094
-200.585054648043
-36.304903809298
-99.532294907783
-204.31259018759
-38.28145503585
111.214443190273
100.974366291261
-137.122585368191
-147.062860750361
-44.056166435561
-42.755702251308
-51.318071197466
-37.788961038961
-35.449494949495
15.477260044643
-179.806436998332
-57.646444213339
-156.94887138686
-25.90108464669
-144.29338023088
-136.470689033189
11.351260230655
-84.918490851596
142.184232813627
-182.735992739899
5.185716681322
-159.375278313267
-174.44009500699
73.345395571226
-188.25747781949
-35.47906872858
-161.924090232684
-194.404303216315
-164.523085557021
-32.577380952381
-95.443382626488
108.61631380772
-85.427661802174
138.758196854144
-139.372196434208
19.425512801001
-164.774051902958
8.425505050505
-36.991341991342
-178.443931502525
18.489190171807
-170.825487012987
-179.266025207431
-192.309245496257
-89.744686682675
105.385551948052
107.021263838158
-176.885088327471
-115.46617965368
-72.520833333333
-168.129210633117
-34.389978890467
-39.102202972808
-165.30372362013
-33.305986060381
-153.970848975244
-37.144562956575
-34.639409581304
-24.576729206124
-80.264089697195
-114.270464832477
-39.847680910669
-91.773441022953
-162.877435064935
-106.762979262491
-27.229326608721
-137.128509565521
-31.181339060245
-186.236471861472
-26.656996161391
-158.812798746392
-50.237726737238
6.380243562861
-159.922528860029
-108.188041125541
-139.747474747475
-160.273711585723
-38.811515687004
42.846783966901
-130.396902901786
-164.897644835633
-79.66647854099
-147.547606364989
-167.349276103671
-175.707222898629
0.348296722808
46.535773823616
-179.519833519345
-194.479970604482
-84.208240679676
-32.283472278589
-32.654754154266
-37.358036982549
-157.099033724522
-93.908168600063
-198.903130777642
-95.229200134718
-32.018057951163
12.42506186305
-73.37605406746
-142.891975700081
-191.97809216608
-56.143640647547
-198.276687776199
-39.648927895022
-187.252246939259
-103.633116883117
-173.235500231106
-177.188051342104
-144.48886570786
-159.268681513799
-190.397428526335
21.427540964894
-170.352715914728
-25.871310059298
-114.452270331665
-145.523208860367
-30.662706163194
-187.934245496257
-182.253336940837
148.673799236788
-195.256764069264
-198.732586044598
-33.318625005637
13.186049248061
-117.339105339105
-39.123286435786
-25.922812105429
-156.226711168606
-34.056727994228
-129.535062539457
-34.560064935065
-148.550705858811
-32.856782106782
-192.105421542433
-39.418728298611
-35.978166852679
-42.32587594697
1.43950456011
-92.085670460182
-196.784882164277
-149.639540635146
-138.654220779221
-75.633658008658
-70.503074128562
-45.252623190611
-152.960137085137
-33.143697014791
-140.04825036075
-89.896354025749
-152.081356956845
-146.813971185065
114.346861471861
-174.132305194805
-37.52876984127
-159.838917213429
-157.838834776335
-145.866612554113
-180.726801356196
-179.718094026199
-208.015241702742
99.337391774892
-201.182178932179
-196.521542151425
-174.292568542569
-76.061951123963
-105.385399756494
-149.082604082116
-153.143045268534
-195.497544501939
-95.668900923295
-90.376533189033
-164.619748686643
-192.257583508072
-156.512162642045
-162.364448051948
-81.701777822872
-89.974538915945
-28.880308385191
-151.863546176046
-187.649628962617
-93.111103360615
8.416486291486
-173.171286666892
-149.173799236788
-97.218406159812
-35.167826422709
74.999208744814
-152.75496031746
-171.908106596095
-78.807637620626
31.36038961039
-81.29806998557
-184.799041615936
-34.302308802309
-151.979617604618
-32.804731184614
122.042478354978
-30.628878066378
-165.891316203328
-170.871740564123
-175.353367660985
-191.534742655348
-46.851723851236
15.376631127119
-154.306805499188
-105.785180910669
-32.26794486438
-206.185036751443
-37.957619583108
59.476548760484
-158.282467532468
-192.82971807923
-26.212822279717
-38.936618557224
-37.677280618687
-30.237373737374
-43.441571124188
-95.664321789322
-143.215971094877
-164.58170995671
-165.991272236878
-69.209505772006
-176.301677489178
-174.916063537157
-184.730408859803
-186.138175138663
-169.703004515016
-161.946129825036
-85.775551271645
-175.582779525162
-39.785456405574
-138.784263533775
-70.75668163217
-109.051108180014
-153.631583694084
-167.534722222222
-109.677911931818
-189.843857097763
-160.328360333243
-152.157094099477
97.390594702606
-155.592192150298
-32.337211399711
-150.430132801227
-195.377857819264
-169.306735744724
-158.416506724612
-40.335747965142
-33.425525483631
-43.153040590052
-39.243486060381
11.052661802174
-165.202481356534
-160.324113766008
-28.584944027327
-26.718073593074
-186.869941744453
-16.714097588609
-35.799084948255
26.341390678549
-43.963412022006
-92.973513032107
-73.974366291261
-80.361569799558
-157.944784761679
-31.771091213474
-33.860820115215
-181.568620073503
-196.043387981376
-182.599755225243
10.374930245536
-185.771624588519
-32.429583925189
48.781184473079
-170.426677489177
-204.708263578869
46.312118816513
6.759500346659
-45.289605034722
-121.182261369273
-88.583616578734
-77.962780708874
-163.90195833897
-172.325064258658
115.888698297146
-177.872454314349
-187.249188311688
-165.539259785354
-185.616009424603
-80.21521577381
-80.632014198909
-161.766774891775
-149.991792929293
7.874105874594
-179.47391535331
-114.665834545229
-167.064484126984
-125.550172483766
-35.660443722944
-110.755481009876
-142.39238577178
-187.064123376623
-98.43922131471
-35.458784271284
-151.592249222132
-91.338396521014
-96.493674186057
-156.11544011544
-141.744137806638
-34.742805425911
-106.419462481962
44.46904522344
-35.33449802151
2.519810620152
-197.640615135732
-100.398067589962
-107.265803261409
-190.238976680871
-160.769751082251
-26.009760692866
-172.824301891685
-143.85453763359
-10.250548876037
-141.304132987238
-177.864808802309
-38.55980212279
-167.198322510823
-189.277695340684
-112.38932714421
25.075827330222
-206.363816738817
24.623709190115
-37.123327302038
44.299865986878
-31.93300858755
11.285992598981
-154.811688311688
-34.778318903319
113.361201298701
-83.649621212121
-26.427677303166
-79.272286551339
-156.962288904672
-120.523927895022
-87.802419423025
-151.711662523674
-155.118436739042
-98.656184473079
-165.022629334641
-97.394050014655
-85.645652958153
-160.487165178571
-84.271075712482
102.754416725852
-196.033091095103
-33.50868619228
-157.490128334122
-193.583784271284
-124.179481054969
-48.467470463564
-34.951759855813
18.616442395495
5.30743681232
108.502623190611
-89.96445833897
-84.972312409812
1.401966089466
-75.382859002976
-84.895008962392
-93.975476725965
-122.904769655258
-178.428932178932
-192.377414631809
-160.841901154401
-105.279749222132
194.868418771983
-199.138159637671
-29.355060792073
-31.209513522502
-187.884108946609
-130.985291672303
-145.837113461625
-106.844619464737
-27.560708930826
137.060974561463
-75.986639554022
-195.264360259966
103.071797072285
110.81658662518
-175.298327865711
-170.796364171852
-34.874007936508
-190.535255597267
6.692112249729
-197.285345784858
-150.317439884334
-28.992424242424
-45.1633170432
-185.344807590413
-112.73766473327
-35.227643694196
-26.303751803752
94.577679698773
-98.327769886364
20.929212958266
111.052509610615
-138.213035770653
112.128718124324
-4.14230826682
-27.16647854099
-166.966658775252
-91.76224507914
-33.456176581665
-6.38465007215
-168.283377158865
-206.552689985796
-29.297631730249
-100.928473490485
-43.14602145901
-117.271825396825
-145.713752339241
-180.510183447195
-110.249028369634
-182.257117069129
113.053488991477
-44.725440791847
-182.414411976912
-201.57492545432
-28.719155844156
-160.828094702606
-151.640061327561
-33.246191688086
-159.825639204545
-161.581148398043
-164.252976190476
-48.432449494949
-85.612185611697
110.530024717036
-30.927198181593
-196.742424242424
-205.834874272863
-31.673984544102
109.030663780664
-158.628496882891
-106.388437950938
-72.748799377706
-3.090110085227
-35.481150793651
-90.855166480655
-97.141295770202
-106.692632942145
-115.993326118326
-146.612172929067
-35.607712166306
-31.617416491928
-34.020562770563
-32.488012801001
-86.654761904762
-142.434613997114
-194.328664011769
-198.448142135642
-190.438123562635
109.242076174693
-46.266135828148
-164.092815712933
-88.72418591608
-152.460067330673
-33.199294141189
-97.75993331755
-21.953623145518
-166.606269164863
-28.428661616162
-30.1920995671
-199.598866031972
-52.371219871708
-31.525633708739
-193.312770562771
-140.570797258297
-28.294560420049
-173.915473794868
-85.169622424017
-73.32614650974
105.586028744476
-135.350448542343
64.795753291847
10.351628731512
-14.308691688086
-186.903158961264
-38.715520156926
126.773639365192
22.507132570121
-42.864726365215
-144.599484662473
-110.291867474973
-0.690087256494
-179.374659682765
107.679202741703
-192.837572150072
-211.082599149982
-144.095508658009
3.995317995806
4.987303982909
-178.089937460543
-32.720689033189
-31.637023133117
-38.124556812545
-196.205517084912
-114.345771470283
-27.667006983902
-187.861742424242
-155.580455080943
-37.434446304563
-155.516393708288
-103.080426897321
-164.371384745896
-204.044622424017
-189.676517547123
2.835948773449
42.155233275839
-180.036956478851
-33.172160359172
-9.12003968254
-89.387077386589
-200.597562539457
-81.312056812545
59.025412467307
-46.211038961039
-99.983864171852
-33.422335802219
138.263249825262
-195.215798470193
-94.1569059738
-34.26364650974
-39.207980333469
-162.792748917749
6.129419191919
-178.417769350875
-35.950327070933
-108.414239352228
106.822629193723
-40.240690245085
-163.918740981241
-149.209214776109
-138.661165223665
-156.204725829726
65.799974141527
-182.59117965368
115.592099496641
-134.64413245175
0.95211038961
0.710776148764
-29.140524948142
116.186438182044
-154.389942956349
-187.74695405506
-179.03555434366
-91.027326839827
-76.934676001082
17.380681818182
-198.137729132846
-88.748799377706
-192.090749148855
131.740800865801
-169.385039006133
-155.408021340639
-171.141504329004
-90.189200881584
-25.062762812275
-28.917839105339
-121.992687054699
-195.340429969336
-171.75755532445
12.785255597267
-80.452901644796
-163.986930549919
-198.021624588519
-30.633838383838
2.145861516955
-33.856331168831
-163.076466393849
105.314955498061
-163.62796843998
-34.620928875812
-181.141061141549
-141.544122164728
-195.651883652372
-36.984840734352
-89.197588327471
-33.675602988591
-194.447580576975
-39.312311874324
105.30256668245
-36.124180561192
-28.45879202178
-182.749451123963
-201.164293253405
21.09813184862
-169.735209235209
-120.582624515242
-150.173611111111
-99.087281154176
9.095508658009
-195.78545147344
-51.898629148629
-40.536407602814
-151.750007750496
-109.087309337798
-31.626254875767
-167.361103360615
-196.892434388528
-163.707439207928
-193.658189033189
-172.734335542929
-20.063700622294
-31.782196969697
-157.736943232549
11.65414327426
-36.180194805195
-171.725185730069
46.523095773584
-81.598567285579
-180.385399756494
-88.976180259628
-192.890873015873
-32.583312900207
-152.719163594652
-174.911165223665
28.558872063267
-149.419835914953
-148.234209421221
-21.630869943858
12.275355395473
13.075206233654
-126.970127474522
-33.44523569963
-30.439955498061
-200.83736359127
-1.632483103919
-112.611311919417
-96.934461805556
-195.468372339466
-34.05981480542
-160.71454852656
-187.287074850063
-40.591692595599
-30.992602151538
-48.897095959596
-158.248716940611
121.114600243506
-33.343053159948
-199.680313176407
-193.129682004194
-50.638409767316
-38.164654356061
-163.383727763122
-175.010904947917
-168.998314619408
-193.079463017451
3.998286435786
-16.313020692415
-184.004839480181
-159.481052855565
10.473935786436
-94.655385467397
-168.333784271284
-44.69111772017
10.866985987103
-168.217192150298
50.134006076389
-97.890880766369
-197.35301466112
-94.789855164367
116.138548571654
-76.873647186147
-54.784080692528
-155.876780852611
0.61056998557
-141.835678210678
-178.885654818272
-173.940476190476
-175.955599522006
-151.036513291396
-33.318903318903
-33.73564749053
-195.948675510687
103.766414141414
-85.22792447353
-107.558101241207
-88.21176046176
103.5645947477
-26.759299538352
-88.328746448864
-182.125623562635
-207.213293650794
-200.023600965007
-72.976432855339
-178.309232813627
-33.415654170049
-141.129300820707
43.829295324901
-185.122011126894
-200.588023088023
-26.926695456236
-173.596943908956
-194.426489363501
-190.690566378066
102.75695219494
-150.931637806638
104.092524717036
-142.701832076344
-28.914945351957
-102.691538008433
-24.782720128179
-177.113706118101
-100.678669366658
-137.703442770337
-75.944153448548
-34.461510332116
-98.516032957927
-162.713453592848
-157.950314388303
-189.548873923386
-166.927239047845
-33.993777056277
-68.322523505141
-160.362824675325
-175.649919958514
5.891774891775
-159.893217893218
114.255132942145
-151.48947623557
-30.546518829478
-33.231143043155
-26.624160128066
15.531645627593
-188.902605153093
-153.180194805195
-149.239275427264
-199.285013218119
-161.056096681097
-173.548881673882
-133.996863867469
-31.827922077922
-34.163893750564
-39.847312409812
110.552960548566
-41.67296711535
-184.155122655123
-156.334247891865
5.524149841044
-30.121289626172
-40.723296722808
-169.464646464646
-27.590019897637
-30.914973535579
-103.342803030303
-91.020292207792
-144.350891729798
-164.289141414141
-29.510745005862
-35.277236652237
-180.623626753021
-155.044114414232
-163.91550197849
-31.627886002886
-96.616960621843
-185.855630101236
-35.576659451659
-33.544802799197
-39.521902901786
-194.730048109443
-193.590550806615
-98.14716571406
-38.917826422709
-153.567632942145
-36.90316671176
111.971578226461
-30.667576293065
-172.181006493506
-202.749028369634
-109.70879202178
40.036075036075
-158.416576479076
17.694276751894
-35.069743190837
2.003976004464
-197.343606968119
-118.782836033324
-174.280872339466
-98.98060966811
-190.651667343074
-58.259219567325
-171.951569264069
-100.368153493642
20.546709421221
-168.789932669327
-184.965847086941
-88.981924081778
-90.930272310155
-186.394500952606
-35.871920939304
21.667756668245
-10.428829308712
-39.407405528499
79.13924963925
-159.128486666328
113.89917027417
-33.545634920635
-80.669089048972
-107.099178165584
-111.116790463226
-36.561159868777
-32.903609899215
-121.431256623151
-34.915965599071
-36.250262812275
-142.365502119408
-169.873729623241
-200.394570707071
-37.090888657783
-165.50972757711
-159.336830216225
-24.713744588745
-29.830877835272
-43.039141414141
18.80685904807
-79.726633663645
-179.41141535331
-159.07911494972
-45.003074128562
-95.725087791982
-76.708603896104
-35.448232323232
-202.089764835859
-197.724304287293
-182.185515873016
-3.586871082477
-128.975371037383
-77.505022321429
-177.706321022727
-99.470987779582
-36.36717411278
-70.709423334912
-102.475108225108
-151.109134734623
-64.61822818024
-89.870761183261
-167.718524531024
-185.679916491928
-30.628427128427
-141.845939162834
-109.070554879149
-201.865898803887
-26.821776639159
-51.047438672439
-169.04060484871
-27.28374284136
-205.822407952291
-144.650059467442
-36.806650489268
-36.546820041937
107.5691943148
-57.885925381043
-203.044129915224
-95.961858399847
2.065488873106
62.613906926407
-96.7883170432
-37.496663059163
-27.893398268398
-185.495379999774
-99.258768629374
-15.902409276921
-81.2886002886
-190.150986708604
-80.958501025884
15.1715470131
-163.764097447691
-31.114419868326
-93.170003607504
-24.185773753157
-29.179465553977
47.699958570076
-26.028241398359
-183.637175324675
-170.99503968254
-28.99864472008
-192.910742469336
9.491141183036
-35.461662523674
-155.195083508072
-97.921266233766
-147.926677489178
-143.61707124256
68.027937719832
-111.167228225334
-173.303460807855
-164.419823232323
-35.164891098485
64.986562049062
116.844446840052
-34.022116392722
-181.081168831169
-119.680104617605
128.930725714173
-32.601272913285
110.49703156002
-156.669921170409
-133.215195340684
-87.601260230655
-39.634928385417
141.178321298927
-134.414981286075
-205.122634689529
-22.448350694444
-195.829287574405
-35.936119002525
-201.124930597831
-94.517225829726
4.342421846816
-95.234209421221
-91.965909090909
-163.113718800731
-149.328705582612
-104.090097402597
-164.170725108225
-135.88177181976
-194.725657101145
135.21263415404
-86.493326118326
-93.898198643804
7.953099987036
-40.956099076705
-177.464105339105
-31.74033724522
-194.536067285579
-187.362644300144
-33.849567099567
-177.337940650929
-72.307738024779
-81.009281571293
60.033091095103
-206.155771935313
-192.404339150433
-200.023170460182
-165.779519525613
-38.669021760574
-49.460428081034
-39.292027417027
-184.827401385507
-191.787615975604
1.925783363772
-33.222021413916
-92.996843434343
-152.314906881313
-34.491231370626
-163.578172207567
-183.274510591405
-177.206078643579
112.093315972222
-171.875020433126
-169.162615975604
-34.165153910759
-82.291919262378
-78.15577440138
-168.895292207792
-74.203532957928
-37.498015873016
-71.11850402744
-27.392516825622
-152.537677979573
-133.972485034497
-179.195957200352
135.968233535128
-147.263535889024
-38.413891284497
-22.992784992785
-182.128898499504
-158.841610158505
-87.995691428797
-33.142818742672
-37.65853710092
52.092352092352
-86.503406695301
-26.610028860029
-187.773546711535
-180.204643392632
-29.771165900072
10.806810431322
-187.527126031521
-164.299221991117
-90.786456219562
-96.205988455988
-154.79912405303
-27.462219150207
-24.349206349206
-157.37022005772
-160.97582972583
16.138450633568
-192.417375484758
-76.902236652237
-101.178210678211
-139.58485877187
-90.549049366432
-153.124376437365
-93.131416001533
-167.957279265873
100.295905483405
-190.940939811057
-91.722763347763
-78.390311457206
-26.946809754915
-194.880960131448
136.588827025839
105.347742914637
-50.394460086355
-83.451126076614
-111.002886002886
50.36352574292
-142.323490203373
-100.116272236878
37.988553926542
-181.661984662473
-33.152950402462
15.342442279942
14.958341083829
59.734016363411
-28.661816969922
-153.846480288375
-155.009552134064
-32.224193666576
-28.461819999662
-178.593725339331
-174.450396825397
-161.421626984127
-146.489059117965
-173.800878483496
-165.318612323007
-165.123474561463
-154.087830030213
85.247737559749
-41.57396157445
-87.477185005749
-203.540772541261
-138.288468882463
-37.640331890332
5.581519364967
-31.547608831056
-156.969807590413
-184.442079133974
-192.969975282964
-193.456900548453
-91.305653493642
-187.902437460543
-86.941646163082
-187.78536128585
-92.089654215142
-164.355511730023
-181.648920144526
-174.534804659316
44.928543244949
-107.259990389385
-162.835858585859
-30.636335452742
-36.278329119882
-162.782459781972
-177.505862193362
27.807782061688
-38.112263116658
-208.818169135552
-29.993769305781
-182.693382626488
-39.600198412698
-173.433621933622
-193.466187404176
115.140221269616
-70.895374644886
-48.65376984127
-190.36219582826
-142.321859076254
-98.609737864132
-152.437139249639
-36.573224572736
-30.675394429789
-185.605179163285
-30.058511312906
-161.160250665134
18.038399480294
-192.407570402688
-173.320645066739
19.402679839692
-194.530205092217
12.505419005907
94.951491759109
-29.566669062275
-36.544011544012
-209.979096912202
-167.739087301587
-194.813213750225
-34.237103174603
-97.050984172078
-129.03354978355
-160.560085368191
-153.077089956484
-48.407016594517
-166.783361657873
-148.212760275749
-90.360832797845
-33.58667027417
133.373727157174
-76.182817995806
-147.283029091135
-24.282756062297
-26.481970232459
-33.540153910759
-142.602553506606
-78.183240750135
-104.097234904852
-29.304543058938
-199.323793881899
-190.835206839601
-43.910874227769
-200.722152467758
-102.023546711535
-200.216457966946
-36.709686147186
-4.045454545455
-111.316087070482
-122.046724922213
-172.161546407152
-119.512203508297
42.376192871798
132.525613275613
-59.684897242514
-171.431269305781
-34.532003911887
-38.693710261093
-39.1084879205
-2.858245541351
-36.928460807855
-147.066197691198
-166.590097402597
-48.938499813988
-104.446881975446
-95.324301891685
16.496232554338
-96.867687054699
-180.46148989899
-83.419892986788
-88.658758342352
-115.14021351912
-159.891963017451
-147.190739002751
-34.699216636228
-190.897374272863
-35.089829305894
-88.337732092127
-31.308191428797
-190.313783059389
-202.59595959596
-135.335768398268
23.368514244003
-32.886515827922
-200.914422193475
-81.84395503585
-144.936147186147
-33.423340548341
-34.575765326254
-155.110139480745
-148.082702020202
-173.116730925325
-82.175443046537
-150.343864848259
-33.578841920883
-30.411363565905
-184.160526160038
-139.542228225334
-100.410366217983
-169.441308311914
-100.453483636589
-38.979076479076
-38.701479076479
-200.875819438808
-34.483044733045
-155.53392321654
39.228254574202
-34.353638223755
-33.075126262626
10.302321484939
-177.586510332116
-79.848747660759
-52.170011358
-98.398100705718
-32.055313176407
-185.497085813492
13.209353580447
-85.99034992785
-89.758928571429
-181.325236883342
-184.325577200577
-154.61353842555
-33.253143883027
-38.399523274035
-29.316816321699
-176.110652422664
-196.805305425911
-182.321260878878
-32.695707070707
-165.233676046176
-94.32673695662
-191.501290809885
-186.915223665224
-39.918117418606
108.421987734488
-199.673438486427
-158.399969279852
-157.02866697105
-4.243887676993
-193.743256363862
-149.931547619048
14.76512333153
-180.389728760823
-176.473657473169
-200.537979192032
-145.328463203463
3.300505050505
-88.600211095328
-173.337461529356
-107.297709235209
-180.071580762987
-197.013610575622
-29.513347763348
48.091388212482
-31.59796415607
-174.224276103671
16.188391659339
-104.016865079365
-72.065483940972
-163.099456478851
-108.827741702742
-37.054813621708
-179.048041801948
-200.983933926317
-50.947753201659
2.796335988231
-127.80093555533
6.424533420139
-32.409160663555
110.121462250857
6.026904085498
-41.835394965278
-145.274683216089
-31.207431457431
-117.381125005637
-155.988386233992
-161.921003421492
157.673678399508
-173.281843969832
-62.604687359082
-6.302038239538
-31.988012801001
-32.544892986788
-164.700306637807
-37.942480750586
-159.466741212347
-189.013417517812
-32.178293115305
-31.240149119544
-185.44220243732
-89.238185425685
-33.006916260823
-34.176509796627
-162.298430735931
-38.750471371077
-142.439303751804
-192.02580140129
-164.581271701389
-190.612103174603
139.802947865936
-143.302579365079
-190.608856421356
91.038177534271
-29.617882930871
-152.539071659677
-200.555014430014
-41.157709911616
-1.834402901786
-178.908439162834
-128.946075571564
-178.456702206214
-22.357124890084
108.444715007215
-171.035624098124
-167.57234312996
-33.871572871573
-222.894238140332
-55.045725108225
-120.260281385281
-71.407848715954
-188.798508240891
58.975551412563
-140.61525974026
-32.897977402372
-158.601017851506
-91.640524948142
-193.061515687004
-155.714285714286
106.93787871742
-9.25974025974
-91.901244588745
-148.743444489538
-37.309072871573
-177.957181327787
-87.591069032964
-95.029790088384
-191.137363450352
20.737172929067
-57.447248010236
-37.298430735931
22.428308616297
-32.394583389701
-189.325216450216
41.274010332116
-98.407294907783
-78.585317460317
-34.256222943723
-121.095939162834
-129.469308035714
-28.26652476213
-196.258740445752
-162.459513522502
110.672258297258
-81.55791311553
7.018418701524
92.534562280168
-148.322794067911
-168.183740304834
-92.854547850153
-197.329787833694
-87.583140275523
-175.735910302805
-91.454463017451
-25.156447285354
-185.330545268534
1.452553577065
-123.482774170274
-94.230437043425
-27.485820115215
-40.895784716585
-32.332861962256
-187.552120676632
-147.924270607864
-162.271747891865
-40.726280663781
2.130710001804
-35.259289321789
11.861644486156
-170.992243867244
-33.734119233631
105.783091095103
-67.502945540787
-158.93262987013
-47.657114532603
-108.632848786413
-193.804202741703
-211.379679538127
-173.428182494589
-26.581457360998
42.506333564439
-39.626623376623
106.404844341856
-8.350566913555
-102.724206349206
-30.769500952606
-30.824876132982
-154.805284992785
-189.83830140129
24.260724572736
-146.817911255411
-133.66559216608
-84.696892192009
-180.169913419913
-41.216708096591
-31.690337386138
-37.116071428571
17.91542447353
-104.472382164277
99.791295699743
48.794810549693
110.973763161751
-29.084162988704
110.134026509515
111.717602221997
-153.16619529559
-35.266226015738
-101.022825210814
-200.529408904897
-153.76777717183
134.976270447218
-87.771902901786
-170.824113766008
105.51426232188
-34.174162453215
-41.290113044508
0.70271351912
-199.101641414141
-26.740058931953
-150.200937950938
-46.26642189191
-159.605416610299
-99.926136363636
-184.705246522141
-28.212481962482
-143.520480333469
-173.618859493371
-124.235119047619
-41.40691865643
140.002071848507
-39.522366522367
-173.150633708739
-89.186064749053
-166.624348253743
-156.164780477769
-89.83945833897
-157.123028555646
-180.299943491838
-30.427649119544
-59.371121933622
-44.070359002976
104.231622164728
-30.345137691085
-26.563873246979
-183.470709466315
47.595799653905
-37.680658425776
-185.128439811057
-37.261974516369
-79.185147372159
-146.069506448413
-185.289120981016
1.579483450577
-30.459083017677
-167.267594330583
25.401966089466
-153.597480102363
2.628849882756
-151.508817950712
109.751422568317
-180.300615671221
107.796188728806
-44.501984126984
-178.283930967036
-107.786554157648
-97.371634875541
-31.287337662338
-178.560884373873
-195.571768888663
-74.506506189123
-188.900182770788
-157.309786621798
-29.730511730023
-154.377242007125
-47.892664085047
-42.324765512266
-113.162976725965
21.396915584416
-110.308142812049
-157.838015337527
-163.465916841405
76.160373968479
-90.656114718615
12.207341269841
-108.705517084912
-22.89420995671
-153.037518037518
-82.958173391279
-37.54733051779
-168.65604496415
44.725476725965
-41.671376854482
18.633137316243
-156.082153144165
-188.466089466089
-53.840097402597
-74.227182539683
10.169792582634
-161.864249709709
-155.738012801001
-115.214924777913
-81.448482452877
4.550827400681
-196.428138457679
-192.327380952381
-30.176559117965
-170.312762812274
-182.200757575758
-158.86055730294
-26.532758528364
24.536796536797
-161.592831213925
-162.351090072037
-105.772990085002
-38.190107689619
-201.126061817956
-33.948433131539
-181.487775706282
118.123203998692
20.504148629149
-0.062971371077
-36.952290764791
-182.204081833965
17.633838383838
94.469634965729
-163.076360705267
-142.103687545094
-198.533091095103
-176.350669783775
-167.621552438447
107.060183306277
-98.708596145608
-134.008189103648
109.802731556638
-190.020382395382
-27.919630174513
45.602009914998
-176.520730463113
-204.350448542343
-37.776445397051
-107.630483475942
-30.385191197691
-197.027355023449
7.731962481962
57.79050197849
-26.831960086355
135.726017851506
-30.202200577201
90.625901875902
8.88466275478
-76.279852092352
-93.009802263709
-172.311209190115
-198.796869363276
-132.016135828148
149.571719567325
-69.984730113636
-102.17335323097
-156.962309337798
-158.977896289908
-172.659361471861
-40.176489363501
-98.071719567325
-159.307240936147
-161.900600592983
134.506521690115
-24.110951169057
-203.782044778138
-101.823482452877
-160.339077155483
106.267468208874
-31.423520923521
-74.406578339196
-30.756132756133
-102.702919611855
-187.254988501082
100.852293160399
-102.082333519345
-28.809433621934
18.750791255186
-197.15185546875
-78.359044547033
-33.905483405483
-159.381493506494
-106.267107458514
-74.794081298476
11.362012987013
-192.721779034767
-37.487672483766
-38.528957966946
16.365017361111
-29.394951890557
94.112110925099
-76.900793650794
-37.912886538375
-43.79033428594
11.531405714511
-90.275953592848
-32.147546897547
-25.982655799062
22.026494718389
-108.329427083333
-38.664674789187
-37.156225339331
-212.244428802534
-143.150523088023
-84.333333333333
109.266341920883
-97.10752404063
3.534083158595
-95.875262812275
-33.528880461986
-27.379980750586
-94.800527949698
-174.556277056277
-169.073134385146
-98.359377113772
-59.976741818295
-37.226842222448
114.072954009966
-35.917055600649
-192.706266769255
-178.690045685651
-182.641130896014
-38.014081946699
-185.243063306052
-160.879682004194
21.263507705402
-162.479895917884
2.40194565634
26.091352278364
-97.110021109533
-158.988896709844
108.215025182066
-28.718331473214
-117.099837662338
-30.227300910895
-160.4181998557
-151.832771774666
-189.762814388303
-88.290396289908
-38.03736584596
-209.641795324901
-185.658008658009
-46.961822465729
-27.273600965007
-159.645645207657
-205.993486060381
-34.49512987013
-10.80800330312
116.108152887694
-129.254522062139
-91.990640923746
-92.610930735931
-4.223763161751
-189.851443071902
-147.521474863028
-23.137376132982
-40.785193593299
-192.587211399711
-33.218606968119
-36.252533003021
-23.887265512266
-98.391746708153
-38.153429524035
-193.311590373602
-164.773170460182
-183.961469465864
-99.175984172078
-41.77008364899
-34.549324861337
-167.086830216225
-45.980887981376
-33.126061817956
-141.81077868529
-121.332333519345
-26.531222873264
-94.909341038736
-206.604790229302
-159.677787923882
-158.31355406746
-35.335958990012
-41.349025974026
-36.332799958288
-27.259497880592
-141.171729854347
-114.430084184479
-190.493846810741
-161.829746262852
-120.081176581665
-55.361659987148
92.177010055916
-155.329006795071
-107.465630777642
-34.693813131313
-202.797258297258
15.981519294508
-91.615592306999
7.907539752999
-186.739628427128
-35.258477633478
-144.73566017316
-183.858403017339
-117.719954849838
-147.318722943723
-31.135088327471
-47.228723479212
10.394558024441
158.750440721388
16.380120259515
-92.504246567235
-24.39829658189
161.498407273065
-156.82196969697
93.808062841022
-35.081882581394
-195.879620000225
-187.318722943723
-31.741632987238
-167.7952946034
-152.77867965368
55.254329004329
-34.150780968164
-36.436889119995
-201.689837126849
-33.590625845509
-36.795815295815
-153.76568242413
-194.61725161774
-35.92872362013
108.732683982684
11.291378136837
-182.82693001443
-181.548229927624
-127.410673419462
-40.643279897186
-97.187659942054
-159.187778313267
-54.080968022863
-96.142426638032
-85.392766955267
-29.729998788104
-35.825134013122
-47.202210793764
-188.918823418335
15.241509683892
-90.778416841405
-99.029859842848
-35.31946487757
-26.363296046402
-33.323322510823
-166.311610806728
4.190123190611
-81.525051716946
-133.805986060381
-104.555764114358
49.225669783775
-29.671529046041
-144.775551271645
-32.031405714511
-186.645382395382
-34.288350158956
-153.312659942054
-169.391061141549
-90.525244774756
-10.132694128788
-194.457251082251
70.11266473327
-31.911644345238
-144.906142902237
-35.796003421492
-192.247384559885
-152.384359076254
-35.434773939168
-175.390803261409
148.410505726912
-26.971763533775
-190.200487012987
-203.635884514791
-29.826541080447
-155.3210058171
-180.348554602949
16.943112063718
-141.699737328644
-61.802301051813
-35.952200577201
-142.46366215165
-106.002422382305
-92.081161080673
84.533570216676
-158.723116347628
-165.937069495175
-104.537079782197
-29.990550736156
-98.442710447105
-38.428473490485
-159.345426220914
-106.080385326479
-168.942468067956
-28.031954590548
-90.717823463429
-96.402888398494
-188.183338688222
-31.104429478941
-171.409070475965
-35.324286390693
-179.765893448999
-34.065829190341
-32.375458688447
-94.743756623151
-162.365988991477
-161.885842943948
-31.78172559862
-153.503607503608
135.281655844156
-187.069903132891
-92.26373669733
-167.990522552534
-199.316836754825
-88.760850694444
-157.081542264159
-197.988378483496
-91.95689033189
-171.857405669417
-38.301599984217
131.769009148404
-153.265983636589
-160.195696854144
-166.719253782242
-56.902860214872
-22.667826422709
-163.502046130952
-32.202540894435
-140.677649119544
-147.093344155844
-132.17296711535
-99.761363636364
-146.700930200442
-176.548873923386
-201.492043058938
-30.672791672303
-84.462772958378
-191.919552669553
-34.051615485209
-40.715971094877
-173.234126984127
-97.43184636544
-84.567901038848
-26.160013218119
-36.217622655123
-187.789945351957
-102.146444213339
-35.052911931818
-186.703983895878
-201.686327561328
-23.416367920274
-135.840388398494
0.368042872926
-0.531864402958
-103.521817646329
-160.028326653815
135.461301773314
-24.126733997339
-44.881465322872
-25.403929783324
-176.029298284181
-170.336136899125
-135.673090418696
139.040293419688
116.11201545308
-196.396652772141
106.308281616387
-193.524621212121
-186.275232092127
-183.091908904897
-183.405200160083
-82.399010332116
-191.105441975559
-32.674415048927
-77.497016059028
-42.96348177647
-30.396928267045
-169.744055369544
-168.834526205132
13.124917562906
-86.277126031521
-166.430387863005
-36.973276289683
-54.617957617469
-162.937901968908
-36.120851370851
-168.707258832747
115.811335311824
-150.869060301678
-163.581168831169
-91.645111832612
-72.359155167749
-187.271163434005
-27.717344341856
-65.89917027417
-33.060613811102
-51.526875901876
-21.443362193362
-192.411533724522
-172.642303334686
53.155030001466
6.737361054744
-174.352703232098
-151.505493692505
-29.246843434343
-156.594576132418
-83.818529885913
-7.005161125767
-33.290486477498
-204.186958874459
-175.710428081034
4.453914141414
-124.929834054834
-168.04147854099
-86.76892671131
-93.84910841112
-203.756382885777
-163.83439515129
13.439914631809
-168.831599335994
-30.856982915088
-35.125623562635
-148.532898037293
111.827089956484
-171.63234359499
-43.126275308892
-196.063020692415
-52.233503421492
103.042408600514
-110.065496623602
-30.963842526831
-178.030122655123
-78.594246031746
14.325043825532
-120.531627660534
-94.269640461535
-76.236293952358
-36.621510867605
-201.817730880231
-91.210319926384
-32.783397591991
-44.604076479076
-154.929122770676
-30.341622841135
-77.017378021284
43.523170460182
-162.345877158865
-214.120379999775
-191.208070521059
-74.4460058171
-208.055928988546
12.666063537157
-34.160992598981
-166.318181818182
-29.47106246618
-34.300955988456
-36.12518037518
-160.266483895878
-1.960206839601
-31.074294141189
-194.707861962256
14.50946969697
-37.933379554473
-179.074404761905
-37.372544501939
-69.932982869995
-41.128414445797
20.09252225097
-173.178641183036
-166.87759500699
-93.161247660759
-168.322129639024
-85.977162106557
-143.860549552444
-82.014971139971
-29.222693593299
-181.956349206349
-12.278339336445
-29.146132079726
135.05475161774
-204.12578350469
-108.45488577178
-32.73748435809
-146.486922799423
-159.149649395743
-81.162247474747
-120.12421649531
-163.849567099567
-35.920266419778
-35.532988224883
-174.627164502164
-29.07233044733
-24.943101847155
-95.155233275839
-91.076577014565
-32.664301356196
-36.590978845373
-154.179411300505
-29.678481240981
-104.992254083807
-172.997544501939
-29.261634199134
-166.699675324675
-157.444624819625
46.842803030303
-35.466991341991
-7.233696479302
-183.465548340548
-91.628267186373
-35.486283735795
-181.633588254194
-35.657730344742
-184.438053808171
-109.324785945391
-139.781114718615
-135.705094330583
-162.705705210588
-26.012092887581
-85.50821728727
-157.578803520698
-174.707423706935
-106.550574804969
-74.579164271059
5.509011008523
-36.186605874594
-189.736090677985
-154.516893262987
-157.099907416802
-140.036446002999
-78.38065363456
-85.023621398133
-88.749175629058
-29.008477633478
111.840179839692
-201.777326839827
-154.041138223755
-176.878599753111
-165.696670950577
-196.321977447466
107.850386538375
-42.891684704185
-161.966991341991
-33.193104313222
-96.042117604618
-24.58648989899
141.882753666689
-204.967622655123
-164.52302601912
-182.564935064935
-156.335776148764
-78.555774330921
-172.470606596095
-39.674873737374
-188.644217707206
-75.5622167546
-105.756604479505
-92.571178441784
-183.169534702494
-88.062437996032
-134.809433621934
176.001190405731
-163.737303982909
-75.769112018624
-101.564553881448
-179.144833519345
-188.894828587211
-34.826471325983
-164.606220548115
24.296544547033
-34.076311383929
109.363468671086
-33.029651284046
-32.503074128562
-148.626360564349
-32.000631313131
-39.586289090684
113.694993320482
-201.571158008658
41.36943655303
-118.955717893218
186.520292207792
-24.198953823954
-40.069472628066
-165.744227994228
-186.790494227994
-35.731331168831
-154.761293881899
-37.199126448638
-204.227202972808
-31.846160404266
-172.019140202246
-33.491730925325
-42.381323347876
-175.71539614899
-195.863734301723
-89.159840593434
-75.893127705628
-26.315386002886
-99.805004213451
-171.46148989899
-133.218246217758
-151.840896408279
-155.077901644796
-194.990432364944
-88.224054157648
26.24304780506
-183.025974025974
3.399531024531
-194.403138528138
24.598647256606
16.066437604279
-46.920753291847
-92.347119352002
-109.123647186147
-181.082972582973
-100.376352813853
-37.824974071068
7.535340852724
-87.359868917974
-100.269841269841
-129.646485079591
4.676399175911
143.218534747587
-177.588862959957
-172.25295575735
-150.419011544012
-165.154130591631
110.008487850041
-181.224837662338
-89.151417213429
12.094957315905
95.232302799197
-196.686958874459
-147.276703277192
-167.376254875767
20.082411024306
7.21636002886
-152.498003190386
-33.962564399576
-22.121474933487
-141.037788600289
-175.774683216089
-133.960405181841
-39.383740445752
-201.227703232098
26.540223665224
-105.950729392136
-37.037871037383
-51.383588254194
-143.659632034632
10.556895686778
98.184150376533
-36.837649655032
-37.853166852679
-108.583160708649
-39.832333519345
34.604264604753
15.484828051723
-128.731088789683
137.576365989696
-114.922348484848
-144.772727272727
18.094446840052
20.621191688086
-31.181096681097
-196.030094471501
-180.446080503698
-158.280934343434
23.590076969471
-102.350280849793
-147.345869408369
-174.213646650658
23.665466044372
-30.368686868687
-60.863393984488
3.059987430105
-43.590630777642
45.085670460182
-99.773448773449
136.392053205041
-158.700597633703
-171.654220779221
-201.140344572962
-89.738553926542
-133.73766473327
14.895583203689
-29.604715542704
-179.329205137311
-161.507014198909
-17.506313131313
-111.156114718615
-151.375262812275
113.537780849793
-121.603445165945
-98.614746798341
-79.689762440251
87.219725153319
-44.709784085272
-47.617091675685
106.584493089376
-36.215561023178
-78.238566609172
-149.457702020202
-184.664404226416
21.002275122881
-80.582861962256
-42.478347227859
-36.951847577336
-29.736271053166
-161.251693131088
-131.620773865891
-32.356691919192
-148.355228484623
15.513530604595
-180.756411069399
-42.076118326118
-87.832521645022
-83.418728298611
-39.478084415584
-28.096709280303
-126.713466275478
-25.880128010011
-81.367777242289
-110.339203277192
-33.036075036075
-1.345217662112
-168.338265467172
-183.614620676632
4.353362728851
-167.457722453328
-46.238906926407
69.123619002525
-35.023907461896
-164.40887706586
-202.153027907422
-154.436956408392
-38.22382516572
105.419715077674
-201.782745845734
-196.23748435809
-97.470057720058
-89.898871527778
-90.796536796537
-58.811147186147
-88.236008240891
-81.754316321699
-143.451388888889
-141.252504819399
-198.073021298363
-24.645645207657
-34.424062049062
107.771995555443
-80.943836030506
-34.842540218028
-102.609868917974
-33.36813799265
-114.275002395608
-119.768779451885
-40.117215683622
-81.417486105474
-29.581168831169
-188.260642135642
-158.458250896239
-156.867153679654
-114.135289135777
-199.153401340413
-205.490903736021
-168.545155799062
44.275162337662
-92.144550273945
108.94054594494
-93.077491573097
-97.364989177489
-42.05850356241
114.47104978355
-148.678744053256
-187.311590373602
-28.487796491703
-178.893550459957
-179.238553926542
-130.683150562545
-28.21310305905
-28.150141904536
-36.329517270924
-161.319604386499
-25.721853721365
-38.876360564349
-106.703623145518
-36.674595424107
-174.157377344877
98.612373737374
-87.851731601732
-26.190656565657
-182.535062539457
7.115161802174
147.212461529356
3.099636854031
-137.124180561192
-170.599489594607
-182.811430431548
30.536796536797
-47.941898758793
18.100767721861
-27.744666249549
-65.786185656791
25.400152121099
112.453074269481
-136.656315526921
-136.025523088023
93.901847718254
-168.731524226641
-43.470119724026
-188.293802985209
-40.715548340548
-81.888187821293
-125.820006003111
-168.781843969832
-204.157114532603
1.541777287383
-142.524190707296
-28.208222712617
-172.253136132531
-158.995789366883
-27.078643578644
-30.686069681187
-37.35491635101
-193.774912208018
-36.067522321429
-27.44418163217
-159.417388167388
-29.758727763122
-82.650883838384
-83.777867965368
-143.853006910624
-102.319797444309
-178.370830937725
-201.068174067686
-190.07952502142
-90.987353304248
-22.718885281385
58.100366105249
-98.009108946609
-35.486271053166
7.264450447556
-92.997544501939
-162.631210261093
-30.192821067821
-25.707160894661
-76.53651822353
-112.062963620581
-32.362714054609
-159.716970908865
-34.765151515152
-152.93054780506
-172.716429783324
112.854156450104
-78.600018037518
-87.829184704185
-133.152347272953
-37.209132339015
-31.896263838158
-191.53068421379
-83.694715007215
-174.764077014565
-171.844246031746
-26.534160663555
-175.212141645247
-178.55206642316
-89.248556998557
-82.03428925133
9.280565842578
-37.351370851371
13.077380952381
-42.662796350785
-107.440538194444
-27.953282828283
-35.421106291712
-29.368083739177
-153.284570030664
-151.618859493371
-165.993338800956
-38.296253551136
-108.055354747249
-168.110688356782
-168.525051716946
-87.736652236652
-24.649613461625
-191.199966320572
26.910523693971
-186.909722222222
-110.360209235209
20.117223434118
-147.586830216225
-154.555174372069
-212.834297213204
51.880669135552
-62.489718614719
-138.735549552444
-37.039432410038
-150.082611832612
-161.07433500744
-139.832993016098
20.057096495085
-79.050615671221
-40.407279406791
46.129231066243
4.048974327539
-36.236902366297
-161.372753060741
-140.023907461896
-94.042839105339
53.547709235209
-2.59145021645
-176.234647676542
115.787600474612
-28.272296767902
-26.940004819399
-105.746384745896
-153.470168340774
-31.873639435651
-24.74226430037
-41.290883161977
-38.735319855925
-169.070346320346
-99.799803982909
-93.960788831394
-201.974296536796
-81.119039868552
33.260301818407
-187.62041311553
-141.070964950848
-108.093795093795
-90.176569334528
3.257227689845
-33.882215007215
-175.039329539818
-39.118596681097
-188.542949726055
-38.804772050866
-185.300492367875
-176.291576479076
-132.423049552444
16.941710633117
-207.803488991477
-153.971070216676
-128.041022670905
-77.022296767902
9.523178210678
-127.983323046311
28.011265698277
-160.702829424265
-158.640589770473
-98.84919859871
-205.910271098259
-47.096237909226
-98.649781154176
-166.739455802444
-24.202048385642
94.955176767677
16.870642812049
-92.639778082161
-137.224484662473
-152.704988642
24.991001674107
-191.981629915224
-90.74704424265
-29.523837707431
-183.737103174603
-40.620678746167
-42.3511002886
104.315025252525
-173.234647676542
-173.726198226686
-189.396354025749
-160.760088327471
-151.886343203238
-37.264347577336
-157.912886538375
-30.369057835611
-39.810786435786
-134.336010777417
-28.148567144661
156.747634689529
7.519480519481
-164.407176536571
-146.427579365079
-157.111562049062
-191.056014244003
-171.249090373602
-69.301213868597
-38.037989408595
-140.979187099793
-185.52695833897
-208.987914862915
-32.000007750496
-176.279220779221
-107.048889424378
-163.717602221997
-144.638417517812
-32.825737142632
1.270044544214
-184.202388702877
-23.986319669913
-205.073064630682
-113.244797303391
-36.446511008523
-177.407086348981
-36.231869828305
-115.727100102588
-183.22332490643
-91.851641414141
-106.74502699991
-100.555735930736
-29.379336754825
-171.41628548318
-191.330589305443
-96.248183565566
-150.275793650794
-32.632665945166
-25.412260157377
-93.818980823864
-78.102733881787
-101.192109783663
-38.409451659452
-157.34117965368
-35.134541917501
-142.196268629374
-39.700384142767
11.765262135868
-160.480949985345
-160.690934878923
-197.47295147344
-163.986180865575
-107.338932714421
-9.80990499301
-91.20479558419
-189.605532163149
4.798709049197
-165.395645207657
-182.486103360615
-29.204385512491
-29.130854442866
48.550484617379
-23.299255106872
-32.436881369499
-82.72382516572
-30.309080622069
-55.45001564191
-188.192702696609
-45.78085190634
-132.204733580222
-29.034070475965
-85.916674417163
-168.538502350514
-123.745379999775
-108.418581039187
-34.458132525027
-111.125984312996
-47.671979983992
-161.796057674964
-128.053849741838
-26.155393217893
-166.787906971501
-163.289411976912
-84.218356838474
-150.275445583063
-69.956838544485
-35.238355584303
-28.490538053526
-50.487311733405
-173.691370315882
-33.816480936598
-34.137917258523
-40.367424242424
3.370490620491
-32.068645438763
73.983753551136
-194.504308571203
-160.637343017226
-106.256416001533
-182.994609177715
-95.05962174761
-204.078213073819
90.89917027417
-174.078836636454
-74.168220288826
-202.543282292794
-133.354630287247
-168.82683982684
-164.029754154266
-33.726267981151
-102.636265698277
-69.528158961264
-57.202388702877
-32.635809828193
-29.879349437455
-175.880661385056
-48.956447144435
-172.16141535331
4.844075873129
-79.127525252525
-97.683539496528
-175.839728901741
106.243769305781
23.510562164615
98.937950937951
-193.414321789322
9.134748010236
-156.104457662563
-187.790875411481
-117.864836985931
-165.484049479167
-180.824121516504
-34.28545147344
17.149010332116
-31.67297979798
-43.399350649351
4.441349882756
-42.128878066378
-168.062971371077
-29.010018573007
-36.697773634785
-192.494506307495
-177.953795770202
-164.343815526921
-190.326819393714
-92.919802799197
-72.740808616297
-134.387634013122
3.18377412518
-51.346881904987
-141.53068421379
105.310155122655
12.052499394052
-94.321428571429
-79.916498974116
23.860319855925
-167.979535167523
-209.913850418245
-181.938860564349
-26.948412698413
-154.111482078035
-93.689852627841
-199.343857097763
70.10091991342
-193.945256132756
-141.656295093795
-177.016352137446
-193.312762812274
-29.916313666802
-214.957702020202
-107.417846855835
-40.908137245784
-91.43950456011
-31.247843248332
-35.448142135642
-171.02867965368
30.129341686959
-95.896464646465
-34.160431040314
-42.104489016843
98.572879323368
-31.383054879149
103.791674417163
97.280823722718
-141.787518037518
-62.382756132756
-64.941726134109
4.659791976687
-45.042465672348
-93.459977143083
-151.537600474612
-26.56927181976
-39.461219336219
-34.491911300505
-173.102633477633
-197.062528183622
-193.199126448638
-104.583333333333
-40.056637806638
-135.313590001578
-34.401507401019
-138.783570216676
-170.855269350875
44.211427895022
-162.292949726055
-158.09117965368
-179.092893217893
-127.488017733135
-23.319707256719
-89.372835497836
-32.742617300234
-170.06928450239
-29.963223896329
-46.118055555556
-189.32683982684
109.099038656656
-168.723021227904
-167.749015687004
94.657818066265
-26.909644717262
-34.516261949856
-86.249258066153
-40.762827070933
-176.818181818182
-113.643279897186
-33.368256363862
135.022356305804
-182.327721269616
-41.566939625045
-153.385750290291
-162.432359307359
25.984766047754
-145.960830402237
-160.213564213564
-181.082431457431
-158.601613230519
109.439293535241
-154.309273679879
-143.914883347989
-155.110307173295
-148.074044011544
-29.07187950938
-40.503066378066
-198.373015873016
-69.565816507711
-124.764950706845
49.872933435922
-168.746302308802
-158.711036494972
-189.103375411481
29.612734487734
-153.723505281611
-160.48436901098
-196.556076247971
-42.320699320211
137.48384867086
-171.683461991567
-169.559696434208
-24.201440676294
-27.243867243867
-86.992764559659
-91.565844691333
-185.338203463204
-40.88855632215
-90.165937415449
-36.859918239313
115.742854747249
-199.256586160151
-37.188914817821
-36.043179422574
-31.173513173025
47.56797325938
0.701672134289
1.47601010101
47.158552249617
-189.835317460317
135.203172207567
-6.908029091135
-165.655200160083
-155.068189568678
-34.872502931097
-35.522554648043
-34.117895613501
-34.097054529672
-39.052517361111
-38.984868917974
-176.726198226686
-29.457972582973
-141.578179958063
-79.296544547033
-175.283189033189
-29.46932846884
-171.293740981241
45.935786435786
-193.845238095238
-149.605248917749
-196.449056694174
-42.730988385529
-15.048598428481
-37.545536982549
-103.603257040269
65.329826233879
-201.876651560245
29.357215077674
-156.696255946744
-186.62003968254
-144.380759323142
-31.688955684073
-81.959297213203
-35.279954962572
-40.328816203328
-148.670086044598
-36.779692150298
37.491865149824
-103.294843665449
-41.993042872926
-31.186265557359
-148.963852743394
-36.49998731737
-181.273448773449
-44.811245124233
91.781016780528
-98.715105153093
27.571428571429
15.901633522727
-37.85406872858
17.297778989674
26.341017245558
-27.768738585633
-69.685786435786
144.242272050866
-35.598296722808
42.804140737734
-184.738844922439
-42.561577690972
49.833032120874
-36.756563260958
-87.711191152597
-186.965818903319
-27.27103414164
-155.932727808216
-201.364636177624
6.094980215097
-142.616785178797
-144.037858354753
-93.292125355114
-88.624881628788
160.024440836941
-29.727633477633
-128.769570707071
71.24983230745
-111.512536075036
-28.344627215233
-91.794191919192
-79.37777538217
-89.661706349206
-27.23853842555
-159.859820301227
-32.829184704185
-99.034201529807
-31.477613044508
-38.072629193723
-204.179723434118
140.821165759154
-101.317640692641
-192.267664085047
109.759369292817
-148.569555065161
-96.60022659632
-173.069256318768
-145.956918515512
-184.855511730023
-142.9742887863
-105.809716867334
-154.491370527259
-35.847763347763
-43.699958570076
-99.281836219336
-153.299443232549
-25.043130101236
-31.081459827065
136.589463623399
-6.497822815206
-32.766336636454
-36.701729206124
-102.782820532332
-207.208874458874
-200.867411559794
-17.054383116883
-163.291055786661
-150.01070413961
-153.741251803752
25.740710678211
55.778339336445
-54.735500231106
100.099123912112
-122.639589956484
-174.320707070707
-150.35073953824
-193.183519063402
-31.873005656453
-102.264097447691
-131.339847272953
-170.108106737013
-167.573224572736
-161.131854256854
-97.234387330335
-97.376924589083
-35.792818672213
-37.430986060381
-169.758678441784
-155.505751572646
45.13828575938
-27.315947561553
-158.055292743281
-187.886175510687
-157.392135642136
-160.158431412338
-33.483343479437
47.868885210926
-203.035373968479
20.683449308938
-27.194354256854
-45.034992784993
-181.995691428797
15.835054648043
17.304473304473
-33.127242007125
-117.865460548566
-37.256132756133
-191.932088744589
-103.837912467307
-59.953885957792
140.910726968344
-38.934155308667
-51.053744053256
-176.768668831169
-175.567981009876
-34.096583158595
-33.243936998332
-37.145915770427
-99.218704906205
-30.360209235209
5.305205021758
-92.305367429879
16.407467532468
-25.754751758658
-75.38952020202
-46.868583998467
-103.637376132982
-32.675698108315
-35.467179467668
-34.242313621708
-156.037227041622
-195.559766188672
-87.19914194963
-33.877497068903
-140.370580808081
-28.630132942145
-49.595057720058
-159.896825396825
29.097224688289
-197.313131313131
-32.616702741703
110.31936200735
-146.748479493597
-150.386580297957
42.961510332116
-34.670732858721
-193.846583158595
-40.27904040404
2.459054834055
-194.695645066739
-121.919490665584
-33.518029767541
-193.366981054969
-138.241540333581
-185.236832611833
-91.800775613276
53.876453218006
-191.509289321789
-81.407274474657
-160.602182539683
-33.113293580335
-195.126365496483
-195.698953823954
-29.252615440115
-32.272546897547
-28.052599798205
-190.959686147186
62.369616928211
-151.626002280055
-138.781823536706
-89.396825396825
-99.94888406949
-141.077401385507
-149.269021831034
-33.164772727273
116.459075267181
6.564123376623
43.723302007238
-180.070526695527
-36.578360333243
64.042929292929
-33.177050922168
-148.493957431457
-92.704274891775
-28.746031746032
-44.251234442641
-32.354359724477
-44.952922077922
-1.959325396825
-182.909451659452
-33.371400246889
-37.54312235074
-36.932449494949
-185.005702251308
-1.369400618912
-156.238698367605
-69.993588930601
-28.538940605835
-200.149989712978
-176.638249825262
-35.08258364899
-138.676484431367
-201.134191383703
-53.470591095103
-79.814123376623
1.092068846952
115.476210909316
-91.248266002661
-193.67335323097
-139.851350418245
-96.913149350649
101.934593563988
-143.745158053752
-62.021838079455
16.322420634921
-84.202200577201
75.000631313131
142.951679884785
-35.164321789322
-194.486013173025
0.379898313492
-161.987456174468
-32.660546593164
-30.62977994228
5.709603710092
-37.614458268511
-236.679862238456
-140.573124168583
-72.904241212347
-198.184995180601
-34.107240795229
-29.997364126759
-178.211010777417
-93.097853535354
-128.590548340548
139.273441022953
-181.045737790855
-98.462301587302
-201.659521413916
-32.315836940837
-153.53373015873
-26.758650258162
-25.987824675325
-170.889888702877
-35.708603896104
-137.311299377706
-191.935413002796
-37.669624890084
-40.02904040404
-44.761446073458
50.83210135676
-201.92697623557
-136.598226968344
-0.369871989989
-74.104354792343
-109.30312049062
-149.315656565657
-148.625824370942
-34.012407487261
-94.325840012852
-161.376540939529
-85.140414327426
-197.762598079004
-71.677509610615
-179.605351787969
-170.659139878134
-38.283258787653
7.040043290043
-84.426788109894
-77.162136854031
-200.131333564439
-168.855248917749
-97.542839105339
-108.873647186147
-94.719696969697
-201.183523995536
-167.152687590188
-86.035070289953
-34.089273031656
-183.822954009966
-40.713293650794
-214.251254875767
14.091630591631
-166.338280968164
101.771993089376
-112.763257575758
-171.588474025974
-94.958706766324
-37.548278544372
-182.903056091044
-189.512626262626
-32.509802263709
-29.189664502164
-144.327929828418
-86.810257992875
-35.298992294598
-227.454656075262
-52.20174963925
5.591692595599
-117.400162337662
-54.242514430014
-185.753579319986
135.242424242424
116.729187099793
-34.273005585994
-33.393918960813
-94.093594285489
-37.715277777778
-167.050046362058
-157.118764373647
-199.430653493642
-87.4613997114
-80.933441558442
-38.372855930961
27.189045871663
110.685608526673
-78.129300820707
89.033361657873
-37.486373923386
-195.496121933622
-33.227100102588
7.217622655123
-137.76243813695
-118.150605525117
-124.289432410038
84.644758832747
-109.921516363411
98.259392192009
-90.575474330357
-45.827914327426
117.367326304338
51.649641645247
26.012626262626
-155.343315972222
-31.101561443114
-28.164584601596
-164.527749594156
-33.798167923656
-158.205717893218
-190.918352047258
45.989981426993
-151.003955571338
-134.706238585633
-202.600268167163
-35.274391515602
-193.343143347538
-34.969529277146
-92.681658239764
-32.6923828125
-38.874641715706
-35.44122587482
116.702272797732
-203.107155539773
103.689040939529
-201.626976376488
157.582702020202
106.379066192054
-157.957521645022
-147.164071659677
-151.365870620265
-74.025378999256
-150.377623190611
107.120199624594
-31.432567866162
-89.446248196248
-75.798721731827
-158.833235395247
-37.472111601506
46.928952612058
-31.36812531002
-163.381325813943
-156.783619538014
-146.931457431457
-77.239275427264
-41.191087070482
-190.878365124459
-31.063430059524
-32.961129148629
-165.823683261183
-92.625832121438
-192.153326653815
-14.822989944084
-166.975456292839
-32.80494467555
117.678300865801
-89.403318903319
10.625479121573
-163.60657354798
-41.725649350649
-39.226370851371
-106.165556231962
-30.236541615936
-96.616419496302
-35.654310966811
-163.911997345103
-43.562688125676
110.265360073954
-131.83858464669
-193.073843203238
-161.298902107008
-184.997011126894
-21.434052438447
-41.336038961039
-37.230055859939
-191.279122841135
-150.224837662338
-196.246232554338
-37.877061631944
-190.600185730069
-96.235021109533
-33.673443418561
-49.854978354978
14.834333147321
6.875741933847
-35.972410347899
10.487260650591
-33.175316924829
-162.360098614493
-179.550693176181
111.276605339105
-159.132112136995
-161.497765743371
-32.832042523449
-44.255230880231
-185.422606364989
-44.174332611833
-198.195887445887
-102.636453823954
-142.819887631899
112.741821112915
-43.762626262626
128.604076479076
-150.311237373737
-167.494408369408
-188.515955452967
-29.593774660669
-34.371384745896
-127.829122700216
-238.630800189394
111.635740073728
-199.348206535218
4.266233766234
-112.75583400974
-162.650731646825
-93.248113811102
-106.904019970915
-153.705635456124
-32.214015151515
-199.1084879205
-35.018377835272
-13.064602498196
-170.44984794936
-157.475731787744
-35.934511126894
-29.748438627345
-194.390574269481
-36.43359375
-35.462322020427
-29.57997595937
-25.899621212121
-2.66829004329
-39.920434112329
48.02329658189
-196.358072916667
-160.060938627345
-172.763069450081
-87.69353235198
-99.931547619048
4.41322685561
-28.240538053526
-42.913051412563
100.610181051587
-32.37230212279
-29.55868393759
172.968684473079
-164.567813317325
-36.924783549784
-141.237554112554
-136.626886188898
-198.478272541261
-38.828491387085
-104.920093795094
-153.658828096816
-102.031122469111
-186.976620981016
23.993055555556
-30.111824861337
-142.49321549761
-154.813935250947
-54.623376623377
-94.000721500722
-185.34432846884
-168.312652191558
-40.756916260823
-197.559446304564
-29.80589587279
-138.843774660669
-84.807351556863
-96.740422148381
-170.743624864719
-159.626422568317
-37.941218124324
-173.318210001804
-170.645410579004
-201.644751082251
-192.012626262626
-33.965971094877
-32.623168064574
-36.502816248422
12.590447936395
92.704434833829
-145.609036796537
-196.221688847177
-204.729457662563
-176.348546852453
-199.423873923386
-181.566440070346
-170.055207487825
104.84632034632
-156.145743145743
-37.113195642248
-172.801316738817
-130.085137085137
-68.935794186282
6.267656334551
47.681014244003
-33.248459060471
-40.292929292929
138.913708443249
-175.031934157422
103.256854256854
-30.517676767677
-50.277499464511
-189.211600519706
-117.836379278274
-39.470786971275
-159.371041962595
-158.660013218119
115.667548109443
-47.289321789322
-123.390131082026
-106.546815109803
-85.062049062049
-48.513708513709
-39.181727994228
-34.993153493642
-146.683531746032
-73.851814038826
-67.689045871663
109.62708206507
-177.375729251218
-36.559010867605
-152.270583203689
-105.140594702606
-191.842249222132
-107.786886724387
-153.494588744589
-190.268197460092
-87.552329235435
-28.861562049062
-191.389041080447
1.622093563988
-104.478543104031
-188.779130591631
-173.724144345238
-164.089097588609
132.193369943858
-200.825196017091
-79.664349972944
-160.441849437455
11.634139596298
-29.349567099567
-34.431527185922
108.637278194895
117.201940230993
-25.567919005907
6.132142786684
-154.279942279942
-39.580328959235
135.150605525117
-78.640512265512
-165.690218310336
-150.082611832612
11.684090838632
-30.907745845734
-84.454372829861
-12.732495857008
-28.697121888528
-100.393488455988
-166.386994949495
63.645111832612
-195.114981426993
-81.280573593074
17.237463924964
-28.502234256629
-145.943091630592
-167.200466579861
-29.562049062049
139.229318858225
-35.661373782468
1.269771515377
-25.880140692641
-119.507846320346
-124.767509075126
-174.525425149937
-189.673701298701
26.118207747114
-190.244289998196
-177.121281875676
-15.126610693994
-35.393496206484
-94.59126984127
-76.919830982819
-162.242875180375
1.056838614944
-38.374556812545
-109.297157893105
29.502607689619
-197.151584905979
-46.941738816739
-194.405393217893
-175.24207124256
-192.565643883027
-162.104063796447
-183.814566564078
-203.136105756223
-198.263257575758
-131.051414676903
-154.197874038939
48.103074199021
23.131300448683
0.457895078012
-83.422681051587
20.969117443971
-195.911776103671
-158.089015151515
-154.303411486517
-159.444292252886
-178.645660708649
-87.749520878427
-145.279934529446
-113.60761422822
-194.52112432923
-196.785693852588
-166.56833400974
-152.427406740395
-40.768287647682
-92.272536680984
-90.729256854257
-155.510551948052
-158.997384559885
-180.820423825307
19.192081600041
-170.413891284497
20.450847763348
-139.290654170049
-138.208312900207
-105.133387445887
-38.86744467555
-86.517426638032
-47.47573953824
52.023358585859
108.796967301362
-33.949134199134
-160.890061327561
-182.674041615936
-30.141586766098
-42.809183492289
-134.251525438537
-33.189205813718
-156.975579596185
-171.582258832747
-154.540105294012
-171.491324024283
-159.340540590052
-32.064033189033
-204.129787692776
-34.964195526696
-184.501893939394
107.344787157287
-184.720939162834
111.573691011679
-87.777785528274
-143.170544733045
-26.923167923656
-158.088646650658
-32.149711399711
-185.664891098485
-154.587371341766
-36.309446304563
63.657127215233
-26.337822279717
-93.010203880321
-90.605068542569
-158.176857864358
-179.302316552805
-25.108152887694
-150.529499092487
-161.00755532445
-60.6295995671
-181.494776870265
-154.196338383838
-100.151056463068
-199.778942465954
25.778957966946
-3.050677675189
-33.164030793425
-149.899731832837
-200.48775492086
-145.658286971275
-102.63933982684
-87.444457127074
-34.439754689755
-168.237185611697
-199.841097216586
-115.198863636364
-147.825466579861
-189.919081298476
-41.290597098214
-34.000610880005
-41.172361167478
-38.262092887581
-91.818730694219
-180.591622841135
-168.076319134425
-39.23261422822
-30.01137138686
-200.321608946609
4.585657777552
-28.328643578644
-105.691738816739
-137.615960807855
-30.491993737599
-54.310433435922
-195.135219381313
-100.306166435561
-99.512778454185
-85.187479566874
-199.005313317325
-29.997585368191
-151.346340779446
-53.513626076614
-207.568730694219
-29.099595283189
108.8508170432
-51.634309754915
132.327950261544
-161.089167343074
-31.695173695662
-144.363476421582
-93.886536261048
-84.837190966586
-202.275515337527
-157.975559163059
-183.82224025974
-35.347041847042
-47.683892496392
-91.62509018759
-175.336600519706
158.643668831169
-97.231220548115
-41.163968789457
-103.801948051948
-40.3623941705
-123.431006493506
-36.980228484623
-64.194354256854
-110.752046130952
-157.559142626037
-33.312291441198
139.119516524058
106.061507936508
-111.071776639159
-32.627886002886
-95.853272541261
-146.411345598846
-23.835678210678
-166.298229927624
-32.942759063853
-146.329754013348
-41.419820766256
-196.429292929293
-190.163247288736
-177.395111832612
-33.857220362103
155.462752525252
130.841651024757
-37.256633015422
-79.991522366522
48.028048340548
-82.393828773223
-35.885191197691
-92.508194388077
-33.011724386724
-35.425796046402
-28.523621398133
139.937071961242
-38.713195712707
-156.097250405844
13.262453637942
-136.285652281746
-193.1488997114
-21.344426406926
-194.894570707071
-36.549250174738
-161.793019480519
-73.814906881313
-184.251414817821
-169.018217893218
-110.366091861697
-89.033291903409
-35.902216219111
140.073142135642
-99.681354561237
-36.184232813627
111.838827025839
-36.058732554338
-139.277319089331
-162.424796232413
-174.342454962572
-40.70661976912
100.318009193497
27.675865800866
24.636191011679
-179.079102267091
-98.476293346411
-191.42593555533
-31.346250591856
-78.8125
-140.925587487599
3.754300820707
-190.25269787721
-33.463924963925
-150.836289090684
-137.036343132779
-41.856884977002
-149.900585091991
-176.500721500722
9.806800214759
-152.992764559659
-134.832343735908
-26.833090954185
-161.711141831259
-37.080279637897
-145.884850880456
-80.843967718479
130.325778008883
-157.589986781881
21.357155539773
-145.700224200712
-33.559225063131
-178.499979566874
-86.573330261319
-171.87979262491
12.360008426903
14.176035959483
-169.700840012852
9.393828773223
7.263528138528
-81.640589770473
-29.216298024892
-141.190386002886
-168.758650258162
-161.662615975604
-58.257207256719
-93.231789857278
16.279581529582
-27.30215661075
-35.419552669553
-27.043671226777
-201.947889539931
-99.272186147186
41.700224200712
-10.322899756494
-129.129529812635
-96.436430431548
-26.797518643466
3.592512034407
-186.484577922078
-34.765602453102
-63.670274170274
1.741542799648
-38.631854256854
-29.955996206484
-184.759722292681
-146.769923706935
153.338394054947
-200.531573407062
-175.42812049062
110.006916260822
-117.691635946519
-163.148005585994
16.245470187365
1.719877344877
79.035020968615
-35.372191502074
-120.205898268398
-204.093988151605
-32.175657242063
-34.467269655258
10.62031024531
0.703192640693
-34.585768398268
-147.398088023088
-82.983134920635
-38.21358464669
-185.521013708514
-177.625
-30.500257880141
109.443550319039
133.465728715729
-34.101079855474
-37.934183492289
-153.196067821068
-178.291494041982
-152.629416725852
-164.493789738907
13.950479262491
-166.289592352092
-80.342782597177
9.102342481737
-203.402228901741
9.325695571789
-95.640233952246
-170.10369529559
-31.443091630592
-164.808704370716
-183.937528183622
-192.478264790765
-44.518238326344
-162.578179958063
-135.802038239538
-158.267246262852
-187.443431947826
-34.117867429879
50.475108225108
-102.43567581507
84.511822324811
-2.57062709968
-144.254620000226
-16.11660233755
-136.309892310381
-155.20117786402
100.913698226687
112.531385281385
-34.765983636589
-147.689935064935
-177.267967763573
-75.023358585859
-38.112263116658
99.050893984488
-41.284279034767
19.994027185922
-171.073314760326
111.511002886003
0.626082251082
100.791305916306
-33.30007454568
-90.348422844517
-157.11135349026
-166.849649536661
-132.786899407017
-98.887724200712
-183.822871572872
109.354888167388
-32.861554298566
-189.626824537225
-31.652947936395
-202.105326422709
-183.109938672439
-201.41524409835
-142.579344646239
-159.385551948052
-13.664030793425
-151.858204675099
26.357135106647
-164.057269119769
-93.141205582612
50.851301096907
-31.636085323097
-36.672791672303
-35.990251989764
-15.786726782332
-178.314151560245
-29.922709235209
136.581702206214
-33.456418960813
-157.238546176046
-80.285972165855
-115.590568773674
-194.85940776346
-26.312229437229
-89.109776264317
-42.792019666531
-149.581346740282
-160.095689033189
107.675316924829
-42.291125541126
-32.011165294124
-159.020841083829
-141.453671762266
-198.599296536797
-198.864628427128
-188.323335193452
-37.654754154266
-69.292949726055
-191.767836709731
53.248023623512
-34.849378973891
-149.963932714421
4.474023507959
-39.917560792073
-39.543622610029
41.362115857233
-194.327298515287
-39.800435296041
-146.768230575848
41.013648975807
-199.032725412608
-190.32484794936
-208.458583462978
98.357225294237
-195.961219336219
-134.2014998619
-195.611049107143
-75.939275568182
-89.002623190611
-176.906668526786
-106.774190707296
-130.710740214646
-178.810696248196
-136.874799191694
-162.524252711264
-165.95670995671
49.210660243619
-91.15081408392
37.748654936643
-36.598226968344
-88.362365986878
-202.556256623151
-37.106511544012
23.687131499143
-170.325757575758
-160.33343127142
-158.851752034858
-27.701636552467
-36.039940419823
-37.023020734691
12.002053881448
-45.650883838384
51.65369233631
-38.198134385146
-152.725579596185
-153.685786435786
-139.989345181728
-125.099747474747
-41.974538915945
-95.446688917636
0.638237142632
-166.283972537879
104.092903434456
-178.723853349342
-154.106671486066
-36.368686868687
132.616542799648
-41.814123376623
-90.952458457341
-116.225260416667
-45.723095914502
-55.708075453193
-34.371740564123
17.405130405619
-85.841429783324
-188.694111877706
-153.842614904627
-103.818792698187
-149.558281616387
-168.802947865936
-179.54797979798
4.212293836806
-133.328215539885
-110.032397778003
114.056088930601
-31.437492249504
2.718795093795
-163.171647417253
-114.12805862757
-143.888909322015
8.334956709957
137.336958804
-195.738005050505
-104.127545685651
-44.374721686733
-92.585075081169
-174.35101010101
-96.681096681097
-40.587953333559
-46.677329235435
-153.17011422822
-144.765053577065
-69.839757085363
-163.142045454545
-1.314574314574
-36.162878787879
48.413309292704
-35.257866753472
-30.080197200803
-199.853277473395
-26.520640275523
-32.793893172799
-205.719807590413
141.41532160331
-26.586031210543
-194.364017547123
-175.442813317325
-30.917297979798
-144.070456941062
-42.301870546988
-34.181034677128
105.975358354753
14.363085021532
-175.025703463204
-40.655913910308
-170.143385585768
-172.539764976777
-198.258469882982
-31.017607013212
-32.637002699991
89.199605570211
-192.93531506471
-89.774809337798
-188.922346018782
-31.468717588835
-155.245663245175
-168.552947865936
-194.974587532693
-26.977110319151
-135.32006800708
-160.473644790539
155.808469742064
38.829725829726
-72.090736466225
-162.666694850289
-138.889061513573
-29.170614487509
-27.023636899125
-29.065205627706
-173.309446304564
-29.232593795094
-144.853334545229
116.789582135529
-123.328525207431
-155.975378787879
-152.943692294034
-120.126360564349
109.04327736066
-204.437322090887
-29.654769655258
-185.070268815386
-35.574146881764
-102.189566564078
-195.67602574292
-173.591651024756
-156.765143764655
111.114808802309
-119.789780477769
-37.81735744724
-174.198170319264
-195.102084601596
-166.478998974116
101.659701789096
-164.951409322015
-88.938754875767
117.64900258162
-37.643856956845
-34.70202020202
-205.137082671018
-96.766767141279
7.244130056142
-14.51712789164
-188.493596681097
-196.229589420996
-29.461129148629
-58.806186868687
-148.860307173295
-36.059010867605
80.427120676632
-135.482392986788
-70.217692409587
-95.448670578553
-88.766885512491
-31.986832611833
-32.235933201998
-179.076659451659
-145.181186868687
-179.655766650884
-36.305182122565
-34.200036075036
-97.268235860277
-185.633379695391
-45.894570707071
-184.389332076344
-29.438033375045
35.390512265512
-33.416043104031
-41.060708930826
-196.98555730294
-94.177419423025
-57.378545499639
110.21818421379
-34.309884559885
-158.439291069174
-35.173693548205
-161.909923030528
166.201770072376
-35.871023995536
-183.377976190476
-177.422258297258
-151.306789998196
-28.221590909091
-36.688775308892
-87.435343248332
107.459207025613
-169.053383302895
-37.121420680014
-91.201569264069
-90.984237604843
-179.206689523584
-105.948953823954
-99.587744774756
-121.029942279942
-96.440553695436
-202.822879323368
-95.886662382756
-202.688381442776
-63.445276565882
-174.684351184839
-89.523088023088
-159.428870174964
-156.510108760597
109.671467042073
0.112636549648
-143.626553622159
-98.675414862915
-168.303488991477
3.579004329004
-141.308872063267
-42.522727272727
-76.973206535218
-50.018328513934
-201.934966996979
-184.940125656678
-165.809683751578
-30.007854070842
-88.880493692505
-166.767947330447
-148.180284992785
-131.262688266595
-90.071338383838
-145.978527603039
-36.947961760462
-166.577283014295
-163.896106362171
-28.757207256719
-80.779401154401
-82.954094516595
12.712850463339
23.296266233766
-42.199314574315
-26.894127519616
-174.630862193362
-34.061667878562
-161.48175392316
-179.093504097899
-166.034639785128
-175.951466393849
-158.226128472222
-168.483585858586
-31.149593028499
-175.175443046537
-91.316988946383
-179.889401830808
-31.999000186012
-19.59117965368
-194.592733275839
109.707349020337
10.537255225244
10.251515221974
-200.507756132756
92.219725153319
-89.589669363839
-26.741063678075
-185.84126984127
115.081898082386
-38.22112728851
-137.083160708649
-107.833964646465
-37.903027907422
-87.41215482109
-97.777076710182
-140.074613320707
-34.330447330447
-158.748647186147
-163.277770027282
-37.333312900207
-37.655331213925
-38.508567821068
-27.227120535714
-178.730040358947
-105.033196783685
-209.131423752029
-138.454274891775
-189.062852999865
-117.661157473169
-88.840916841405
-136.146735209235
-49.901883652372
-33.15576171875
-162.810224877119
72.039702972808
-88.271727458739
-185.4634944591
-145.162816783911
-87.803924428436
-171.231261414367
-112.980401109307
-199.997466996979
-83.921786926181
-161.17775974026
-145.77973372114
-38.69696969697
-167.815927128427
-204.888610575622
-34.937257620851
-182.24800812252
-178.685413002796
-167.841810966811
-96.895132265738
-90.408980288375
-76.717372525478
-166.983327978445
-198.899162523674
9.463383838384
-174.0558056852
-147.074023578418
-164.178591861697
-157.221972092578
-187.742875180375
-1.644037332026
-33.298270793876
-112.817981009876
-35.832431457431
-171.16827736066
-5.116792929293
-103.71167027417
-98.963502209596
-148.477543290043
-45.394578457567
-86.081892797957
-136.566648629149
-155.262548757666
-134.508006262401
-194.968253968254
-88.084235209235
-68.939136059253
-165.729246637694
-86.696528975582
-77.906377530889
108.224394474883
-124.329274891775
-77.588752339241
-18.018939393939
-172.317120000225
-24.2355826682
100.355437043425
-92.072498139881
-53.086572336084
-77.201651701163
-76.238144207138
-33.866542799648
-31.497773493867
131.171619233631
-140.711010777417
-155.338010405393
-40.028867779356
-90.646075712482
-192.710788831394
-94.630153375271
-29.750450937951
-157.2566943148
-39.649884024396
-37.632153003247
-38.097041847042
-167.429666362284
-76.680305425911
-36.374291181908
-0.871830751714
-139.013808917862
-73.942919005907
-51.887064703959
-189.417679163285
-38.219217848124
108.453370549806
-36.839999464511
-161.363198108315
9.712190966585
-40.962842712843
-3.18062531002
-200.252066564078
-120.353006910624
10.508284575667
-27.477009914998
-163.237193362193
-39.241792929293
-40.141664271059
-39.904491341991
29.242025091879
7.216839150433
-82.262556508162
-141.511945980452
-183.34326171875
-113.942903504915
-188.787989408595
-30.365079365079
-29.812237187725
-158.900605525117
-29.195186378292
-56.947613692731
-162.639492018398
-30.426489363501
-158.784624284136
-162.204565887671
-186.701007705402
-158.466713028725
-174.920815295815
-160.218071127007
-29.191017316017
-31.195449190566
17.461642090548
107.931158685065
-97.58439515129
-155.59805434366
-132.33658008658
-176.180256809163
-40.242493996889
-30.798438486427
-91.63914676903
-105.783701975108
-36.307101427219
-45.739427618822
-103.523698903093
-203.223575036075
-152.069817877435
-24.837038775027
-160.780823722718
-146.870851370851
-108.053762020315
107.792766884808
-187.499000186012
-190.662796350785
-30.230346855835
-181.219446840052
-33.830336709731
146.181117114223
-77.589087372046
-98.681436998332
-37.066545758929
-161.745789366883
-37.88743813695
-130.325556767451
-192.26815588925
-174.88083400974
-108.258727763122
-89.804805871212
-39.076581946699
112.978473349567
-177.591470649576
-180.196887259876
-119.080988455988
-164.081681773088
-198.852465785083
-190.173680865575
-33.806439464398
-176.34995603355
-166.721402783414
-90.049062049062
-27.791859724477
-201.547258297258
-194.433962250857
-155.55571549761
-144.749729437229
-85.328254644661
-31.237443491838
15.374098124098
-39.446786855722
-39.184642180736
-37.990800865801
-34.42106542546
-34.534701789096
-198.26928746167
-30.410992598981
-165.718532281521
-157.455988455988
1.87022005772
-87.535201343795
-174.352362914863
-54.805645743146
-159.565463507846
-37.556076247971
-31.564832194715
-151.157995975379
-150.235057043651
-162.531475468976
-172.058449308938
-26.943264255276
-32.40645503585
-110.041125541126
-189.080968022863
-38.577553577065
-29.256944444444
-159.194083694084
-37.068300189394
-94.30503486314
-46.253955571338
-193.711219336219
113.555014430014
-175.220398037293
-179.169642857143
-159.654110158505
103.179543058938
-35.295302353896
-40.428501674107
-94.113644114132
7.566988946383
-74.876340131223
-154.92602574292
-96.693751127345
106.347931040314
-15.480339105339
-39.02893753382
-90.476440605835
-36.041944979933
-164.816189940702
-33.924803982909
-147.070957200352
-33.421536796537
-190.577721269616
112.137806637807
-27.756125005637
-154.514422263934
9.291744171627
-80.573219640602
-50.754849696744
22.990262206327
-89.224286320234
19.20087594697
-33.477723665224
-144.436987058081
146.572750735593
-39.113247429654
-148.285894660895
-175.554092120987
-161.032640157152
-161.900773217668
-34.070629565747
-206.282738095238
113.659381904987
-186.852571473665
-107.590290460408
9.429553275501
-109.106601731602
-110.049713795319
-29.680305425911
-31.411886724387
-176.87020737509
-174.455730575848
-153.408091095103
-37.804583925189
-89.656016780528
-172.347464601371
6.428829308712
44.703535423994
-37.349629103535
-166.491501933396
-170.677587115575
-162.062049062049
-154.005313317325
-117.823953823954
47.015151515152
-201.326770072376
-56.499258066153
-197.594086089692
-173.196158008658
-160.498905066288
-131.646436462843
-35.817107317596
56.514048830943
-163.707258832747
-78.54329004329
-37.417207792208
-150.633054879149
-158.744498556999
-30.686224691108
-181.908890100785
-190.849116161616
-137.397699089105
-163.554132987238
-36.952811457206
5.184784155731
-180.227710982594
-77.707153144165
-187.43264255276
-108.944805194805
89.225198412698
-24.433170995671
-170.16168591608
20.626865755772
-35.536005281611
-154.457513894526
137.738466205019
-107.540043290043
-29.652695340684
-131.781184473079
-155.95871451682
18.92659751815
-152.813950751939
-179.320366753472
-0.434513592961
-31.09136002886
-148.606491110886
-39.290223665224
133.175435296041
-29.02581408392
-2.070887445887
-83.442903504915
-30.951360705267
-170.030032467532
-189.613566609172
-155.542810921717
-165.71167027417
-174.748659868777
-110.42346138562
-79.467004024621
-107.454455266955
-154.376352813853
-153.517468208874
-31.801033493416
-161.894050014655
-178.667486105474
-189.541576479076
-131.94131606241
-96.080148584055
39.414051226551
-121.91351010101
-205.817730880231
-158.836752711264
-190.014680144075
-165.702102639114
-174.508928571429
65.707328587211
-41.386662382756
-28.90393753382
-196.730519480519
-160.113198108315
-181.718073593074
-34.990239307134
-140.664682539683
-147.609990459844
-10.832882395382
25.021436462843
16.43202674062
-187.867805425911
10.417761600379
-33.336031210543
-90.285714285714
-138.030233275839
-173.668831168831
-93.306998556999
-204.247023809524
8.693895568407
-29.005411255411
-86.066447820842
-179.64926046176
-172.808421125316
-176.817029812635
-192.030491155979
-32.991079179067
-177.251631127119
110.298992294598
-164.729056045951
-44.894771515377
-148.541027603039
-172.593815526921
-94.845701715819
103.58667027417
-88.592532467532
-91.681269305781
-143.21818421379
-103.777687590188
-177.456537332026
-87.805284992785
-164.88637138686
-167.343426592938
-161.34526627886
-89.236892149734
-67.938234183351
-196.209317646329
-100.735036610525
-33.128176998782
-103.19609600469
-27.834137271149
-181.954205137311
-128.858418166035
-174.153035657918
155.956356956845
-188.905962527056
-200.168047664141
42.764332076344
-34.260003072015
57.633379695391
9.894939207927
139.365911486517
103.984549738456
-165.183712121212
-24.791604662698
-172.460255456349
-197.150342712843
-36.998389306006
-160.820245916193
-0.865710678211
-169.88961038961
-118.180527371934
-97.704532771916
-167.057269119769
-96.2113997114
-156.389589956484
-161.489017547123
-161.926497113997
-139.914662106557
-78.498556998557
-200.975677534271
-174.048693548205
-182.989718614719
-82.260824976889
-38.110098614493
-38.489107734713
-38.809155308667
102.186307128202
-163.073044197556
-147.052416956958
-27.749971816378
107.965530373489
-187.169745727363
11.557830678436
-110.039571918966
-95.817903504915
-119.596688847177
-211.836613554631
133.704347112306
73.34146289908
-156.874729437229
-95.78267609127
-197.104797979798
107.793748731737
-160.279290533685
-196.973935786436
-192.494761369273
-3.976378601867
-157.102373131426
-39.080357142857
1.73375848327
-107.916243912338
200.317828818317
-155.349304287293
-161.161005281611
-24.847152467758
-34.867493996889
-177.778339336445
-41.92603842555
-189.618534677128
26.141316203328
-39.207439207927
-160.558982683983
136.764069264069
-132.101370851371
-46.073773448773
-144.460788831394
-24.896041892136
-28.754316321699
-39.518676581665
-178.398789090684
-34.212714125068
45.873446377841
-99.825549016955
-198.063401875902
5.226641414141
-108.981052855565
-185.15203584393
-105.8531950363
-27.095619278725
-30.874265816649
-153.721861471861
18.038953288465
-164.390061327561
-34.263688080583
-162.018849206349
24.212579900568
-139.244588744589
-169.480942234848
94.983323046311
-31.348394660895
-169.649981962482
-188.896263838158
-34.08866215165
-33.207168645157
-97.054383116883
-33.670212166306
-26.51939033189
-192.731228298611
-154.821248196248
-49.469336219336
-154.662961224973
-190.134850880456
-19.927780173386
-2.639783014295
-183.233866637919
-205.353146419553
-39.025254991319
-28.200749825262
-183.418259393601
-96.758817950712
-161.991341991342
-148.398170460182
-188.364448051948
-14.108843738727
-22.30292743281
-33.792720734127
-131.50716321981
-152.610139480745
-50.545704675099
-197.136884328779
-134.316370315882
-144.758740445752
-194.512507891414
4.523067589962
-181.171418425325
-30.209042151425
-41.326216264205
-114.825577200577
-34.948523319129
-45.692981009876
108.705238771645
-97.485036610525
-141.062950937951
-29.897719522231
-153.981413605925
-67.464728901741
-134.53869047619
7.965197806751
-160.212961084055
-197.179653679654
151.387265512266
-53.39508364899
-93.878143883027
-176.618297934704
-96.102695481602
111.686878903432
-84.998106060606
-25.801657056052
-81.388548571654
-41.53392321654
-95.786976911977
17.980318672213
-136.215978845373
-31.777958152958
-36.694364473417
-174.473963970058
-40.941468253968
-35.11334536774
-92.571580762987
-137.515249453238
-43.869220243732
87.255210447105
-36.397809709821
144.682178932179
-117.735742610254
-151.81251268263
-185.355449726055
-26.937507750496
-30.43577868529
135.651847718254
-93.975296350785
11.130749106579
-28.510281385281
9.76643457454
-71.371683492289
-86.000914558532
52.845315600198
-168.844807590413
-119.947871572872
-181.941718383613
-27.907459781972
-107.695637316243
-170.610131730249
-25.960567589962
113.71817153116
-160.852432669327
-197.375352999865
99.016426824044
81.923881673882
-157.38083400974
-171.563672438672
-164.797085672574
-29.972845784858
-206.893599076705
-103.329836450442
-170.71236359127
-177.989357864358
-28.879579133974
-138.28623497813
-158.433101241207
-97.378434878923
48.553148674242
-32.054625496032
-89.891081574675
-32.286466436125
50.048258111246
-36.858142671131
-42.52397721636
-43.850538729933
-49.146887400794
-23.260211630817
-38.131575943588
-165.019570707071
-182.933810059298
-184.075749825262
-34.95212307224
-199.399350649351
-65.728347227859
-94.873577431683
-30.032918470418
-117.138417517812
-166.010904947917
-31.232171040765
-36.557748241342
-192.057449494949
-103.422987548476
-166.545802613185
-185.282037027642
-26.930846551452
1.058632150185
-178.913863100875
136.106429106917
102.409632034632
157.586842898855
-29.108573175956
-180.47132034632
-185.265983636589
-168.734016363411
-151.650440650929
10.974927849928
-179.227633477633
-165.025420217803
-168.917220474838
-192.517496392496
-28.036858540765
-35.708596145608
-91.91830272592
-32.005140692641
-123.332050273945
-152.765089511183
-96.609217171717
-192.125922309028
3.474469161481
-155.157988224883
-37.403208282603
9.832591399486
-188.089798656205
-172.206501397908
-152.319604386499
-32.924242424242
-36.421729854347
-97.92679586039
-171.462932900433
-111.9740055409
-182.268037518038
-91.606872294372
-105.209944027327
-43.144238140332
-82.010670319264
-144.552460993867
106.474767907873
-30.676136363636
-25.833230463113
-40.603277473395
-28.179553275501
-123.978633291622
-35.767316017316
-159.792117604618
-160.161193407287
-90.520382395382
-187.390331890332
-169.626463434569
-30.715919307472
6.468787343299
-23.801239233856
-110.888971325983
-6.012386349545
12.235938486427
-27.754426942415
-131.515491832386
-193.125639063627
-156.889139018534
-25.451381138393
-198.409910347899
48.156114718615
-167.404130591631
-26.260281385281
-29.785992598981
-32.985216985705
29.936245124233
142.189383722831
48.44992545432
-31.002352627841
-180.791027603039
-185.301053926542
25.586299307247
-180.784479843074
104.494230460295
-155.560595844043
-176.10082972583
-159.158251037157
-188.782299839917
-202.799054298566
-34.29119529559
-173.761343203238
-40.083062770563
-171.757194574089
-25.19496513686
-33.30637746043
-32.661177906295
-174.51920995671
104.219524345013
-156.47094691333
-160.366501933396
-152.684536492154
-113.308884745896
-35.443653189259
-44.908918284407
-30.607433853039
-92.192017130005
-19.597144717262
-37.305658425776
-105.404852092352
-141.057712307224
137.193882885777
-95.971292162698
-40.238087487599
-128.494068052174
111.92928271273
-193.700556767451
-69.824773262762
-89.344537027642
-149.607130174513
13.673701298701
-27.475767721861
-29.188504746122
-31.715806220689
-99.173077736066
-30.067661125767
-99.118977864583
-97.685487689394
45.23747167546
-169.34623015873
-81.402790460408
-87.880058255547
-33.277326839827
-140.551940301452
-177.998577431683
-97.629231066243
-31.902244402733
-27.8729052523
-194.292125355114
-153.283176350559
29.862283549784
-143.201569264069
-173.993686868687
-32.085199089105
-71.719794907783
-34.051476680871
-156.326216264205
-157.358946608947
-195.241349741838
-36.238935110029
58.273629148629
-7.707874644886
-100.987283549784
1.267885326479
-175.575909767316
-178.009309754915
-36.934523809524
-10.487353304248
-198.52876984127
-168.679390867379
-150.652584719968
-81.60838505028
-88.980692105204
-29.363193176181
-40.314393939394
-192.841872970779
-149.039211168606
-35.331439393939
-189.594336219336
-40.114288109894
-189.020029395518
-81.841790533685
19.035907343525
-145.559072871573
-92.112742238231
-163.616785178797
103.87759500699
107.151262555804
46.695606666554
-68.275100333694
-50.325945701434
73.459224992672
-36.674803982909
73.531135151741
107.472943722944
-156.982495857008
-149.46997774903
-32.438790809885
-112.094877344877
-161.601363100875
-28.471299913194
-157.44445219494
-94.797356235345
-56.389971139971
-34.865099798205
-40.455357142857
-37.591999092487
111.8511002886
-171.331140647547
-147.039502164502
-167.664862914863
-168.089556277056
-144.629800375406
16.365267490756
-176.563422309028
-38.080779897186
-57.251360564349
-34.931346810741
-162.451138759244
79.094336219336
-30.77513415404
-40.501955943362
-181.656024531024
-101.561500186012
-147.369034936418
3.639360259966
-165.316558441558
-27.671917980023
-94.127435064935
-36.788981472087
109.872016059028
-36.325334821429
-28.931900618912
-28.697191642992
-156.668228039322
-35.706099076705
108.611930549919
-206.446528975582
-144.553501674107
-203.228986291486
-28.031016780528
-30.765873015873
-149.244929061824
-48.556720243732
-35.542308196361
-55.80476430037
135.311299377706
-113.727883607278
135.467921401515
-87.120240490846
-39.602334731241
-35.744137806638
-191.470681282693
-159.646387141504
-206.792576293065
107.280503838609
-169.188922568317
13.735900086242
-44.032356911751
67.78363997114
-185.067578688672
-37.602625727137
-148.773276148764
-101.744047619048
-187.573675510687
101.420446794959
13.727432669327
-98.605248917749
-25.112303982909
-81.124368686869
-112.280947026064
-35.526808613479
-138.028236466225
13.642704951299
-163.779429338023
-192.3191943148
-94.194436693948
-162.48853842555
-160.40108464669
-105.392766955267
-1.179354933261
-74.329146304
-132.34832490643
-190.323474702381
-99.633758412811
-194.069805194805
-163.781212656701
-34.910817155934
104.533341224747
-156.307838428932
-185.114259926272
-131.801690171807
-128.958346015963
-31.137077386589
41.126373246979
-23.040043290043
-161.774628962617
23.096619092713
-22.450224200712
-162.648276148764
-31.747113997114
-139.504651354505
-84.894488269977
-115.777958152958
-167.97322203621
-33.557789812184
-175.511170578553
-146.670647603265
-38.83388220937
-47.020452149847
-37.872843248332
-96.839313897908
-104.154401154401
-175.647907647908
-41.781104502052
-186.203906390918
-163.705545268534
-42.273531210543
-205.162507820955
127.489448051948
-31.324404761905
113.51711520901
-35.250832121438
-11.285693852588
-101.435446118552
-37.501380997475
-193.425110832093
-188.673680865575
-41.580557951163
-180.523170460182
-80.655934343434
-43.871314991432
-217.846147721636
117.471799467893
-38.775170088158
-40.741973304473
-84.716901154401
134.785912627954
-79.017578829591
-36.672721917839
-173.558523995536
-27.64221807923
-186.283106596095
20.141792858834
-107.559193708852
-194.917014734398
-139.364267676768
-32.907099031611
-185.326208513709
-34.595508658009
-73.820129658753
-32.826126076614
-26.631145438763
-105.800886233992
-172.779831659226
-40.509552134064
-199.97113997114
-33.157970257824
108.667839105339
-29.488012801001
-154.600198412698
-172.366632987238
-141.70488577178
-164.976301096907
-34.274633894751
-130.404483591495
-35.937028628923
-191.716733461851
-97.977355164367
-33.170807545319
-154.283258787653
-40.780475654987
-143.358245541351
-201.664231601732
-208.692883071789
-38.873930431548
-142.996392496393
-33.60101010101
-191.57693001443
105.752144069039
-160.809343434343
-194.739620676632
155.553401269954
-103.091470649576
-84.040952916441
-26.93480212279
44.813963434569
4.676857864358
-98.292576293065
-184.816488687094
-32.678370620265
16.87510287022
-187.622392310381
-112.391323953824
-112.262896825397
-108.737886679293
-31.729256854257
-89.037420099432
-34.708665900072
-200.643508889114
-86.831287202381
3.62222461783
2.534000721501
-174.614816552805
-170.906204906205
-41.479625355114
-178.229437229437
-184.667478354978
-186.625881442776
-35.921093609082
-11.299783549784
-188.958443954049
-153.374288715841
-73.156287343299
-30.265061327561
8.806449680961
-66.922807173295
-193.422528860029
-86.068452380952
-37.724567099567
-88.02982390873
-121.35857810809
-153.746580622069
61.013626076614
-33.862095424107
-130.838195712707
-42.186798932404
-94.512265512266
-38.826028138528
-176.486804428211
3.919552669553
-148.989267676768
-92.475406971501
-33.737451242334
-179.265963203463
-37.466720779221
-188.338273217668
-149.66358760597
114.189393939394
-199.311848253743
-38.504148629149
-39.033189033189
-26.206058210453
-19.845897591991
106.157668340774
-171.798979611968
21.072871572872
-187.415646419553
104.341081715593
-33.262556508162
-73.462932900433
-122.420614487509
13.560335497835
-105.903687404176
49.386572195166
-31.156302844291
-197.823350694444
-190.001345063357
-33.989095052083
-104.147567330673
-34.723124098124
-204.093143347538
32.224324720418
-205.238455988456
-184.474649536661
-57.191115254104
-143.198302077697
-37.512876392271
-29.084415584416
-186.518057951163
-96.027244402733
-29.865280173386
-186.309425871438
-183.621294558306
-93.752976190476
-173.437497533933
-83.256583694084
-57.848304473304
-164.199605570211
-33.517406204906
-154.430555555556
-141.424615857233
-43.102605294012
-34.271186333198
-24.737012987013
-31.306166435561
-196.72095959596
-104.474997604392
11.467171717172
-146.180305425911
-173.266676953689
-169.890143764655
-205.664038543921
-190.773345903229
-175.732233044733
19.313880997475
-103.652958152958
-33.158750591856
93.849268353175
-170.059776405235
108.606333634898
-46.800783363772
-29.79597523787
-50.341908904897
-80.921820041937
-166.935536306142
-28.402236652237
-119.296606551001
-35.916674417163
-189.760363822376
93.944354256854
-157.611013173025
-126.001283059389
-144.769140202246
3.528035657918
-102.087461529356
30.428682049288
-121.755578947962
-27.810085368191
-38.799595424107
15.120693894864
-157.838834776335
-70.331405925888
19.527597402597
-158.540396289908
-64.170704675099
-203.536976911977
-32.705527301475
-147.248855744949
-34.075556767451
-114.265171948277
80.876414817821
8.820596449991
-172.376144255051
-142.443715193227
-36.731671486066
-166.311856004239
-41.191447820842
-86.607774170274
-197.450757575758
-147.259070546424
-37.447858890242
-156.41560484871
70.042826422709
-36.930354747249
-31.379710187816
-54.735549552444
-37.503156565657
-148.740800865801
-163.824224386724
-41.701216264205
-165.533389841495
-200.259011008523
110.042576293065
49.525633708739
-93.472214471726
-93.97332490643
-38.425595238095
-176.153519711625
-80.932727808216
137.815123190611
20.537736812883
-31.937159682765
-95.81945219494
-186.198121702516
-34.408840779446
-112.723103664998
-28.922088138641
-87.188028442911
-34.031307776425
-23.609016363411
109.261703953598
-116.925775613276
-81.68032339297
-92.852190290179
-147.104465413059
-152.863989363501
-29.977182539683
114.31364425505
-73.235361426768
41.099105945053
-183.12708206507
-144.390143764655
-32.064476376488
-42.391844646239
-184.903118095013
-40.302460993867
49.428821558216
-34.544470232459
-158.81239712978
-167.161824720418
-27.814291069174
-157.615538053526
-138.884954102972
-34.208954429902
-196.403318903319
-39.29855157321
-179.904491341991
-39.16532160331
-140.059134875541
-174.073585323097
-38.68341337482
-34.855859797754
-40.538157101145
4.371670809659
-179.411456219562
-150.66160841112
24.457792207792
-42.136904761905
-3.469864662247
-180.809982497971
-146.783910533911
3.6684831011
20.332503677963
-49.210415398404
-37.552329235435
-148.247773493867
-172.598747660759
-184.651605339105
-156.216089466089
-36.047611297123
-162.554834054834
-193.028416841405
-74.304743867244
-178.770049828644
-150.848206535218
-33.971222408234
9.061896870491
-43.588213679766
-36.725566913555
-157.792568542569
-86.501380997475
-37.008400128517
-46.628780128292
-167.061881369499
-95.078213073819
-95.045176232188
-39.190135873241
-147.120031932044
-36.951208513709
-43.422335802219
-31.46159276921
-219.614746798341
-184.532557720058
9.243686868687
-157.897214330808
-173.893217893218
-215.891073824179
-171.882596190702
17.647346089241
-173.840277777778
-89.404223245288
-62.996031746032
-94.433433807946
-176.664051226551
-91.226090072037
43.556998556999
-30.239607994003
-91.05502218051
-90.282738095238
-181.164494414006
-88.471132220644
-131.679272496167
-182.890262135868
-36.537239724251
-77.07474507914
-34.415396289908
-30.989989177489
-36.34909572849
-160.79728648088
-40.699425195031
-42.855852047258
-37.726723851236
101.604617604618
-183.292818672213
14.05312049062
-84.941365383748
-151.851661847267
10.986680420274
-172.991875366387
-211.75955988456
-115.12691437252
-113.184766188672
-89.273456523945
-39.749917562906
-157.720879624932
-159.47697398088
-185.787711095328
-105.796910229527
67.891692454681
-86.726989481872
-27.663128917523
-144.792138037744
-171.535984848485
-196.063790809885
-155.210425614967
-35.378329190341
10.593323722718
10.370961991567
-40.593496347403
-155.840736466225
-155.166916796311
-175.027236652237
-155.997392310381
-166.382312945301
-29.38933982684
-37.07388406949
-170.666646233541
-70.802829494724
15.497284155731
-151.026126217532
-84.413427663916
-110.544475164592
-192.066017316017
-184.128004374098
-34.938303937816
-197.635191197691
-32.225018037518
-214.162796350785
-140.480619884673
-88.924345294462
48.858212425595
-165.999847808442
9.856589048972
24.016426824044
-40.887376132982
-36.011904761905
-180.914223851236
-98.918738515174
103.35370797822
-134.379501629013
-27.739149305556
-29.764873201885
-118.675878483496
-32.91141535331
-160.0180477346
-37.079939320662
-105.400703463203
134.4362475903
-175.013958643353
-144.867604617605
46.454733580222
-35.918650793651
-146.870961991567
-155.506423752029
-182.547160359172
-135.419191919192
-144.889963389475
-151.095606596095
-118.84119233631
-171.777597402597
114.506571011454
-118.677107994003
-157.25533903488
-37.707964832477
-188.199605570211
-87.683730088271
-32.411969161481
-164.802128427128
-169.006313131313
-57.84117965368
-155.02017383658
-142.192620259515
-163.674069799558
-181.04309698548
-182.638860705267
-38.462002840909
133.740780432675
-183.254841946248
-181.499278499278
-42.043400664006
13.724657287157
-77.429390867379
-35.342081529582
-169.198134385146
-91.606248731737
-99.043192105204
-148.192759063853
-113.398969465864
-143.370753432765
-195.193702510597
-182.137092887581
-32.184856376263
25.564484126984
16.015860333243
16.903589466089
-198.629226134109
-156.75
-150.746565121077
101.143488455988
-195.937597938086
-167.768287647682
-120.295536982549
-107.133374763258
-205.208704300257
-64.597430781025
-153.282196969697
-72.160964415359
-143.375069754464
-90.797348484848
-78.588744588745
40.370740750135
10.098322440363
-33.732753737148
-115.064865310471
138.195696854144
108.863107920725
104.49618393759
-39.140414327426
-92.794384977002
-176.591700346095
-31.95852145901
-154.633207070707
-36.373987503382
-139.290195481602
-35.57501564191
-170.184224710836
-40.311147186147
-31.304120304609
-99.393225643714
42.07952502142
-161.251360564349
-10.098644790539
-169.783529350424
-139.455266955267
-106.945103941198
-106.755952380952
-40.855339105339
-155.302579365079
-19.364705932089
-150.512273262762
-71.06936200735
101.484106551001
-163.33476858428
-169.185806868912
-89.510441327336
-163.725809292704
-90.032176536571
-78.273608715503
-93.546877113772
99.061577690972
-164.118055555556
-187.029393403905
8.160907343525
4.609016363411
-164.180555555556
-24.781856652462
105.763077200577
-38.561245124233
48.873917748918
-152.66073471884
-31.95574607684
-94.222144717262
-198.594544778138
-0.815025252525
-69.397997835498
-196.944632570121
-94.474739724251
-93.220250777868
-109.495248241342
-29.76461038961
-92.948863636364
-139.333271329365
-37.935245310245
26.168820952268
-33.157807849702
-26.494756437139
-184.751172438672
10.489891239403
-142.344065656566
-171.77035421176
-151.641476145382
-34.833443954049
-130.359106551001
-157.944506448413
99.266924617266
17.150262741815
-30.399788904672
-43.39411976912
-40.243658685065
-29.403439740598
-156.606872294372
-29.621810318588
111.918563072128
-25.892849392361
-159.496044428662
21.344248497813
-39.35082972583
-163.994962177579
-195.087765207882
-40.552301051813
48.363205858811
-170.748266002661
-120.291596912202
-137.794011544012
-185.302579365079
-32.998118743236
-190.862804242199
-47.906274660669
-146.708694083694
-33.466422032828
-93.589708468615
107.518828773223
-43.446178441784
-93.389831983338
-85.712384024396
-149.628329190341
-157.752373060967
-199.576118326118
-132.817890822285
-169.915785223891
-37.92164988332
-168.281295093795
-166.414043476055
-174.761121257215
46.512917258523
83.007854070842
-144.405323463429
16.68398515005
135.87987012987
-33.965527907422
-39.914772727273
-25.762819320437
98.472059814101
17.831447144435
-66.803471024418
-72.527236652237
-152.81555862757
-163.68950456011
-39.696699134199
-23.693632756133
-79.568702510597
-40.860139480745
-31.251180189168
-171.559072871573
-4.984918239313
13.138638759244
-102.837031024531
-29.648057373399
-155.348587718705
-99.411997345103
-162.749356004239
-39.867707487825
95.086920403815
-30.062860750361
-38.035255597267
-73.734286926181
-85.716963158369
-41.224579782197
20.402950402462
-69.363365800866
-30.263069450081
-36.115960807855
-64.011064889971
14.719704720193
-27.952138573232
-150.885802077697
-201.897018454636
-89.899363331981
-168.829102267091
-155.097673160173
-192.031377530889
-206.497855930961
-172.25191437252
-27.38282588722
-27.763958643353
-67.416133291622
79.952283014295
-136.394009148404
-164.360402293019
-25.72783428594
-156.85883598823
114.563391659339
-26.840367965368
-161.064553881448
-153.206501397908
-38.50494763483
-35.558864312771
-28.711948587437
-35.617805425911
-188.023997649486
-164.59021577381
-145.322248010236
-134.759108946609
-140.631305380817
-26.868715052309
-157.126643809749
-134.724206349206
108.803849741838
7.465287994341
-35.22810484871
-180.067439884334
-32.633309940927
-23.930305425911
-30.196789321789
-203.684696434208
-165.499098124098
-186.186438182044
-153.87012987013
-157.174144486156
-178.032258973665
-36.717331659226
-192.313319438808
-39.529200346095
-143.41838023088
-188.94054594494
-28.058892496392
-160.781905973801
-189.944243636138
-25.959693897682
-32.808784341743
-39.916576479076
134.325659637671
135.741153865666
0.477264976777
-88.5944059738
-55.689574314574
-173.437299191694
-118.514778082161
-128.644681327787
8.977703232098
-209.84813184862
-203.058802308802
-161.712682770788
-147.532738095238
-73.333771588654
-33.730429292929
-191.773366336355
-27.641586766098
-200.29347041847
-146.899613461625
-38.922611297123
-34.068189568678
41.926685239674
-36.056026926632
-192.590105153093
-193.249639249639
-93.415313852814
-61.92575518015
10.505230880231
-93.177821744228
-35.475371037383
-81.918740981241
-159.793941789547
-36.083263578869
113.259678255772
-100.837649655032
-191.033361657873
-149.673881673882
-37.375188125676
-43.102535539547
-36.072969510958
6.947268443362
-183.152486781881
-155.277667157062
138.66693476337
6.170606737013
111.539953102453
-27.724935600424
-163.804202741703
-58.604367474973
-81.698162568768
-135.900252525253
-85.03182846884
-89.391491646374
-191.672049738456
-27.314102943497
-189.064746939259
-82.552677303166
-106.035075222087
-200.533189033189
-78.582632265738
105.721503187568
-137.335941022953
-128.635101010101
-169.127886002886
56.839386118439
131.31097702753
-32.640540449134
-171.371302308802
-30.10292447353
-38.541498974116
13.507305194805
-157.948863636364
-163.416756854257
-142.040772541261
-129.069333823728
110.236943232549
114.336407461896
-162.508309940927
-93.084595959596
-43.904388471771
-110.294560420049
-98.870851370851
-176.298631544237
-35.406204906205
-108.005223129735
13.964295930849
-169.467372525478
-39.072407952291
-29.13647425708
-0.041145974251
-143.872113997114
-35.775272958378
-33.187417562906
7.520985524892
97.460497835498
-157.00850053267
-26.449567170026
-173.055563306052
-40.302218614719
-142.011433390828
-195.907454849838
-76.342803030303
-87.967352092352
-24.570173695662
107.487020737509
-43.540043290043
-10.29336754825
-38.310335497835
-162.523350835363
76.525633708739
-169.78659572849
-100.435758252164
-170.813381442776
-193.64630470441
-108.313943001443
-126.72035646645
-145.379968067956
-31.681199551317
-96.594696969697
105.031204906205
-189.785250665133
-100.665646419553
-195.020985524892
-165.439233997339
-100.738082555465
-208.607503607504
-151.475489408595
3.645181587076
-154.747016059028
-169.844987965593
-177.211912301024
-82.447580576975
-27.279929597312
-184.075868196474
-94.420714891662
-35.711837966721
-95.09603710092
-156.161177906295
-117.778409090909
-27.456560231218
-143.391705137311
-144.534722222222
-107.801759926272
-174.206091326208
-36.932879999775
-25.952922077922
-33.023080272592
-140.250332566739
-120.624827375316
-46.41142803594
-146.363074804969
117.694722757711
-196.059876809389
-191.896096145608
-166.374827375316
-37.2886002886
-110.974935600424
-162.678022552534
-165.091818717307
-94.754336754825
-95.935217126623
137.508658008658
-91.99034992785
-26.055916305916
-150.686696062184
-198.556359493371
14.622482497971
17.076729206124
-26.147005772006
-167.682970187365
-102.962654587166
-203.218635151741
-167.595516408505
-174.27703584393
-86.788579855474
-30.794274356286
-201.287260157377
-200.673402552309
-43.46340427151
105.845779220779
-37.713667083784
-164.983044733045
-185.628136132531
-39.598755411255
-87.556457431457
-6.06059831011
-173.583596145608
-3.56545575735
-34.537497604392
12.112025669643
-103.882215007215
-167.166243912338
-35.26747595937
-22.940927128427
-156.130972814078
-181.275945842352
-86.359307359307
-182.321088254194
-89.889458198052
-29.29434411075
-196.7738997114
57.862020737509
-36.759928385417
51.39267430161
-22.940829190341
-37.047139926046
-37.18072818024
-31.316759249865
-40.075765326254
6.101017851506
-38.556720243732
-37.433088558577
-29.577283014295
-26.385634385146
-91.541105108
-148.731269164863
-39.560245310245
-96.286636594742
-161.066287878788
14.26155176204
-145.201729206124
-39.095320532332
-129.311577690972
-72.203483636589
-37.365870620265
18.362303982909
-202.331271701389
-108.188249684343
-29.086301773313
45.860041542659
-160.405836405348
-18.002816248422
-147.470717216811
-197.52311620671
75.872371877255
-31.982621978716
-198.563644255051
-73.784742655348
-96.506063001668
-47.071531441649
-33.72601010101
-89.127795815296
-174.005890376984
-188.055437184343
-134.251803751804
-101.252525252525
-165.060155122655
20.692480750586
14.091352278364
-132.915764790765
-94.518024835408
-215.042666480655
-141.473747660759
-25.57215007215
-173.59986584596
-27.797160359172
7.956349206349
-176.378599753111
-191.791313666802
-101.44542875744
-141.298693548205
-126.072593259605
-41.697219826614
-85.206792393804
-169.588461343344
-146.590847086941
-194.145292207792
25.209333147321
-1.872191502074
115.530024717036
-185.798621327674
-163.759289321789
-185.83353414164
-35.216970908865
-49.327922077922
-32.146645021645
-195.268751268263
-154.76815588925
114.527687590188
-161.252512569895
-80.23347523787
-156.584186240192
-43.18550812252
-157.851829539818
-191.733127170139
-138.101829539818
-86.489440301452
-38.317550505051
41.685954128337
-154.02616215165
104.007415815521
-108.344967532468
-147.524628962617
-40.080073897457
13.698044197556
-163.377726060832
-157.823149886138
-111.905483405483
-82.980248917749
-48.890713073819
-160.083894892
-152.556367243867
-29.976350418245
-149.761925195031
-187.881042568543
-160.504939884334
-153.516774891775
-184.01721807923
-99.146456895969
-33.127517502029
-147.459415584416
-145.873474561463
-24.808603966563
-170.288592538104
13.934503376398
1.578110203598
-160.521194083694
-25.820276565882
161.062358025004
-154.664314038826
-101.412587791982
-94.592512034407
-164.02138220937
22.302386307269
-102.47085144131
-67.618235930736
-181.15271577381
-187.069825627931
-38.700126262626
-39.776424963925
-166.552587115575
-143.006305380817
161.73585323097
-166.76939033189
-53.719815340909
-95.441029998647
-131.857753737148
9.384026509515
15.416326349432
-78.963453592848
-164.073855885868
-93.797799422799
23.110778544372
-70.596660663555
-191.93922131471
-31.925384213226
-144.614267676768
-38.188201067596
-203.448490203373
-124.228166852679
-27.033812595824
-166.626324630231
-27.737554112554
-153.482315481827
-38.460920589827
-198.832702020202
30.838994718389
-194.871011312906
114.175123867018
-159.705918701524
-95.8623941705
-97.421194013235
-33.322941327336
-197.80782292794
-38.195464691558
-177.715167157062
-58.232142857143
-50.641581833965
-30.550484617379
-186.303493923611
45.646276520788
8.00277538217
-180.398636899125
-31.030663780664
-197.004800375406
-157.20337548194
-137.125639063627
139.118715052309
-89.522266118213
-80.232771704207
-26.210289276696
-198.692390562996
133.62032292794
-91.276973839962
-23.665792974387
6.271645021645
-87.805424149418
-182.426948051948
15.578352582747
-38.355728039322
25.346382350289
-186.760933131539
-31.474907416802
217.714888843795
-96.104957921852
-205.4972119352
-75.356789857278
22.58370183419
-18.395382395382
-147.211038961039
-176.191476004464
-33.892704951299
22.705936668583
-88.051968485074
-94.77426046176
-174.640880766369
-39.260351139746
-104.012654446248
-167.545274170274
-80.284562280168
9.189455943362
-40.466901154401
-31.417646047529
-169.320268815386
-168.732135106647
-130.137085137085
-152.354769796176
-151.812873432991
-160.89229558419
-140.404408904897
-199.191921657986
-35.82005532445
-30.58380470441
-142.530746217758
-30.385814760326
-37.691476004464
-87.453192640693
146.291877691536
-100.903228715729
-196.871212121212
-78.03623497813
-157.104264604753
-210.533160849567
-37.27398989899
-140.916563796447
-85.74340855542
-35.186598124098
-176.68071549761
-80.556058280912
-0.429042799648
-10.915481545364
-26.625388933983
-153.354228670635
140.39411976912
-174.462842712843
102.862296232413
-193.830800330312
-90.074404761905
-32.222943722944
-36.341568587662
-26.647649767767
-146.856782106782
-191.902798210904
-98.230256668245
-173.76616401177
-192.214125772231
-142.181457431457
-196.182622119634
-158.974665037653
-125.365017361111
-30.475899480294
-95.27626502187
-166.157828282828
-179.703893708288
-89.287165037653
-152.881292698187
-195.853154170049
-157.903852278364
-190.518210142722
96.154699900794
-38.522005772006
-40.151507401019
-35.119609177715
-177.14134438695
-130.520472582973
-28.496031746032
-174.256866939484
-34.639527952516
-27.782114532603
-167.597332842938
-184.544380044868
-37.583854025749
-202.164612785218
-146.522067775974
112.48205513562
-199.179465553977
-78.854506983902
-79.708214962121
-167.173080202133
-35.098214285714
113.715007215007
-120.388806451795
-193.982240795229
-40.592434529446
-40.925865800866
-175.017746522141
-28.712018341901
-95.045794862689
-135.468802844291
-48.507936507937
-165.209137271149
-37.861569799558
-33.143558210453
-190.834155238208
-170.478867920274
-165.113365800866
-102.017934647817
-173.581148398043
118.118207747114
-97.577442956349
-41.56067581507
-35.626713564214
-179.407709911616
-180.890422077922
-190.650675279582
-100.115378111472
-30.257403132891
23.36266473327
-30.288059163059
-30.027958152958
-83.303202927715
-8.51022184738
-180.325134013122
-31.625641529694
-26.39602145901
-34.228625541126
-42.948322510823
-29.428300865801
-32.873018339083
-29.461690707296
-86.845709466315
-96.084325396825
-38.017516825622
-146.753267186373
-179.893648398043
-176.915875411481
-34.605441975559
-194.528597216586
-48.290375856782
-174.885031255637
-141.298258111246
-117.230539913645
-165.438048876037
-45.075577200577
-102.787891470509
-208.551767676768
-156.656475468976
-25.874368686869
13.109126984127
-168.425963738952
-182.769382581394
-31.638167388167
15.953924357977
-30.458596145608
109.676316738817
-146.476293346411
-25.54023141572
-78.040674603175
-31.019470302918
-88.981954731466
-143.989829235435
-102.919089048972
-36.551587301587
-2.67097523787
-162.849747474748
5.783369408369
-184.65393753382
-192.22026627886
22.390715539885
16.509770909429
-35.056277056277
-106.872667805285
8.765143764655
18.864898989899
-45.104249103761
-184.973567285579
-80.89879684118
15.228805916306
-170.200507446113
-43.137827070933
-110.828360333243
-152.277216219111
-35.881063001668
-27.931346810741
11.15595477656
94.915025322984
-149.25574382215
-190.258678441784
-38.517955080943
-86.849386724387
-157.868326118326
-41.49339587279
-90.829352396735
-86.110459364854
-151.704844200938
-92.115321744228
-72.610507981602
10.962301587302
-26.329344646239
49.571539192145
110.276973839962
-138.677911931818
-165.750443187455
-184.015069078057
-177.723907602814
-198.145374644886
-159.937582437094
-0.293297793786
-37.312249870355
-188.209152772141
-39.245781616387
-157.051697922303
3.273059839466
-36.94725294237
-172.132034632035
-94.037525788014
-184.057477678571
-121.996232554338
-195.608392800776
-138.602272727273
-193.883276825171
-86.949765512266
-154.661165223665
-182.378677258072
-150.151424963925
-125.154880275974
-186.44524838226
-88.308912929518
-162.844413724297
-25.059343434343
-37.463293650794
-116.70375419936
-38.366542799648
-32.82682714421
-197.838842526831
-26.19524838226
1.447510822511
-128.74322818024
-156.549332611833
-195.929292929293
-38.193174067686
-193.055756716157
-157.64735877187
-150.493166176272
0.659353721365
-153.385672785331
-83.380411255411
-193.602362914863
-157.603605108
-99.640873015873
-32.526863219246
-184.66343259605
-111.71436815138
-73.299963924964
-101.30782292794
-194.933544428662
-2.123647186147
-184.5193001443
-26.635010822511
23.556537402485
-159.187221686733
-185.627442815431
7.76824607684
-32.369849090796
-145.804022366522
-28.431158685065
-152.248817344765
117.654200346095
147.035366217983
-95.522747705853
-183.398698903093
-58.958972396961
-158.439742007125
25.450023392406
-29.188123562635
115.546889796402
7.893220359285
-172.951659451659
136.198219640602
-45.081259018759
-26.859405297394
-199.390319207702
-160.987296232413
114.263448167501
-204.361659987148
3.857583578531
-93.522534214917
-187.918934039051
-38.269057765152
-152.179805871212
-188.058428875812
-183.557519249414
-163.211662523674
-132.487213795319
-165.466708096591
-187.706988269977
-28.902216219111
-33.408369408369
-126.983155353761
-186.268197460092
-35.854880416892
-86.804862238456
-126.17288961039
-112.826118326118
-188.426136363636
-183.334894705988
-100.953483636589
-27.980326422709
-200.476530793425
-191.566926942415
-93.327741702742
-150.879682004194
-93.855346855835
-34.57501564191
-47.712031024531
-38.312507750496
85.794913419913
-164.122897501804
-96.45393457454
65.657820532332
-169.605241167253
-101.435425685426
-177.356331168831
-41.066357633252
-18.132062815657
-200.346964342082
-138.450958384064
100.976017851506
-42.075597633703
9.385892265287
-166.477344947804
-32.358155353761
-184.078184890197
106.033451845464
-162.451007705402
-83.657529536436
98.036247660759
-161.318202251308
-183.144127519616
15.822871572872
-179.112303982909
-145.877705627706
-161.409479843074
-156.287788600289
-150.0625
-149.185806868912
-158.780045150162
-199.102703232098
-166.945346320346
-95.811528369634
-184.799062049062
-106.60119047619
-160.451589697195
-36.607864357864
-39.659381904987
13.568083880096
-75.822129639024
-160.138770517677
-189.229166666667
-90.179362683757
-180.154679467668
-163.134399942505
-184.263340012852
112.195464691558
-162.869318181818
-27.469578598485
10.871031746032
133.50009018759
11.777527648133
-146.965375715864
11.63455988456
-192.876074500586
-173.323134385146
-32.207611832612
-165.628447561553
-151.201811643218
-97.664682539683
-161.447982193588
-162.006841574224
-110.904659034542
-93.56997781949
-148.37518037518
-137.472853535354
-178.172258297258
104.298711515264
-178.821511008523
-152.915772541261
-116.153880461986
-73.738278079343
-183.073675510687
-200.585858585859
9.745289812184
-168.107295048701
-163.266684704185
-29.533840779446
-186.347062280168
-177.075298887311
-34.27397721636
-34.7373941705
-168.406843969832
-184.538517851506
-152.774543707161
-209.299721545815
-167.945915629509
-175.806978123873
-86.173520923521
111.039301356196
96.42479130028
-194.838986967893
-35.145735395247
-194.742542613636
-160.771206766324
-182.465888657783
-39.22228422619
-149.865903736021
-30.027417027417
29.056096681097
-85.612012987013
23.462945583063
-180.889401830808
130.228514920409
-38.929645929158
-34.822961760462
-34.242792743281
-27.396936017541
-133.361562049062
-166.939205813718
-90.783299653905
-135.431166435561
-127.388069450081
-158.229527417027
-180.612804242199
7.250270562771
-153.696047387942
-27.339757085363
-175.210219522231
-30.892586580087
-166.419081298476
-29.952450706845
-143.626172438672
-46.814734256629
-209.454385512491
-170.181174186057
-26.566738816739
-178.375520692415
-46.812667692551
-29.162968975469
106.092424312883
-191.94446487757
-40.616001674107
-28.023879278274
-168.35361779063
-102.967614904627
-33.024793836806
-38.65586458897
11.254620000225
-90.082439207927
21.861860795455
-110.55179586039
-82.050435296041
-39.061765816649
-155.732240795229
-192.812077245671
-31.604769796176
-35.899891774892
-29.547258297258
-38.56545575735
-144.295454545455
-188.718975468975
-33.19428450239
-89.82424481985
-37.276966089466
5.573953823954
-103.693604572511
-6.37796843998
-42.969877344877
-29.149149841044
-39.43481480542
-71.037809033414
-24.82798408189
-78.701479076479
21.165782757824
-76.238463738952
-37.558158313041
-131.547065239448
-30.029122841135
-34.500610880005
-160.163971255524
-202.518565960949
-94.432176466112
-35.506235626353
-189.999118557224
-179.241764745671
44.938664688176
-145.721418284407
1.870949308938
-162.770743145743
105.2261002886
-163.288231787744
5.386105756223
-92.858493204929
-100.821511008523
-116.895472582973
-38.647108642226
-62.690213378202
-98.454305541464
-120.511343203238
15.547446422935
-91.499389119995
-36.963945397051
140.400224341631
5.499549062049
-32.072773634785
-85.959886955492
-21.936979307585
-37.492396058802
-30.353525136972
-26.44437468998
-32.75
-191.099366291261
-207.944715007215
-79.238365800866
-158.292756668245
-41.791777287383
-102.823745265152
-34.22201366342
-71.520910838294
-168.15663541103
-83.474935600424
-147.053403736021
106.621412929518
-46.095045037428
-32.184773939168
43.337682770788
-30.582341269841
-36.127512569895
-25.901535584641
-160.506957127074
-113.142877575983
-105.899350649351
44.973384444332
-197.104359724477
-32.964025368078
-175.488115671221
-109.933271399824
-126.331647952742
-39.366800679789
-194.140630636724
-171.442071383478
12.018787202381
-173.386343203238
-180.243617114223
-172.85091991342
-198.121474933487
-78.769112018624
-183.613746984352
-193.596688847177
-100.804473304473
-158.614079551091
-109.359557488952
-82.682276870265
-171.042027417027
-27.323953823954
116.218336405348
18.914880881922
-162.958632079726
-25.993797489403
-164.586878832973
82.282008844021
-195.907119464737
-42.479246637694
-174.140700391189
-87.74799543989
-34.426525297619
-100.807622119634
-189.988636363636
-185.769758832747
14.498397056503
-199.156405714511
-94.076569264069
-94.421454359443
-185.946408138303
-142.137445887446
-153.809093304699
48.833346015963
-191.838121026109
116.614167272615
-78.960206839601
-199.556555369544
-108.022899897412
111.032570402688
-155.791414070955
-72.785832656926
-27.877427314439
-15.111049107143
-38.793728298611
-69.990522552534
-91.612213795319
38.457222898629
-140.772997835498
-45.546995484984
0.879759509154
-175.52346955887
-156.454102267091
-153.47602278364
-34.948039265422
25.273185961174
-157.232581112464
22.115527836963
-168.568514384921
50.164862914863
-171.08152958153
-92.310322815206
-107.525072150072
-163.312237187726
-189.973103664998
-127.525871155754
-35.698605756223
-59.007403132891
-208.946608946609
-38.670913233902
-137.847763347763
-173.473554602949
-103.719258714376
-165.394648212031
-43.736750174738
-42.002886002886
-157.646346275253
-35.574855699856
-65.32520869972
-151.447789135777
-176.751352813853
-197.158657938199
-29.343496347403
-158.71548633658
147.929274962234
-190.40395021645
-37.355228484623
-31.614365614854
-94.891221083604
56.242854747249
-103.917560792072
-199.636876578283
-136.94018519458
-89.379058441558
-33.78297800832
-57.696518759019
-191.129329004329
-27.720689033189
-197.657988224883
-175.863005050505
-28.217179467668
-32.627061631944
-42.068390376984
40.356261414367
-53.57511851213
-203.567550505051
-107.988804056187
-160.538136668019
-186.298861240756
-158.494678932179
-158.545815295815
-39.905282597177
-29.272436276831
-191.850636668019
-43.210788831394
-146.935355930961
-109.629699971253
-164.753780128292
-40.722693593299
-174.624832307449
-76.722144717262
-95.923430735931
-199.439381256764
8.758670691288
-34.256140506629
-134.078733766234
-28.256764069264
-31.346959409948
62.236659987148
-157.432269119769
-180.606872294372
-180.202540894435
-193.338023088023
-32.029609713203
-29.914051226551
-42.527126031521
-97.018029767541
-30.957361702967
-31.678468558351
5.974214099702
-196.233044733045
-150.368576247971
-38.875749684343
-168.731589048972
-85.241730925325
132.36352574292
-141.7113997114
-108.034201529807
-36.029241212347
-102.168269610164
-114.418941789547
-32.266476145382
-96.1709879205
5.781393031881
-79.191135687229
-150.619400618912
-40.254419191919
-180.303641183036
-40.476489222583
-39.034369222358
-192.761165294124
7.188963434569
-89.890622886228
-39.067550505051
-35.980248917749
-172.210399897412
-95.518668831169
-163.470488224883
-46.612554112554
97.889978890467
-241.591610158505
-28.838125958243
-80.953705582612
-95.258555138438
-97.542916610299
-38.916458107864
-30.225657101145
-35.439574314574
-40.18769305781
-187.561798932404
-31.252435064935
-80.58475590165
-50.269460086355
15.144660894661
-200.864350113862
-77.711891515602
45.696147792095
-162.601090072037
12.875909626398
-5.367163896217
-38.402264835859
-99.466708096591
-167.102009914998
-170.430764114358
-77.207964832477
-42.996420680014
-172.267960013077
-39.717442279942
-174.786247660759
-174.638971325983
-134.549221991117
-101.509907952291
-80.1875
-30.390249453238
-139.03718018635
-35.064040939529
-37.054190059073
-161.320436507936
-31.441107503608
-36.842540218028
-31.921176046176
-39.510449077832
-24.477100102588
-31.399059653454
-39.134858630952
-185.422258297258
-96.643656148539
-32.815504374098
-93.591823649441
-190.087569684005
8.035446189011
-145.28564453125
122.244588744589
-188.202478890467
-146.058351370851
-177.195178627796
-42.482032236427
-88.930104617605
-27.852803636251
-22.254439625045
-191.963041055082
110.067468067956
-56.033279220779
-169.111464110976
-155.177136177624
-87.459866522367
-34.837481962482
-192.318272005772
-186.349304287293
-146.443369943858
-31.155212842713
-150.004980750586
-158.470598845599
-104.139319393714
-31.107483174378
-160.457349020337
141.753705441694
-108.769578457567
-165.450667388167
-87.09892803594
-190.104104662698
-36.384850880456
-35.747093563988
-138.357503607504
-104.903579249526
101.491890867379
-45.799250174738
-95.982851675235
-161.385649886138
-95.821990130096
-168.493596681097
6.346209725604
-87.165854978355
-144.474378973891
-199.688221500721
-36.622946118552
-192.194596636003
-195.292220474838
113.123134244228
-151.694833378427
12.630230880231
-171.766712887807
-94.853264790765
-88.793900923295
-82.815323998918
-151.680756363862
-76.959868988433
-198.364107734713
-40.395111832612
99.645382395382
-165.879447375541
153.806539868552
-55.511533794981
12.903388657783
-28.636253015648
-40.58240327381
-94.180993810877
-37.822961760462
-41.264089697195
112.341908904897
-169.273080272592
-200.921779175685
-40.290772541261
-46.02409276921
-0.946067821068
-191.448745265152
-176.125250129645
79.19237012987
-157.285812223801
-101.159902597403
-24.497557184569
-143.551517547123
-94.933995366613
3.280731069061
8.2898526983
-107.140491832386
79.45689033189
-156.221771284271
-92.900412467307
-191.773350835363
-192.297711701276
-194.417215542704
-95.371150117244
-37.695276565882
-92.341901154401
-158.624188311688
-40.155331213925
-84.936507936508
-28.089306147412
-181.847041847042
-39.414842481737
-39.876631127119
68.815308497926
-187.167831354843
-35.102424918831
-82.313935250947
-34.16168591608
-28.188394125406
-40.581640202246
-27.908632220644
-94.021624588519
-148.594426406926
12.100358354753
-149.083312900207
-44.580710142722
-173.887729132846
-157.878447561553
117.123536565431
-164.119248427354
60.933990434479
-29.845410719922
-160.608425916531
-188.673618861607
-168.331070893083
-21.569354256854
0.429681863276
-20.931908369408
-31.806436998332
-96.995761183261
-111.554640997024
-30.385539265422
-193.3988997114
-173.966741212347
18.274330216225
11.771825396825
-154.540563982458
13.993176392835
-71.138540821158
-37.206008889114
-179.51423695662
12.385101010101
35.039301356196
-143.286227227633
-137.941468253968
-142.66812235074
-41.182469928075
-160.119511239628
-80.87968975469
107.613257646217
-81.858763767699
-26.264069264069
22.848505281611
-28.852100102588
-165.433614183126
8.660814689867
8.329455266955
15.121645092104
-150.922258297258
13.991612554113
-36.611020923521
-149.321490575397
-33.110417794012
-52.462579900568
-195.877976190476
113.485541801948
-167.95452502142
-70.828816203328
-86.796647417253
-133.037698412698
135.425587487599
-176.782918470418
-171.069186564304
-161.828705582612
-24.784652467758
-204.191578874684
-98.932199365305
-163.85282160331
-151.771001025884
8.60309216608
-39.933289366883
6.789141414141
-89.664149164637
-37.030365034271
95.018475773359
-44.869338614944
-35.700396825397
-195.042859538465
-188.842352092352
-90.487133824292
46.984758297258
8.466470649576
3.365710678211
-37.12031024531
155.107774170274
-35.051074359668
-34.382124819625
-39.467081529582
-51.261064889971
-89.18644593254
-34.811077431683
-53.93444137243
-85.035706535218
-150.635052041058
-36.937041311553
-116.469426406926
-27.97800197849
106.963113275613
11.142488642
-36.151703277192
142.608676046176
-56.762925009019
-179.1636002886
-175.42784992785
-142.641045640557
-29.657106782107
-189.956287202381
-88.167658730159
-28.054009683893
-33.407998441446
-112.910714285714
-138.893287647682
-192.848033910534
-36.695346320346
-172.98956642316
-36.181339060245
-39.523448773449
106.679906275365
-177.819993320482
-109.539692756245
-139.850759971365
-153.68089587279
-94.154048154536
-150.415416723034
-38.778396408279
-102.394921240868
-118.37977994228
-158.808962250857
-34.558268933757
-74.213942930984
-162.718622469111
-142.521763392857
-152.049595424107
-89.18731962482
-44.294913419913
-81.138159637671
-185.066468253968
-144.18291311553
-180.817468067956
-198.845426220914
43.392434388528
-145.029681933735
-155.728805916306
-132.768315831304
-198.940386002886
136.768671297236
-193.042179608586
-163.356593981106
45.301149046266
-172.873306868912
-136.541916796311
1.580728109781
-82.324314574315
-29.845518874572
-191.870670995671
1.189381256764
-87.820949449856
-131.172168109668
-84.212994904401
-192.456972768984
17.939053622159
-34.253156565657
-78.694075943588
-80.872384559885
-200.771096145608
117.976551226551
-13.141303520698
-58.593882815318
-187.216700346095
106.5033471574
-27.786082786571
-27.066037749143
-100.225551412563
-150.391877761995
-29.280303030303
-18.934335683847
-144.290973349567
-157.563652005547
8.043192105204
-148.467171717172
-145.80475161774
-96.795554949608
-97.337322020428
-195.162087532693
-199.056277056277
-140.313401875902
-185.851523042929
-59.436237373737
-184.428100057495
-156.229617604618
-182.194424011319
-137.26940301452
-183.052120676632
115.443029626623
-176.328561141549
-32.984335542929
-31.112837357955
-156.265319207702
48.772616652011
-54.463396521014
-92.350899480294
-70.608225108225
24.386013102566
-35.367362238456
-24.745470187365
-31.443890636273
185.5431998557
-38.513806451795
215.041687099793
-182.752442815431
-45.283166133996
13.179826304338
-27.2687410517
-42.549873737374
-73.335647560989
72.274252711264
-204.43054780506
-33.343053159948
104.151785714286
-136.947510822511
-28.808253432765
-178.765221269616
96.685245310245
-149.905385467397
-106.554132987238
25.143488455988
-164.792457921852
-29.607245727363
-39.78354978355
-38.043643043155
-32.380423938041
-170.62230212279
-92.391205582612
-145.356540079929
-144.010649886138
-171.527208468615
-113.813409626398
-28.942849251443
-37.007395382395
2.753187215345
-66.177641369048
-81.797518643466
-155.421544547033
-31.801595052083
-42.326118326118
47.792228225334
-100.207349020337
-159.126893939394
-101.668297793786
-171.003038194444
-187.521645021645
8.983926175821
-192.10273141572
-41.827922077922
-163.571518759019
-151.190628382035
-40.889888702877
104.247412743506
83.32980826682
-145.123667619273
-153.971861471861
-27.804493737599
-153.356593981106
-132.510191197691
13.618970114087
-190.773067589962
-88.157467532468
-121.287698412698
-32.986464110976
-169.943612323007
-34.009900201795
-93.343717588835
-102.253246753247
-86.804452871347
-159.444083694084
-154.280295279807
-87.972430781025
-189.901355209461
-71.803210678211
-111.398281080898
-198.60627163093
15.864177489177
-1.693282222335
-168.00937950938
-43.496474933487
-39.070153262536
15.202228760823
-156.792949726055
-22.974054157648
-196.723943536932
-52.158632220644
-73.406323277417
-111.702180144075
-175.951556581439
-4.874188311688
-41.174074731692
-57.251283059389
-28.27896289908
60.405666246731
-201.011994949495
-20.127983940972
-155.628156565657
108.519452335859
-24.462471745919
-90.0413883534
2.504509379509
-20.643751268263
-188.049693362193
-118.917679163285
-130.614996927985
-151.510500160647
-190.53642803594
-162.879849696744
-179.125020433126
-36.418130101236
-32.030102221997
-39.242792743281
-150.401806147412
-97.018648398043
-150.574958570076
-27.669093981106
-183.22132034632
-31.077922077922
0.253254503743
-139.483864171852
-197.207882395382
-153.164702972808
-86.342991155979
-126.665584415584
5.237546362058
-164.103452916441
-192.970258528364
-25.906302844291
-117.671905297394
-87.388979076479
-177.028298470193
-167.484024113907
-172.265672207567
-213.839909276921
-32.064726506133
55.853187285804
-154.275051716946
-106.705055930398
-38.376705813718
93.575667388167
-86.733974792569
-32.488476421582
-175.715367965368
-40.092061096456
53.66456416847
-149.954172021555
-106.024801587302
-41.904099941942
-33.637999695617
-183.190934878923
-195.383006262401
-99.229908600514
-94.552857678346
-30.309962064845
100.532189219201
-93.271946234104
-77.629478729821
-86.560064935065
11.966759179406
-37.289953102453
4.386023319129
-124.923603360615
-80.917937043425
-46.306379926497
-107.497835497836
-147.393480705492
-1.959255642361
-35.825930200442
-36.215548340548
-176.465195340684
31.336289090684
-7.11839587279
-174.556449680961
-37.476551226551
-193.964285714286
-33.486221731827
-40.256776751894
-33.829385512491
6.46979737385
-192.597325092442
-39.50009018759
-31.189945281498
-25.329537704049
-28.302551181457
-179.997294372294
-154.893738585633
-162.871310059298
-204.96340427151
-150.464826839827
-127.902617835723
-82.386162828057
142.998927965481
-158.485830331778
-87.481434039051
-89.534825092442
-39.186257806863
-150.341818717307
-140.772608901515
-29.635351139746
-24.968983219471
-35.045544733045
-93.063685121302
105.366723174829
-198.764089697195
-91.866890867379
-31.312340057946
-108.736812178707
-140.458513708514
100.687610620716
-45.441710633117
-185.092081529582
-122.058712121212
11.718985685538
52.859479983992
-147.833250896239
-171.486922799423
3.710570056029
-40.63484312996
-200.449693291734
7.830166551114
-101.860958919553
-165.403200532107
122.985312105429
-33.249438441333
-78.695165945166
-84.34814453125
-16.562389379284
-163.066177258072
-32.561495253878
-28.646003491951
-169.840019897637
-77.368887676993
-110.731531977137
-36.968857097763
-170.919815481827
-51.36925617785
-149.792548109443
2.261425640332
-33.998397056503
-39.751733997339
8.806727994228
-88.504517130005
-171.970147907648
-31.826450892857
-200.194243636138
-40.151231906115
-34.275330030213
-99.523538961039
-38.442712913172
-88.562056812545
100.998203998692
-21.044282106782
-36.883645326028
-88.796717171717
-90.385101010101
-162.883395196383
10.61334536774
135.3058056852
-133.760814760326
5.106310735705
0.77608464669
-5.115697995581
-31.953803520698
-35.690746753247
-136.823572288172
-89.048430735931
-162.311708744814
15.471688847177
-41.147276334776
-178.437327375316
-145.133825701208
-35.394673577291
-35.569256318768
3.722139785128
54.062700808306
-211.245771399824
-36.064906881313
-64.379045758929
-141.856589048972
-161.164842481737
-188.910652281746
28.219967532468
-78.355581484488
98.096619092713
19.973412627954
-94.311856004239
-151.119398152845
-78.172065239448
97.194111877706
-145.236902366297
-28.299512987013
-203.378169248286
-143.438610434704
-197.974144345238
-189.983495670996
-191.861118861607
-122.410533910534
-201.327471139971
-39.364718614719
-171.351814038826
15.49722461783
-120.54588505028
-54.354277287383
-149.047807173295
101.315759435877
-194.147546897547
-163.812291441198
-36.464839522457
5.583160708649
-30.768748802196
-167.57988577178
-35.269050014655
-1.800796046402
-110.988984431367
13.371675741793
-173.111935482053
-162.064045871663
-206.995462436869
-163.709415584416
-59.406184473079
-152.641712887807
-39.688852813853
-164.534209280303
-150.017617229775
96.145410579004
-162.538670043065
-32.880604313222
-39.960199089105
-168.880772005772
-133.62509018759
-23.216901154401
-82.485507981602
-44.826028138528
-156.628599753111
-137.103998974116
28.424069799558
-32.494408369408
-119.909701789096
-41.136013102566
-187.786513291396
-112.237110925099
-109.88437950938
-187.411816969922
-167.379321253833
2.597853535354
-194.085227272727
10.637193291734
-197.94724025974
93.033972537879
108.725551412563
-133.24265640501
-41.077089956484
-41.361631803526
-30.100378787879
-161.260093259605
-170.61135349026
-59.884907952291
13.195336103783
-187.070895196384
-86.40176528116
102.606354068024
-81.355818226912
-144.825216450216
-90.067019596072
-140.001512755907
-65.32971807923
-40.879148629149
-50.200306637807
-159.185636710295
-31.991251803752
-31.597570289953
-137.121302308802
6.927210864223
-32.05284992785
-185.74713443024
-106.267607013212
-158.072420634921
-98.715831585949
-95.062569754464
68.357433853039
10.277690056255
-152.609879134537
-133.465105153093
19.303841991342
-192.349476911977
-173.680888122294
107.154220779221
-163.707964832477
-7.001373246979
-126.704254458649
-157.269681327787
-25.015512265512
-34.705176767677
-90.652978586084
-163.585670460182
-195.961121398133
99.178238861833
-33.595897591991
17.219799839917
-109.956259018759
-25.327368269751
-161.675615671221
-153.749348253743
-198.305202555691
-177.011925195031
-34.882854070842
-37.406024531025
-197.460137085137
-158.639512451524
6.736845294462
-31.482864357864
-33.639618140106
-202.714626031521
-123.175311992695
-34.316538008433
-98.70843127142
-108.768751268263
-173.649641645247
-192.628947820842
-114.446899942505
11.876623376623
-38.629251499369
7.338293650794
-140.973404877458
-74.87489712978
-161.118686868687
-180.702388702877
-193.916687099793
-185.476538543921
-36.61325518015
-35.353326794733
11.574103549445
-46.747085813492
-50.426607734713
-139.373807128202
-98.151036029942
-85.647706839601
-198.760178515061
-183.235938486427
-129.400551271645
117.098033910534
-136.943174067686
-153.139860519255
109.154491341991
-150.785984848485
-203.036165223665
10.796598800505
-177.263520388032
-124.441831470396
-62.799415048927
-38.011822324811
-37.319096376714
-61.712093028499
103.870150303256
-170.607135106647
-138.393119955132
-184.684613997114
-106.53938379329
-90.079254458649
-86.37481962482
10.187618371212
-40.091970908865
-178.3556998557
-35.55333151549
-52.446150258162
-181.957140461535
1.159008471997
111.11994949495
-27.361915048927
-31.931838614944
-97.821608946609
15.275613275613
-29.586129148629
-146.104166666667
-191.695186378292
-28.916937229437
-168.738816738817
-184.26183500744
-33.922619047619
32.116504399463
-188.447753201659
106.715839336445
136.775182770788
-157.290120795004
17.23862861314
120.646817646329
85.075134013122
30.534722222222
-189.458603896104
-166.144050014655
-185.99512987013
-40.969815340909
-34.707253548318
-193.645735395247
-154.731789857278
-177.736049107143
1.818522135417
-123.337038775027
-43.662267907873
-21.933822741928
-32.387716450216
-32.666393637829
-89.918934039051
-82.450646955041
-206.364510055916
-115.423368731962
-39.571317950712
10.772379204996
-178.674956174468
-39.691836754825
-118.485028860029
-199.910874227769
-89.746740564123
-79.751262626263
-32.410201343795
46.948302077697
-132.985216985705
-152.519037332026
-165.02904040404
-34.154491341991
16.662129103535
-18.953823953824
-91.298984544102
-195.021387141504
-119.935876623377
-89.142336450442
5.146005958018
-158.111373923386
-176.488746984352
-203.963726621686
118.821178441784
-197.215097402597
-26.096312595824
4.403138528139
-95.399087837076
-190.680723248106
-120.242612368101
-173.886183261183
-174.823843203238
-32.80215661075
-151.884539451434
-147.296619233631
-195.512105570211
-27.836740028635
-170.7065168989
-35.136544011544
-84.580607272502
-36.386260766144
-182.563401875902
-34.816558441558
7.474123912112
-179.637543825532
-86.636203694309
-176.579344646239
-33.539600102588
-25.087183216089
-37.536796536797
20.184603780551
-48.801517547123
-180.101649164637
-21.834415584416
-118.380890376984
-34.035054788961
-163.609279175685
-36.739558672664
119.071887259876
-83.231331168831
-32.973497531115
-32.384387259876
105.72123015873
-31.325389074901
-33.151597588609
-34.377533003021
70.486373923386
-106.357044919057
-109.598492598981
50.390331890332
-39.536165223665
-47.506292698187
-158.90672559862
-174.008838383838
8.701270517677
-182.689205813718
-172.23564749053
-33.831640202246
-58.902339522457
-41.941017316017
136.988365800866
-151.807998370987
-27.105449726055
-166.33659276921
46.840741398359
-39.104589420996
-168.954553205041
-97.169851415945
-32.854617604618
-43.896637271149
-157.544715077674
-190.154233461851
-91.018877389971
-112.587489712978
-25.235299422799
-31.065857373963
-32.781024531025
42.431117114223
-152.867632801227
-161.593975468976
-72.002504819399
-165.877623190611
108.311167619273
-158.89411976912
-38.098013477408
-180.014770331665
-109.616432178932
-147.766491646374
-116.304313362419
-25.675025928932
-161.310126939033
0.546717171717
-152.141233766234
-204.688048876037
116.463862959957
-123.311889119995
50.426845181728
40.326989552331
144.426927618822
-44.697884255501
110.231712352318
-46.281503652597
-12.889419797867
-116.776404530799
115.097312409812
-187.403659220554
-152.794384977002
-53.892869825487
-37.991043244949
8.08379202178
-35.401845252187
-155.680568238185
-192.395660708649
-30.550066795184
-204.793761414367
-29.484036796537
-176.023165528048
-129.912525788014
-90.909964601371
-153.72095959596
-196.758269074675
-96.591089466089
-33.38445701434
60.979604921988
37.459487804947
-34.386355885868
-71.882575757576
-158.456627519616
14.280045150162
-86.668720548115
53.150154587166
-75.29147854099
-149.420253737148
-98.462211399711
-37.791396103896
-207.603342295725
-181.385559698548
-98.541326349432
6.305024646577
-51.251893939394
-41.592452496505
-32.989517806412
-32.563592467645
-127.303849741838
-152.222222222222
138.904318717307
-163.780393217893
-85.356581298476
-48.521547083559
-95.011273448773
11.079467949585
-149.215556091044
2.70183982684
20.762278194895
-153.379329004329
-33.719846695188
9.736020923521
-136.501270376759
115.858756017203
-90.601924659542
30.114607994003
162.461067144661
-89.848845598846
-32.166944979933
-138.4547053966
-159.715097402597
-77.871059929654
-193.410054788961
-29.66123497813
-167.251435250947
-29.914509914998
-105.608974792569
45.897817460317
-209.11553030303
-189.937520433126
-79.782537286932
-34.627914186508
-171.036075036075
-143.633949004554
-77.161894474883
17.539138948074
-95.440579060696
-37.231130360525
-27.283119278725
-111.844246031746
-139.002713378202
-208.090458152958
-33.872003376398
-33.672129709483
-138.767759204771
-25.067452566964
18.818101847155
103.20681282693
-180.51642189191
-166.15854978355
101.093712656701
-98.472201789096
-36.632763883252
-169.789051226551
-41.563139063627
-164.360487548476
-30.492854747249
-119.13178450239
-97.488906926407
-32.33380470441
-39.508047128653
-106.062868500857
13.81422131471
-161.567169321564
-51.985758111246
1.077380952381
-87.438201067596
-156.277785528274
-153.520503232661
-34.291576479076
-198.996920939304
-66.896562584551
-93.656372598755
141.157179002638
-34.595889841495
-35.443480564574
-107.629529812635
-146.770214702832
101.34423828125
-34.910435972448
-164.121925871438
-38.680117300234
-172.837211399711
-104.618416305916
-29.986213981331
-88.960227272727
-30.955279637897
-171.496670809659
-34.986304168921
-39.049783549784
-194.741612554113
-160.866501933396
123.834606176159
-111.631132756133
-184.143771701389
140.412968975469
-178.246405179022
-91.170753291847
-207.94506800708
54.580557951163
-96.019751082251
-136.943550319039
14.975260416667
-185.303759554248
-145.821892192009
17.507678627796
-100.96177314439
-101.670634920635
-202.544442048837
-193.632305194805
-89.55953156002
-156.186438182044
-88.991911300505
-177.043823418335
-106.111819929203
6.600015571451
-208.209796767902
-142.050775613276
-142.591831399937
-172.359397546898
-160.42594823796
-196.999626567009
-111.265950520833
-141.845405787789
-181.547701484713
-175.008658008658
-35.357155539773
-36.086211585723
-32.847160218254
-32.972562539457
-161.803661616162
-32.668991110886
-24.999631499143
-23.128329190341
-155.86326786278
-180.494137806638
-76.09757275602
-88.705336709731
-153.554230925325
-40.426144114132
-39.53345959596
-110.686680561192
-27.269771515377
-34.858778916396
114.782385095373
-88.560786435786
-32.350440791847
-201.026703277192
-38.008658008658
-38.105648068295
12.245588558577
31.207732669891
-154.74809831011
-118.401327025839
-144.005313317325
41.797338268286
-104.180375180375
-199.89699802151
-103.436860936373
-191.446546942641
-172.799693362193
14.993957431457
-189.515970953959
-5.46150258162
-37.78294665404
43.918560606061
-163.217552900658
-163.988976680871
-39.78840723079
-85.098021227904
-176.118854561237
-28.095861657873
-39.141143578644
-30.390164197781
-146.787615975604
-20.760719640602
-194.651623306164
-34.649252711264
-137.95489845441
1.08676046176
-148.671335988231
-160.487095424107
-38.533709725604
-181.825765326254
105.244137806638
-59.768586394075
46.980517014453
-44.018037518038
-182.98825518015
-158.666187545094
-169.218602035985
79.696178441784
-31.733918425325
-187.015790578779
-48.577373201885
-32.399350649351
-155.647837893443
-28.601461038961
-164.04701591811
120.628885816874
-170.043207606196
10.636994949495
-207.073572640467
14.304563492063
8.68759018759
-30.597201789096
-193.299763116658
-39.484660359172
-32.233052483541
-165.804653679654
-34.768377835272
-88.119671181683
-44.545704675099
-48.47017609127
-190.666035353535
-107.430826118326
-155.265339640828
-197.92088505028
-215.351620981016
-167.558629684118
-40.487010520946
-97.958243145743
-184.371482683983
-85.57674963925
-138.347755597267
-37.758727763122
7.546438858451
40.565135873241
-201.303550995446
-106.65386002886
-38.877344877345
-172.181637806638
-32.380764255276
-162.784992784993
110.599567099567
-142.070678887085
-35.635745005862
-154.347513218119
-195.825048757666
-165.742305871212
-195.40663541103
-170.6881933171
-39.449793695887
-146.482511358
-39.778228715729
39.888608109555
-35.259750476303
-31.131411069399
-138.471147721636
-85.820619349184
14.777929969336
-91.611652236652
-178.573655077561
7.328823953824
-37.977453102453
-36.960928340323
113.87996031746
-142.826409322015
-35.664161847267
111.52866697105
-92.467362308915
-184.36266473327
-137.449577386589
-76.86049248061
-92.446506076389
-89.513865989696
-172.593774660669
-126.192182004194
-96.316480936598
-27.202221010326
-126.820887445887
-26.400530838519
3.605339105339
-155.641975700081
-187.752086997204
-81.095987779582
-189.289113230519
5.850198412698
-37.163391729798
135.493434272975
-149.470969812523
-177.565192945076
-35.063783059389
-26.800214054609
18.764852768759
-155.518849206349
-92.624466624955
-184.710247705853
-37.368777056277
-141.42316017316
-176.665973349567
-178.875553808171
-94.652326839827
-36.927478960926
-39.289252034858
130.168532422439
-24.409812409812
-205.028146278635
199.637466320572
-165.156934157422
-141.254849696744
-170.213814343209
-30.865988991477
-39.060265743371
-34.619130056142
-45.217269655258
-36.400683030078
-78.118514244003
-199.178509424603
-59.599935600424
-94.975832191897
-149.196338383838
-182.200126262626
-199.107253477859
-41.337481962482
-38.958083203689
-28.205619955132
0.835670460182
-30.811979307585
-102.985922985435
-149.188352906859
-124.819562815657
43.54817285579
-113.360451614358
114.686216940611
-44.839215959821
-147.273546711535
-191.566898758793
-32.118854561237
46.949203953598
-40.336018527913
-36.848935786436
-148.570346320346
-49.059984964038
34.263345297281
-214.959245425798
-38.038878601867
-183.368867243867
-30.97619047619
-107.792999047394
97.015762395157
-166.267939579951
-171.953365265377
-89.425602988591
-147.777264835859
-156.77130470441
-200.788231787743
-153.611020923521
-155.633735513618
44.418818486201
18.724216565769
85.759477447466
-33.248634503517
-35.394931457431
7.9997167546
-34.86064749053
-153.453192640693
-203.143377835272
-33.773719336219
-89.900695712707
-29.165404040404
-12.583985079591
-127.792949726055
-37.260794327201
-77.876283059389
40.06774884729
9.304230925325
-41.112193362193
4.707140461535
-183.185696248196
10.321789321789
-190.064764906318
-167.885101010101
-81.429050550144
-41.557622119634
17.329733580222
-162.34116697105
-44.181457431457
48.261904761905
-149.327659265648
-115.874618816513
-19.881764069264
-27.126443001443
-153.704365079365
18.081990736043
73.94705988456
-107.876210838857
-35.349755225244
-111.448330261319
-100.01920995671
-207.185606060606
-99.792017200464
-175.560425685426
-89.546724922213
-118.326659451659
-186.848477097989
-209.718988151605
-195.205326493168
63.717081529582
-170.385572381178
-34.072201859555
-193.356338919327
-154.331439393939
-35.941370315882
-141.266947516459
-106.747384559885
-39.12032292794
-108.145805149711
-8.87012987013
-144.693722943723
-79.552496927985
21.181104431593
-93.470431153048
7.054202741703
3.198495135507
-146.853994041982
-178.403048340548
-134.412329911842
17.558410908753
-148.595328282828
-176.525675279582
-7.119305499188
-188.177017806412
-101.704274891775
-40.533737909226
-85.646735209235
95.245843620355
-153.665584415584
-32.010351139746
-112.377816248422
-123.570969882982
-40.557006307495
-37.178321298927
-183.46845477656
-163.359750546762
-189.800226737238
132.558712121212
-166.402937719832
-38.378074128562
-40.764179884785
-141.269869453463
-120.448240073728
105.643558210453
-101.880300634695
155.277576969472
-83.049943491838
-28.892676767677
-92.37804594494
-174.852813852814
-77.973422844517
15.689303751804
-185.519292393804
-83.701028138528
-87.228445165945
6.47773141572
-0.723755411255
-7.518418701524
-186.837481962482
-35.484897806187
-141.436876437365
-183.11542743281
-144.546987734488
-31.209696363749
-87.231138111021
-173.286804287293
109.94524838226
-141.762564258658
-142.122273939168
6.98204245299
106.167125355114
-140.724636854031
-203.28382034632
-153.256866939484
-32.242604617605
-184.23585323097
-43.912961224973
-106.737914862915
107.373654936643
-40.045266419778
-153.312562003968
-159.337760275749
-29.975587346681
-87.280400968389
-34.398526278409
-86.639692826705
-71.350185730069
-86.973366477273
-28.176497113997
-189.313151746257
-150.866805611923
47.615911486517
-201.586391960904
-38.040301170184
1.572139855587
-41.914071659677
-33.667929292929
-25.822080317686
-144.342622655123
-206.496663059163
-145.479146233541
17.594877344877
-156.946150258162
-5.408938717532
12.391506795071
-168.853244357639
-158.776144184591
-161.296995484984
-157.300667458626
-151.991530117018
-197.996031746032
-47.537968975469
-96.239267676768
-160.037525788014
138.332529395518
-156.117722988817
-189.123827561328
-191.688852813853
-115.943514384921
-177.810085368191
-165.317272191784
-176.075819579726
-23.23088023088
46.356503793516
-27.059892310381
-13.89439033189
-41.135399756494
171.127497068903
-189.327290764791
-160.807830678436
-56.08476858428
-183.696727317821
-104.891666737126
-49.458854025749
-30.238816738817
-208.783189033189
47.642488642
-179.908557534046
-36.88743813695
-174.581078643579
-178.991542799648
-191.466741212347
-87.266073824179
-155.423332797845
-171.74503968254
134.951491759109
-37.863927359533
-198.901535584641
-199.151708209325
-100.72112728851
-135.946546942641
38.344519060584
10.919795048701
133.609036796537
-85.906465252413
-44.676685239674
-33.128143883027
-178.52893753382
-151.704393262987
-148.867875180375
-203.48079004329
-35.38761851213
-188.883395196383
20.946449004554
-159.460227272727
102.401494718389
9.666305916306
-105.240800865801
8.886211444805
-204.14007929462
-196.050414862915
-71.55420520777
-162.612033420139
-154.450855513844
-35.105236235119
-194.475821975334
-84.627337126849
-105.052336985931
-28.957784457296
-25.426149046266
-176.940135873241
-41.865087115575
-28.865378111472
24.6268115023
-89.632763883252
-33.806658239764
-198.099283854167
-25.605248917749
-155.446060070572
-89.944645252751
-141.851628731512
-35.250450937951
-49.93072818024
-170.234828051723
-47.331050459957
-39.249188311688
-80.708694083694
108.244400618912
-194.634941068047
-84.21167027417
-29.946428571429
12.899142090548
-156.744851556863
-153.685703998692
-107.655651098034
-187.165055972673
55.318341760236
-33.852084601596
-97.196338383838
-87.947510822511
-56.474386724387
-195.197080317686
-98.811966624955
-37.524147374977
-203.549783549784
-186.083170925212
-178.187237187725
-103.472402597403
-38.663572104978
-155.462203649215
-168.593594285489
-183.64699802151
-42.568625005637
32.585054648043
-172.295225201231
-30.616952871347
-177.220869408369
112.547438672439
-146.647727272727
-137.500713750225
26.852260044643
-162.998647186147
-187.854527417027
6.540404040404
-70.888187821293
-111.600288600289
-155.6029117909
-161.758276825171
-36.16323953824
-203.013154705538
-183.731872294372
-96.678653865666
-204.118715052309
-155.377906436012
-162.924713795319
-35.811417748918
56.801595052083
-36.769410765016
-40.27904040404
-158.148739769345
8.595529091135
-206.648268398268
-117.903870245423
-35.047701484713
-105.973935786436
-183.019057765152
-98.213924963925
14.78354978355
-79.026613089601
-68.735188802083
-88.314484126984
-105.080419146825
-191.115009610615
-76.253950286909
-56.848304473304
-77.873647186147
-192.01443001443
-139.849219031836
-40.925082296176
-141.295745541351
-24.613927359533
23.141437040607
-133.712559467442
-149.337211399711
-132.987804242199
48.588376087888
-49.40673828125
-132.049623607729
-136.418130101236
22.676316738817
-190.065829190341
-40.252324444219
9.385178515061
-196.273198643804
-93.882395382395
-179.526527834145
-37.808359121347
-194.951860259966
-32.01661494972
-207.232503607504
-180.903388657783
-192.229777546672
-139.787780849793
-36.531302844291
-115.171799608811
8.536265627818
-27.038710909316
-85.181527185922
18.234405297394
-91.67794011544
-162.779761904762
-179.460046897547
-33.122325021983
-42.545093795094
-32.636273448773
-197.082411024306
7.175803796898
-158.680284992785
-39.793843851461
79.763708513709
-173.8943001443
-188.156586089692
-136.485938486427
-38.179202741703
-153.860090863997
104.493514244003
-204.980088975694
1.263618326118
81.189205813718
-72.337384024396
37.875463620581
101.902708023314
-162.288427663916
-38.86362861314
0.850177979573
-160.485397360886
115.079385512491
-157.415674603175
-33.306194619183
-32.231942048837
-159.556625124008
-36.870753432765
-191.337842712843
-201.676386493281
-196.700154446248
-141.17765687004
-107.189205813718
-139.501733997339
-138.952192826705
-135.354194850289
-32.752262440251
-74.127246939259
-164.075126262626
143.222771098259
-39.261085323097
-152.968715122768
113.001791069174
-33.066197691198
-177.668838919327
-29.448314760326
-34.041125541126
-171.736103360615
-150.621760997249
-104.169310290404
-186.565816507711
-189.252623190611
-98.106449540043
-37.033972537879
-183.170003607504
-161.549430549919
-38.082243331755
-29.575778008883
-164.748577431683
-84.259810014205
-0.642836709731
-95.788793346411
-37.553751803752
-28.664772727273
-153.478625541126
-52.116452612058
-33.092081529582
-58.205815831304
158.557018990124
-144.006575943588
133.258740445752
23.456099076705
-163.990342177354
-162.28849741838
-3.246372063267
-175.583214962121
-196.06449187748
-37.059433621934
-190.762698483158
14.357112207454
-186.238067054473
-35.165792974387
99.08783249628
-76.585387214782
117.421696738591
-116.954968208874
-25.154019970915
-42.594258714376
-163.437311874324
-154.429014616026
-30.086108715503
-42.339494273088
-140.640414327426
-55.015770145653
-92.610940952494
13.189484126984
-201.114708398156
14.771361776245
107.900334962347
120.128086811192
-189.030405900523
-109.365898803887
-201.156926406926
-85.282725412608
47.215638528139
24.545446794959
-152.617236116748
-60.46634734623
-166.865649026538
48.942993692505
-98.357052669553
-96.578470953959
-91.897026205132
27.26708385473
-154.113906926407
8.075556767451
-189.149822020428
-86.110459364854
-151.617612368101
39.598051877593
-38.965125586219
-175.8363997114
-73.556117114223
-77.651507401019
136.256511473552
-66.25304594494
-136.127097213767
-106.513991759109
61.982433853039
-35.628689940702
-126.436409998422
-1.989927173521
-198.30102574292
-31.017504142992
-68.370954241071
-28.219758973665
-161.919462481962
-88.058962250857
-88.786497790404
-128.414128731512
-99.475628917523
-112.883750662315
-35.733778916396
-83.965257344652
-31.895093865553
-82.819326073232
-150.945624633613
-25.550497300009
-31.768488455988
-160.19888406949
-180.962391774892
-22.502958223417
-92.147990085002
28.688381442776
5.699905021194
-149.377533003021
-124.520743145743
-25.156676277282
-90.590847086941
-198.948260506854
-36.602092352092
-57.675976421582
-31.991321558216
-84.662505354888
-152.276602873038
-88.174430549919
-95.373667619273
-92.768189709596
17.551296305691
-122.401092397186
-49.168851601957
-83.345877158865
12.780122655123
-35.904991601281
-50.327311197917
-144.523379018984
-44.996294558306
-25.672897360886
-47.277076710182
-158.319346506358
-39.928849741838
-39.041494041982
-27.864345181728
-98.78276627886
-34.61725161774
-172.997564935065
-38.313943001443
-172.890269886364
111.557248686643
-199.521464646465
-28.541416537022
-35.279401154401
-140.287600474612
-146.944637502255
-96.127718310336
-31.379030257937
-40.518308080808
-85.839716219111
-33.910706535218
-152.746312525365
-154.059170809659
94.645202020202
-145.087945583063
-31.340929524035
-30.189473910421
-187.095980029086
-151.337842712843
-37.138237142632
18.493977864583
-44.290313852814
-27.635814760326
7.281836219336
-32.437507750496
-107.323691011679
-75.693362193362
111.488626147073
-191.49312531002
-159.564561631944
-184.836469465864
-98.972132034632
-40.582591399486
-164.638084951073
-38.923152422664
-112.268140388258
6.541223479212
111.001069568452
-178.445789507801
-119.706557765152
-201.760301818407
-93.826499509605
-102.849206349206
-33.145212236765
-158.087572150072
-29.965736466225
-155.030019784903
-178.703721083604
-175.04979130028
-172.216069032964
8.882457386364
-164.799886420004
-38.549000045094
-159.779110158505
-148.989378297484
-158.008145066739
-164.831349206349
42.991965553977
-154.276515151515
-161.455385326479
-170.133498066604
12.517967763573
71.354354792343
-129.092094212211
-119.013860705267
-30.810503190386
133.87012987013
-19.969544778139
71.130578947962
-181.632387631899
-26.536866291261
-36.710657777552
-86.620864053481
-90.372286621798
-45.863989363501
137.884838197826
-188.297258297258
-27.766213333108
-191.379627750722
-195.580529767541
-167.336747779131
-46.50277538217
-183.80275974026
11.123224431818
-40.074121516504
-170.828692547687
-86.218163780664
-88.126726246843
-27.836301773313
-155.388069450081
51.195789507801
-211.598392194828
-100.577027952516
-152.112033420139
-29.786623912112
-28.249629033076
18.078360333243
-39.359730113636
-168.942612509019
-31.124286249775
-177.328656261273
-175.601752034858
-150.301525297619
106.156753782242
-188.937049062049
92.307101427219
-209.364455802444
-185.321768888663
-77.266143578644
113.354617604618
-72.290125727137
102.693362193362
-139.168900923295
-143.420462295951
-109.066197691198
-201.791679349297
-32.536796536797
-127.833305149711
-186.981081039186
-78.441189940702
-147.925963738952
-87.212419958514
94.484315109803
110.495683678301
-157.009892451299
-40.294089048972
-109.872446563853
-36.793418631065
7.150530838519
-120.139700577201
108.985992739899
-178.673819669913
-88.653118095013
-91.918462667974
-160.625167692551
8.826569264069
-118.662628658234
-195.274448587437
-14.784521413916
-169.279429338023
-204.047368917974
11.767836709731
-35.090277777778
-46.843684473079
-168.100399221005
-153.32424481985
133.333593679541
-196.122564935065
-186.196526509515
16.575489479054
112.263528138528
-153.126803751804
-98.517246262852
-155.891135828148
-92.835760647772
10.339043335137
-40.938311688312
-160.613247429654
-178.711698457792
-151.600080041486
107.583673650568
-199.196706884695
-145.773559394165
-62.962121212121
-173.408557534046
-37.183523995536
-87.806179118191
-121.754579133974
-37.680645743146
-157.618674186057
-32.280192409587
-151.286587977994
-151.269771515377
-143.173951428346
-200.092264370829
-124.381333564439
-99.568369943858
-171.975608132102
4.287136854031
11.527976120017
-35.252324444219
-205.03094209393
-167.963121026109
-138.869400618912
-160.217885467397
-153.544913419913
-31.501623376623
-23.436126753021
-16.280565842578
-50.212752525253
-34.495490620491
-162.742952685336
-73.815483940972
-36.479728225334
-80.207599149982
-89.213195712707
-134.93463443024
105.222201789096
1.274018082612
-145.759067728062
-31.056998556999
-197.315323998918
-29.435072685561
-91.733225108225
-41.234147417253
-27.605429292929
-176.231679236562
20.354895917884
9.325417258523
-95.458681401064
-188.631222943723
-191.838105525117
-54.078393448999
-38.334776334776
-76.596418284407
10.864568889227
-34.74027242289
-42.926919868326
-25.782570402688
-77.301017992424
-42.482516290133
-164.945449190566
-157.729409045815
-211.547000417118
-32.814914631809
134.596881904987
4.235951169057
-153.797639480745
-171.162587791982
-16.054936925054
-93.778569032964
-35.110938486427
-99.258915888799
-118.048327865711
-80.223644790539
-141.554473304473
-24.757485569986
-108.545565166171
-88.422799422799
-158.930014430014
-32.93922131471
-154.879537563131
-44.619511239628
-151.372196434208
-140.787059349071
-167.534549597538
-24.20940783392
9.658930967036
-184.311868686869
116.552326769368
-174.352182539683
-162.293400664006
-126.313950751939
-34.207083389701
-28.511113506719
-82.133555138438
-194.065746753247
-178.460747965142
-40.275703463203
-76.801357957364
6.203303261409
32.243073522615
-37.612907112419
-109.316558441558
-191.533980288375
-157.438943001443
-93.11344823796
-84.71301287146
0.577380952381
-149.841790533685
-188.912260157377
-120.699134199134
-157.16952977036
-193.506222943723
-33.648891960904
-30.602092352092
-40.07187950938
-95.76833626443
-29.797085672574
-38.451028138528
-50.024178024666
-41.346222408234
-197.512724200712
-53.192349696744
-203.567272191784
-162.764028045522
61.754939884334
-33.771394892
-149.700134013122
122.928764486382
-86.801484431367
-179.174492553887
-169.856699669688
-189.110129264182
26.711191152597
-152.116604803617
45.217751242898
-190.272193897682
-186.447949077832
-37.354347041847
-38.618153493642
30.982962295951
-77.043310476416
-71.696817505411
-177.081820577426
-210.499007936508
-31.871765929383
-34.675144300144
4.051878297484
-184.505488760372
-96.604527417027
-166.530052900658
-88.421626984127
-46.32693001443
138.351440605835
19.422807173295
-178.898969465864
110.790205698165
-162.900064399576
-13.975559163059
-158.76625419936
-167.877151819535
-182.58370183419
-113.5579004329
-39.173041801948
-178.33380470441
-31.484856235345
-161.005349251443
-139.386536261048
116.622572685561
-158.646645021645
-151.582689337572
-29.778138528139
4.498266002661
-91.939136059253
-79.69027538217
-198.081176581665
-37.218065842578
-31.975461224973
-35.440636132531
-72.55094823796
-104.580545268534
-30.165375856782
-35.200327070933
-36.095799653905
-34.567079133974
-37.171106291712
-40.625278313267
-32.113296046402
19.531197155709
-113.395735395247
-71.676857864358
-117.23213264058
31.084737934591
113.54825036075
-37.479014475108
-30.874651932269
-183.60914988332
-79.280921660804
-32.278790274396
-36.772289017406
-88.15835672574
2.442981009876
-163.924152236652
101.795065611472
-174.956882581394
-202.682106711648
-166.407898037293
-45.577659265648
-27.828290578779
-184.139422263934
-190.467532467532
-91.240723360841
102.016053391053
-39.540466044372
-41.08276402417
-105.977994227994
-112.175234487735
16.000713750225
-31.390873015873
-33.841630591631
-147.21826171875
-36.862213795319
-32.970861657873
-170.313069309163
-100.58362432923
-19.33676046176
-178.536275844381
-174.036345598846
-90.160283780889
-208.847642510484
-87.073224572736
116.386023319129
-167.117223434118
-124.495199624594
-94.269660894661
19.829926638032
-72.873897315792
-36.639888702877
-193.023997649486
-33.892607013212
-194.834603710092
110.960788831394
-161.57703288465
-147.293282292794
-1.638806451795
-87.424324861337
-164.975018037518
-147.517514359555
-142.969454590548
-82.08362432923
-139.45384438695
-11.326417072511
-37.345318066265
-178.837149395743
-76.000110620716
-163.739004864493
-57.681088930601
-171.117514430014
-133.952631082026
-147.491903550009
-186.620961991567
-28.383325441919
-134.102272727273
-175.621412929518
-85.383650258162
-153.800587487599
-32.068472814078
-59.599837662338
-35.907836033324
-36.6056998557
-112.432068311463
-133.672716985705
-47.949585137085
-31.124265816649
-198.813249684343
-169.50018037518
0.203532957927
-171.449757761769
-149.645652958153
6.974737258185
-23.892586580087
21.478347227859
142.805926522479
-109.034624284136
-187.369325932314
-148.202842106895
-167.491341991342
-165.828290578779
-173.568604572511
-192.49817581507
-97.456379856038
-167.957444140061
-27.197441068047
113.506957127074
-147.434343434343
-154.428584111201
-30.762876392271
-191.920897732909
12.58953584393
-202.378968253968
-181.197670764565
-152.544733044733
-139.067792884199
-83.465527907422
-40.131563260958
10.707068241004
-147.131596376714
-35.805042613636
-21.269923706935
-177.725981917388
-165.066120186237
-82.344426406926
-35.920524299919
-92.198781199269
-0.314045871663
-139.684052438447
1.530393217893
-91.948593073593
-122.751816434434
147.592352092352
-101.297899826953
-193.310974561463
-164.031357097763
-204.431818181818
-99.806805499188
-89.907196969697
-25.314955498061
-37.139332076344
-127.868486060381
-79.561868686869
-156.259810014205
91.859585672574
-203.345209911616
-98.764401830808
28.142213147096
-100.95670995671
114.26633170432
-164.149621212121
-198.133186637581
136.304640997024
-170.218602035985
-144.783217216811
-0.381140506629
-97.310876623377
-35.566829004329
-167.852182539683
-154.496454500361
-85.880481009876
-30.543372480384
-152.165867660985
-110.928473490485
-25.675324675325
-92.339855023449
-167.003336940837
-0.205607272502
2.652166897772
-26.009297072285
-176.4096940386
-47.889880952381
-194.980900664006
-29.408980288375
-33.225211095328
-28.038793346411
-108.445526695527
-36.814053622159
-44.75955988456
-31.493679118191
-147.107039986923
-122.975386538375
1.212020807968
-219.254426942415
-34.269660894661
-195.38646157445
-160.441357633252
-197.899961529356
4.593983219472
-98.114545990034
-179.078213073819
-29.003599753111
-176.4834879205
-101.764873201885
-151.407134965729
-36.005751572646
-156.21023748929
-140.484758297258
-184.741883116883
-195.626262626263
-0.548969395405
-34.164772727273
14.113999580064
-179.429022366522
-152.417478354978
-159.997474747475
21.585559839466
-148.594877344877
-35.265151515152
-78.236922799423
-182.757297444309
-127.326667202155
-150.181918585971
-31.439233997339
-33.917498788104
-193.700667388167
-178.921085858586
-186.003254503743
-164.507506003111
-79.61622362013
-180.320526695527
-51.366272236878
-32.59126984127
-85.206622235187
-168.720328282828
-37.554099871483
-190.360049293155
-77.705357142857
-162.793823418335
-161.897719522231
-82.359057229663
15.068660939755
-28.091560837166
-51.441287878788
-165.77225590165
-46.57433500744
-180.977883607278
-190.356483008094
-22.792929292929
-188.606248731737
-155.094127660534
-168.756944444444
-171.570629565747
-35.755128010011
-32.371224803842
-119.039231601732
-112.987837357955
-93.581820577426
-40.744588744589
-37.363816738817
113.669975423882
-40.285714285714
-153.639803447421
-33.270013894526
-34.930444934839
-149.997286621798
-165.502373060967
-185.654241212347
-92.198843203238
-176.779962713068
19.272997835498
-108.614921889092
-84.735992739899
-171.770402828508
-193.395202020202
12.570408324315
1.19218975469
-193.519279711174
44.111139294733
-51.531926406926
-157.456070893083
-158.387556508162
-162.061981773652
-187.139582205988
-180.921266233766
119.498920214985
-197.900523088023
-69.061028814935
-175.821158008658
-89.278419307472
107.884129379735
-36.287878787879
-152.881972628066
-189.415432224026
-115.791383421266
-28.325126262626
-57.383014012897
-92.838945397051
4.234479983992
-86.47112728851
-80.576832076344
-155.056096681097
102.955898268398
113.521276520788
-37.294372294372
-25.522026205132
17.694624819625
-100.256160939755
-83.747724877119
-34.186688311688
-200.248667619273
-82.559431155867
-112.715888657783
-184.481802539908
-48.493235930736
-96.394833519345
136.953713333108
107.01747595937
-37.520104082116
-31.672807173295
137.714015151515
-27.551427359533
24.813762626263
-63.51328575938
-160.992813176407
-31.423778803662
-31.263950892857
-91.18968493529
-140.371933621934
-82.740862869769
-31.54310966811
-29.962830030213
-32.847863751916
-99.102432669327
107.571717101258
-173.211933086445
-227.460650027056
110.796724922213
111.491063678075
-154.080808080808
4.92515205064
-36.074425195031
-125.848763161751
-149.308724803842
-156.52904040404
-201.263015196609
-30.680465367965
14.099749940814
-99.878274936869
-27.89926046176
-80.242764559659
-141.846410533911
-190.224829911842
-34.245418399959
-24.042991296898
-146.398371268488
-132.194096376714
14.787169969787
-200.001430318813
-103.048340548341
-23.696619163172
22.933802308802
-187.94333400974
-191.508379695391
-38.612804242199
-142.961871082477
-77.864157056052
-190.193083880096
-154.346340779446
-119.052398989899
19.940836940837
-99.404581529582
-192.830357142857
-79.601301096907
-185.404671717172
-75.173979611968
-159.544019294508
-34.605990851596
-157.013355513844
-150.348332656926
27.879522062139
15.4727531312
2.468562931209
-30.203566073683
-99.314994602836
-19.047356235345
-76.800046362058
-40.030045150162
80.57414194963
-166.466692595599
-37.270109366545
-23.993143277079
-50.288602754667
-29.638888888889
9.317738630727
-184.968163780664
51.874902061914
-83.531495902101
-105.911177906295
162.188592467645
-45.214293464782
-89.668009263957
-139.405913910308
-34.988656796762
-40.837675020292
-150.313241933847
-149.305735930736
-39.185327747339
-38.485930735931
-76.430936739042
14.402708023313
-85.461982055488
-37.341290274396
-79.505841760236
-97.537255225244
8.48097041847
-195.833861776245
-42.459874272863
65.762376132982
-79.31737012987
142.37240499301
-132.553280432675
5.563672438672
-32.215455686891
-43.132756132756
-17.185335497836
-181.244318181818
106.116862683757
-133.882768815386
-154.560087834258
-79.389179884785
-167.22744288589
63.584956709957
-93.442009379509
8.502504819399
16.882405598958
-196.501775568182
-26.245761183261
-97.477190290179
-32.938770376759
-59.143689264295
-39.734745614628
12.168540172935
-32.010010822511
-133.91123497813
-92.788259971365
-136.703012265512
-191.94524838226
-263.123827561328
-204.79519173318
-32.455870084776
19.22286128585
8.357024485931
-177.374451123963
-26.665844761792
-71.808101241207
8.146583017677
-151.74740499301
-76.193522135417
5.190303565792
-137.752344877345
-29.398456523945
-187.405012034407
-156.912149536661
-76.446317950712
-157.365883302895
9.861930549919
-45.519189523584
-178.834866522367
-197.392947330447
-186.611569799558
-189.655303030303
27.993235930736
-35.039231601732
-78.735781010439
-87.723845598846
-94.371142366748
-89.181547619048
-193.459145021645
-87.553453057359
-172.357593795094
-163.200036075036
-26.739829235435
-117.237025669643
-40.964564027552
4.73347523787
-42.065476190476
-201.785477190995
-176.231421356421
-23.112566795184
-182.189484126984
-175.983413233902
-25.972394846907
-34.923961644909
-162.403507028995
-31.5085058171
50.428040519593
24.710116652011
-122.74531024531
-83.31259018759
100.590465903454
-177.933531746032
-136.711038961039
-68.256125005637
-31.48844823796
39.272286551339
-35.841011961129
-166.512814388303
-87.303118024554
-130.946699134199
-33.48538961039
-83.933238284068
178.164553951908
-115.389409581304
-184.222222222222
-40.843356838474
-25.598276289683
-108.973582786571
-151.895681141775
-157.293179422574
-40.256292698187
95.02379684118
-156.874178095125
-179.448294327201
13.452380952381
-162.880591630592
-163.592254154266
-194.555112368101
-48.808802308802
10.353535353535
-165.832799958288
-39.32331229426
-197.577401385507
-160.556978123873
-23.551316738817
-26.411824720418
-113.513139204545
-92.498745124233
-143.077187894571
42.964478772096
-94.33276402417
-201.489365614854
97.509900201795
-42.404298284181
-40.216622841135
-145.867346737464
143.992875180375
-169.373286435786
-209.158910533911
114.509101196113
-166.462461529356
-190.95767383658
-36.529761904762
-194.060147372159
-192.491514616026
-183.3704004329
-38.189393939394
-117.359598355204
-89.185755786098
-79.493027371934
-34.790584415584
-190.204996392496
-35.060868872881
-30.18329183295
-159.153339336445
-153.68950456011
-160.490800865801
125.160714285714
-126.028888212482
-35.101453288465
4.251713564214
-31.266782642271
-101.752435064935
-195.323412698413
-183.567079133974
-31.68558562748
-31.595882090999
-185.936860936373
0.58917509357
-195.376713564214
-24.784722222222
-104.752365310471
87.918851601957
-182.782750777868
-151.576110575622
-38.816746567235
-31.272464460453
-183.501172438672
10.456251268263
-90.387023133117
-142.193009193498
-19.657557720058
-36.979880416892
-177.743223248106
-53.110590418696
-0.838023088023
-138.09891535331
-44.712912467307
107.113837171943
-91.592650838745
-42.984224922213
-148.493676652124
-99.649469020563
-44.277326839827
-161.950925268308
-34.189682469223
-37.476551226551
-36.873258252165
143.7098640563
-133.847415280032
-28.049865986878
-166.354096912202
-155.117792743281
-148.049595424107
-36.155315712933
-101.028318903319
-185.211780894886
-182.455640388258
-147.414780477769
-44.441849437455
-48.748384373873
-173.125639063627
-172.60550679789
-162.174360795454
-70.304202741703
-38.566025066513
-182.471430967036
-85.635121443227
92.70663245175
-33.181916119904
-195.247757992875
-140.154561096456
21.547368917974
-36.349178165584
-215.353285223891
137.959436017541
-201.776667343074
-44.704465483518
-137.424131803526
-203.159632034632
-35.953532957927
-96.963121026109
-188.957349020337
-34.576087676429
12.815574128562
-30.272977402372
-188.319797444309
-128.941378066378
27.062049062049
-36.080615022998
-159.247564935065
-148.467261904762
-143.90854978355
-39.544191919192
-206.351288414277
-6.266053391053
-170.264097447691
-29.383588254194
26.767669017181
-33.59232390873
-92.405815972222
-32.734036796537
-34.616279987374
101.078743982797
-42.655372784767
-195.632498252615
-77.938760160196
138.220689033189
139.688229251218
-71.549623607729
-39.339466089466
-39.602723665224
-31.421959550866
-160.036889190454
-94.227079669462
-155.219717402823
-53.670802613185
-97.333774054721
-43.548062235074
-185.327471139971
-92.192883071789
-49.809155308667
-38.794003793516
-173.092983405483
-177.880980564574
-156.310966810967
-152.555838800956
-193.532836033324
-166.272637085137
-33.872557184569
-169.746572871573
-174.387896825397
4.88186200735
-154.86361593051
-39.067079133974
-82.839618281025
-151.685773753157
-137.708866708378
-153.834325396825
-35.974304287293
-186.221701529807
113.703981429811
-195.378898499504
-150.597611156205
-34.231240981241
-168.313229251218
-91.947420634921
-154.220456870603
-33.42993199292
-176.728826349432
-153.930132801227
-37.780109972493
-90.928919496302
-78.545732858721
-60.953914141414
-33.826667202155
-32.139069264069
-28.069011473552
-95.656846435899
-76.600628917523
-29.625659496753
104.375871226213
-201.239089767654
124.125159942054
94.24992249504
-146.976108039096
-91.73612907817
36.239739047845
45.707702020202
-72.444735440341
-165.912136854031
-29.030303030303
60.364607994003
-170.826388888889
-32.652695340684
-68.945554879149
55.926669738681
96.480998602092
-160.27235877187
-193.176669738681
-154.66055434366
-186.478723479212
10.950456363298
-98.158529350424
-142.994568311463
-153.84873497813
-157.379509379509
135.941087070482
-152.89402958153
-142.569534632035
-30.273469206575
-38.890782828283
-34.69733044733
-32.827380952381
-189.304375366387
-93.425873551362
-30.216823649441
-159.768398268398
-203.23240320335
-98.038121167027
-37.150625958243
190.207140461535
-177.801667272615
-39.689033189033
-203.071518759019
-29.891782642271
14.440849623467
-180.632124819625
-164.542728484623
-166.527958152958
-137.177128427128
-211.499541311553
-179.87291793493
-172.652929969336
-39.216457966946
-41.937180115891
-26.347062280168
-34.973296722808
-152.950414792456
-92.103986291486
-76.307650303256
-30.4547053966
11.111574731692
-95.08945833897
-50.916584229573
-171.026785714286
-153.233253291847
-150.249020619138
108.443962856805
-132.194972887356
-151.700737142632
-23.909438976822
58.689213564214
-81.340249594156
-79.094709652327
-185.813234183351
-77.133034446023
-144.364615744499
-106.667305730294
-44.058421125316
-40.616259554248
-83.931277056277
-29.928839525275
28.752733811328
-35.114648860254
-102.3943001443
-166.054834054834
-163.242063492064
-32.084874272863
-149.012889074901
-27.558343620355
-39.784003187568
-110.518558210453
-157.971709280303
-184.604707792208
-170.489419868326
-103.083526391144
-34.004058441558
-33.38952020202
-35.758629825036
-26.769841269841
-113.385163014069
-31.950146695752
-34.74989712978
3.167756668245
-170.210969206575
102.351994414006
-30.510933131539
-162.65672559862
-31.104695109578
-178.962412208018
7.637108036278
-89.017648584055
-5.403208282603
-158.23478648088
-174.692800634695
-57.199306823819
46.14630470441
-102.190656565657
-145.617334054834
-154.309093304699
-178.455357142857
-117.131292698187
-176.22044665404
-36.647997835498
-63.408160849567
-26.220318066265
-104.060167805285
-77.968725339331
-152.032269190228
-142.704614856714
-94.305756363862
-85.214486522592
-74.563401875902
-31.766496578508
-165.036095469201
-37.113115671221
-36.706668738163
107.990051181457
-121.039932669327
-78.158840779446
-30.372204184704
-38.641865079365
-196.860827865711
-167.415757040269
-144.111201298701
-32.148518527913
-28.699695757801
-85.511162828057
-87.606789857278
5.873466810967
-38.192620259515
-201.805346996753
-162.453205323323
136.830537518038
-153.581637736179
-202.295817761882
-122.126984126984
-38.856679236562
108.518838989786
-127.331627519616
-167.664592352092
-168.283750591856
-176.681916119904
-74.222492784993
-34.582230649125
-87.736361240756
-92.457431457431
139.358392800776
-165.353465599071
-37.420274170274
-195.606269164863
176.143119955132
-77.036843039773
-80.590818903319
-25.347513218119
-220.446158008658
-32.719405973801
4.614698181593
47.739698181593
-160.214205743258
-40.233287112193
-161.345049969562
48.587739842623
-183.001254875767
-176.676497113997
-189.338924963925
-31.612443491838
-28.489079551091
-82.288038729933
-32.474206349206
-174.382202324585
-149.955447330447
-186.36553030303
-145.370199624594
111.378336940837
-86.257846320346
-190.747572685561
-30.633575571564
-171.712051457657
-162.145903087798
-42.65654522344
-169.554403550009
-167.581078643579
-32.024280894886
-166.801857864358
-4.747753060741
-182.257665945166
-110.464736652237
-190.513195571789
-1.821670950577
-191.422266047754
-28.706501397908
-162.920547199112
-198.141323953824
-107.365447865936
-179.052406740395
-71.859858701411
-152.459928526335
-30.084603710092
-51.047709235209
-28.690586811192
-88.582251082251
-36.358405483405
-24.604277287383
-171.326035889024
-85.044725294237
-0.437477100807
-151.401966089466
-193.601752034858
-185.912177720283
-202.895570521059
-158.263728946834
-93.782369594381
-49.408377158865
-57.652424777913
16.548909857504
108.712201183148
-94.769841269841
-185.449572454455
20.678550995446
-97.601391284497
-25.035443722944
-87.301788109894
-82.996663059163
-156.281197155709
-27.633047128653
-60.402679839692
-195.309330751714
-29.822448818543
-42.091290274396
113.106802539908
-39.314045871663
-140.964945211039
-32.71453584393
-157.783008658009
-51.85588023088
-126.867805425911
-35.145993275388
106.485410043516
-185.177308802309
-141.732233044733
-95.952030418583
-49.800943305826
-152.347644976551
-141.664231601732
-191.605601917614
-170.137085137085
-93.315226060832
-38.026306592713
-171.199487198999
-47.263971325983
-157.797229761341
-198.190989132395
-35.91818717307
-190.155200160083
-39.394099335994
-28.55075518015
27.449644674986
107.057982869995
-35.914411976912
139.418552855565
-102.146902901786
-144.821145326028
-192.222160218254
27.341460433013
29.582513894526
-159.553751803752
-129.926053926542
102.041125541126
-157.354604921988
-35.162600474612
-34.721951659452
108.003086811192
16.823474702381
-189.184163059163
-84.604715542704
-91.67316017316
106.255952380952
-32.269009148404
-86.041847041847
-194.464736652237
-192.905040218029
9.275453333559
-141.139770331665
-197.809420939304
-72.507387631899
-181.270590954185
-24.52676528116
-161.501525438537
-37.021542151425
-188.499902061914
-16.838293650794
-28.832439207927
-38.447510822511
-27.438339871934
-36.877262440251
10.395841083829
109.491870434253
-192.486922799423
-26.073953823954
-184.974399407017
-153.616442395495
-183.776432714421
-154.207784457296
-24.544614673521
-34.175324675325
-32.204066332973
-54.257768815386
-150.065308497926
-36.021838079455
50.456176581665
-86.739808802309
-152.125819438808
-22.993519176136
-84.549675395134
46.534750405844
-118.401966089466
-33.198044197556
-27.783098845599
-96.592962972358
-56.737734487734
-177.741612554113
115.090167157062
-42.154032653544
-184.489107734713
18.098402411391
-32.039953102453
9.612832425821
-182.729986105474
-35.596701529807
-186.714383652372
-87.207771774666
-91.677288369183
-194.942341946248
-153.177481426993
-35.611492294598
-183.811237373737
112.979978354978
-35.861915048927
-89.671897546898
-189.112631617514
-168.06717707206
-25.834894705988
12.746462250857
-89.318112063718
-167.477522856917
-177.08722936677
-188.291473608856
-3.447954009966
-74.699412512401
-41.912059349071
-38.850628917523
-93.894820836715
-77.006846506358
-37.524178024666
-29.374479307585
-175.612386420004
-35.601538543921
95.910907343525
-175.791596912202
-171.256202510597
108.733694013235
27.875891659339
-94.766226015738
-205.288883534001
-35.446358816964
-194.551850113862
-94.13368619228
-201.04597523787
110.446165759154
12.818911069399
-142.835856119792
-34.941017316017
45.62281506471
-103.518578643579
-34.796426175821
47.255599381088
-146.526167083784
-41.206086394075
-38.570256132756
-36.758054879149
-52.63924963925
-82.122727343186
25.021714776109
-189.273190893308
24.700146695752
-170.640793044846
-101.64402958153
-26.899288645382
-172.428473490485
152.312922754329
-120.846938976822
-43.477695481602
-176.035984848485
-32.324883883478
-38.948322510823
-38.554493737599
-41.684080622069
-79.286714099702
-203.488517992424
-33.00678450239
-11.520222453328
-141.573946073458
44.220779220779
-194.766684704185
-85.049221991117
-196.473513032107
-114.881473073368
-185.255481009876
-189.958361516955
-32.476252480159
-70.24990981241
-101.469877344877
-28.212391774892
-144.695359002976
-171.624556812545
-168.609299608811
-41.942821067821
-142.422430921943
-193.468684473079
-76.534992784993
-212.984147417253
-141.129329004329
-42.657918470418
-107.659472092578
-148.058513778973
-73.082604082116
-93.850821975334
-92.143599076705
-104.925693176181
-40.014630822736
-67.477543290043
-194.302128427128
-186.587404457522
-176.372763277304
-161.905823722718
-57.976162292569
-79.452233692956
-39.799255106872
103.964749334867
-213.65856246618
-202.035784040179
-182.018050200667
-181.091200086806
-207.097742914637
-180.103736161842
11.635830261319
86.174234673746
-91.195797258297
102.771451963835
-151.649268212256
-86.659562280168
-164.995490620491
-45.494769119769
-183.123667619273
-193.597750665134
-90.875270562771
-35.533127029221
-34.360289206236
-171.658611787518
-40.827270331665
-91.934856376263
-182.759768443362
-133.866710492199
-30.149989712978
-187.371129684118
109.317648443137
-211.718712656701
-150.002156751668
-146.296990200555
-33.601809106692
-205.43054780506
-192.905733535128
-193.678849741838
-167.005591630592
-153.904491341991
-38.223652541035
-169.340187590188
114.907279406791
-35.921438858451
-42.652056277056
15.584436017541
109.88627591484
-181.026224155619
-161.34423828125
-165.729244171627
-37.229986105474
9.302579365079
-145.007423566017
-167.10684411075
24.94983526673
6.361482078035
-39.572400201795
-100.918449985345
-79.046626984127
-37.669601286301
-118.384108946609
-167.888159637671
155.002164502164
5.691937158978
-189.253156565657
-182.483044733045
-107.169442048837
-0.17288961039
-165.475309033414
46.79050197849
-183.425505050505
-38.072892005997
-38.027847532242
-161.714187776199
-88.879120445527
-163.728605108
-136.328803520698
45.694021690115
-60.367043058938
-153.941468253968
-169.769951890557
-40.100538729933
-163.680014430014
-89.088474025974
-90.064143809749
-33.085399897412
-169.986381673882
-99.179292929293
-199.779859842848
-128.352100102588
-136.945333637716
-42.669454731466
-5.623659868777
-26.820596449991
-190.112824675325
48.437750129645
-78.649981962482
104.815406436012
-37.643210142722
-164.086482148494
14.875319884109
-99.252422382305
-90.335046897547
-25.670843479437
-154.600095542478
-85.988796305691
-35.13952020202
-164.819243636138
-135.997294372294
-77.618514244003
-84.735021109533
-34.306096681097
-195.470869408369
-192.320547128653
-28.344318252277
-80.172320301227
-141.151486967893
-32.909090909091
-11.522005772006
84.275172554225
-83.648338152733
-23.680042613636
-128.454846667005
18.285093189146
-152.518828773223
-183.752517502029
48.821639596298
213.751290809885
-58.052288369183
-24.933073057585
-13.880168876263
-110.290133477633
-29.16637567077
93.96417509357
26.741099612193
-29.534250851145
-186.563664688176
-101.1702946034
-36.916653984037
-73.281593840188
-34.226092538104
-27.55772005772
5.434624213677
-154.843712656701
-24.991071428571
-156.357302799197
-34.806166435561
-94.700507446113
-159.093586534993
-154.187049062049
-199.8844823796
28.236111111111
43.12492249504
-87.34832490643
-96.698260506854
153.21952681108
136.095719682878
-143.481233230745
-30.703836636454
-185.339633782017
22.336407461896
-179.260642135642
108.421987734488
9.897438742898
-36.856684168696
-29.298438486427
-183.991239121122
-169.224469161481
-181.328635828148
-117.111090677985
-29.032905787789
-41.219037472944
-71.320178627796
45.520936203553
-45.4981884977
-42.340646278635
-203.839584460678
122.38150125699
-160.654058371099
-140.56077868529
-180.307068311463
-164.377525252525
109.782938903544
49.123466810967
-30.798418053301
52.921975051858
-42.597825351732
-89.470771470283
-137.374430690837
-89.8777880648
-24.78018994352
-164.039870665359
52.501172438672
-165.064664502164
-99.401494718389
-84.89689515129
-178.580439579951
-168.026036029942
-200.356851861246
-107.229888167388
-183.265679958063
-23.319903132891
-195.112123607729
-207.516803075397
-157.13552376443
-94.942991226438
115.777677373625
-52.261072640467
115.097971906566
-30.984598355204
-166.696619163172
-184.777133782017
-179.594065656566
-100.513347763348
-86.860459364854
-200.370240490846
-90.510649886138
-197.237255366162
-161.695859262266
-31.725218845824
-32.545516549423
-170.955009075126
-99.400703463203
-35.587133894751
-42.14295754701
-54.544635106647
-163.825376392271
-40.335678210678
-41.55292743281
-158.18740981241
-34.180292743281
-81.533840779446
-197.987020737509
-159.912067099567
-41.046917980023
-168.129391008297
-37.080279637897
45.519021831034
-151.221688847177
-37.739898989899
-34.535784040179
-142.940303565792
-129.25
-165.160173160173
-116.287680445639
-158.164945351957
202.94161797946
-148.845238095238
-35.111111111111
-89.945006003111
-142.17967411278
42.8704004329
-37.897546897547
-51.734307359307
-153.700327070933
-28.62510287022
19.579565887671
69.745864053481
-87.167047850153
-168.319111877706
-32.848685656791
-146.484459550866
-200.308441558442
-177.645923520924
-40.395632525027
-195.548582927489
-173.689602498196
-89.460018713925
-145.888507705402
-164.03067153116
-208.388445701434
-147.171536796537
-137.770382395382
14.044372294372
-123.754952566964
-184.84126984127
-170.204094516595
-163.290221199157
-192.638540821158
7.95574607684
9.864107734713
98.714626031521
17.02581408392
-74.143127705628
-139.081640202246
-152.18846387987
-195.116509683892
-30.326541080447
-186.730810476416
-95.452040635146
-35.765790578779
-40.574585137085
-114.229978354978
-199.640975886093
108.737914862915
-36.391692454681
-60.355040358947
-149.989829235435
-30.076577014565
-25.635794327201
8.113844922439
-83.048873923386
-52.114440301452
-72.205705210588
-168.566476004464
-165.513437950938
-158.452671948277
108.674324861337
-198.466151470058
-5.318091630592
-189.303759554248
-177.82396157445
-83.024690966586
-30.122065380366
-114.724464229347
-142.416048036165
-134.078220824315
-201.576659451659
-141.056908369408
-33.064726506133
-148.173611111111
-37.533209466315
-34.109570171582
-194.84395503585
6.415043290043
-206.245601241207
-92.621310059298
-110.893410951028
-158.711219336219
-87.230220734127
-162.225198412698
-96.309503376398
-94.469689219201
112.48394414288
-199.362283549784
-75.117694805195
-163.660185842803
-168.905114904627
17.201770072376
-156.664509914998
-156.775149655032
-141.782114532603
-136.717109713203
-89.454996392496
-27.290563982459
-184.138368196474
-34.794841199382
-192.105277101371
-97.976079855474
-169.256140506629
-42.206689523584
-160.932166249549
-188.457869712753
-39.775974025974
43.653017690859
5.379398758793
-186.792014734398
-182.308240750135
-28.905903693745
-27.691728600176
16.356982915088
-36.846508471997
-144.048871457319
-168.699945887446
101.110131730249
-140.463752339241
24.144099335994
30.423062235074
-150.473853349342
-163.861631803526
-164.115723360841
-149.481060606061
-123.511195943813
-193.613533493416
-38.934884559885
-66.013257575758
-91.786458685629
-173.834415584416
-170.817558255546
-33.966921587527
-20.68063799265
14.33152958153
-29.880238630727
-76.185577876984
-152.263327330222
-28.773276148764
-155.946871758883
44.876525438537
-37.655295279807
-193.089654215142
-36.489087301587
-170.918318579207
-35.233024299919
-36.971681096681
-109.507215007215
-86.043192105204
-46.306720243732
-176.081369639475
-35.552406740395
-99.355277101371
12.29490320335
-146.513417517812
-146.771652772141
-75.468983219472
-149.403589466089
-91.120067866162
-25.91349741838
-191.748930431548
-55.923430735931
-21.1841528426
-184.988012801001
-184.031086534993
-103.696797072285
-73.791486291486
-35.966081715593
-32.433519063402
-195.187221686733
-163.420286852904
-167.092594471501
-53.211420144526
-93.263229392136
-68.249721686733
-140.96158008658
-163.554383116883
-170.851350418245
-144.310814619408
-163.018119955132
-36.932116928211
-36.035624098124
74.600456292839
-35.869588744589
-124.12029756268
-174.541305916306
-153.799685611697
-39.855339105339
115.413249754802
-97.242784992785
-69.373819810832
-188.930014430014
-30.399162523674
-164.90664809366
-96.117895613501
-165.969967532468
-31.754238816739
-53.440295815296
-179.785894660895
140.455648138754
14.925667458626
-155.670011358
-40.232142857143
-102.764728760823
-154.188311688312
-41.158451845464
-155.149649395743
-168.158647721636
-162.213445842352
133.893952076569
103.965270027282
-180.226633663645
-31.124471557089
-161.93558562748
-154.011752570346
-32.244338614944
-37.997196434208
-151.053834240846
-85.630411255411
-164.270562770563
-74.431047712054
-106.783008658009
111.711780894886
-143.656934157422
-108.425878483496
-71.665854978355
-166.212183216089
-187.929120304609
-76.706256552692
-146.351120721726
8.470598845599
5.656114718615
-184.215380647998
-32.141233766234
-38.2454004329
-201.522887214782
-30.295835728941
-187.32415463226
-44.088401805443
-33.397644835633
-202.120678746167
-101.422799422799
-196.851128472222
-110.58611118157
-193.49062049062
-40.978257040269
-163.982302799197
-41.908890100785
-28.296779175685
25.604269536887
-187.935946377841
-44.026875901876
-32.111492294598
-118.997946118552
-94.820879695391
-154.743333868822
-178.792359983766
3.386175510687
-142.162718845824
-200.566545758929
89.606088789683
-95.19237012987
-80.210428081034
50.206591585498
11.067210187816
-185.38455988456
-165.203983895878
-32.998619002525
-196.007768815386
-91.778228715729
-174.101218659812
-65.915481545364
39.648368802422
-175.056568052174
150.58686333198
-35.581689523584
-38.284263533775
16.132485569986
-205.059946563853
-95.654408904897
-166.712391774892
23.026244588745
-191.7925065386
-141.334325396825
-101.465811152823
-165.56661797946
-35.590651210768
-186.059897242514
-183.774633894751
-166.68472461783
8.943534818047
-133.284090909091
-41.137548757666
-177.546897546898
-178.507475353423
-100.660874227769
-155.681158685065
136.214105339105
-34.935974561463
-190.878239002751
-90.489739047845
-11.315676998782
1.701360705267
-179.896853580447
19.323631473778
-159.133637575532
-9.56031506471
-36.611441211783
-35.005764255276
-207.686056998557
-117.740891053391
95.198773448773
-38.430986060381
-36.378496882891
-187.94575603975
-184.253968253968
-139.841277591766
152.393849206349
-38.932338874233
-39.445045107887
-35.282627474522
-174.967741026335
-160.263445701434
-26.019598890693
-178.824286390693
-145.966422032828
-194.77676528116
-26.971750851145
-155.664314038826
-35.525515337527
-0.232511358
-32.274781154176
-162.748987503382
74.786435786436
42.771928267045
-116.510740073728
-201.679563492064
-108.001082251082
-90.325729392136
-166.555457617469
114.560523623512
-40.780545409452
-156.347562539457
133.837461529356
-28.79329004329
-31.717434529446
28.041867474973
-34.264790764791
-166.497946118552
-84.134031441649
-37.028581715593
-165.880140692641
-166.251450751939
-80.879329004329
-172.55266955267
135.628798095351
-204.457534327652
-28.081161080673
144.435057184569
-80.123807128202
-168.37796843998
-86.961920403815
-13.004329004329
-37.544622424017
-90.643689264295
-163.814566564078
-39.5625
-149.597492784993
16.29156872858
11.572698948187
-152.444444444444
-161.307740490846
-44.137162642045
-113.878988687094
17.131313131313
-37.397198829816
-195.812840317235
75.777417027417
-83.538162033279
-185.729367474973
-36.073711444805
-170.108946608947
-150.193362193362
-54.66169859871
-78.834595959596
-203.245781616387
137.340749148855
-186.462002840909
-165.849386724387
-94.850708888551
-184.244220243732
-30.167828888776
-171.857696665314
-84.606864543876
-181.761191011679
-101.546655167749
-175.664399294282
-29.474845412834
-88.511355885868
0.796879579839
-179.796979983992
139.574945887446
-185.110549552444
-182.752504819399
-29.515713073819
-145.069908065025
-54.830717893218
111.770570521059
-138.08370183419
-39.35082972583
20.609387330335
-74.107774170274
-163.149703649215
-133.304292929293
-27.907287157287
-33.553591861697
-141.034111342217
-38.542859538465
45.111361240756
-195.224268353175
-190.080815831304
97.355236235119
11.361123793741
-45.442993692505
-179.151494718389
15.301316738817
-183.629859913307
-202.444702324585
19.771134545793
-36.971959409948
-123.811327561328
111.006643231985
-160.557469928075
-35.953733766234
-99.36334536774
-105.617091675685
-38.748356190251
24.17956595813
1.420823046311
-179.728347227859
-192.080648138754
-188.490898803887
-80.407307590413
12.698342943948
-14.793117418606
-37.02504396645
-22.113025483631
-100.712211399711
6.414120981016
102.700937950938
-21.380779756268
-180.534902597403
-43.24207124256
15.486915048927
0.744580994093
-148.10283428594
-147.979547850153
-31.575409508027
-65.766767141279
-152.375270562771
-32.293019480519
-29.164530348124
-167.541416537022
-166.413680259628
-175.506222943723
-118.010822510822
-180.670572916667
-188.698863636364
-86.396412859059
-31.916506724612
-119.527507215007
-100.773075340458
-184.470418470418
1.973304473304
-94.022546897547
-164.429223174829
-95.739275427264
-40.454357328869
52.803550995446
-154.928751803752
-177.826417072511
-150.822358630952
-153.202187894571
-83.627282873377
-33.190816507711
-178.442911255411
-36.755070938176
-36.818369943858
-50.401146650658
-155.551657056052
-54.16524409835
-123.660082972583
-86.136987198999
-178.76920995671
-99.052476494859
-194.11613343254
-159.812260086918
-84.870212307224
-167.669380044868
-42.13455988456
-192.827200577201
-87.391045640557
-145.276314343209
108.997446563853
-157.336239769345
90.204764229911
-32.213285900298
-84.138175138663
60.490993923611
-38.678682049288
-158.281004097899
-161.758670691288
-200.083403087798
-137.652159147276
10.875894125406
-77.322809568903
-167.68279756268
-81.988167458626
-137.807276870265
-187.242846996753
-32.501012496618
-159.11544011544
-39.356622164728
-202.477543290043
-26.448691011679
-81.024899525388
136.785706535218
6.215909090909
-140.314373506268
-104.592352092352
-187.713486708604
-39.929473304473
-33.654651284046
-64.537149536661
-36.03362728851
-28.258650258162
-41.715159406566
109.257923825307
-94.397005772006
67.24042743281
-100.827130822736
-74.382387631899
-37.037165037653
-163.893468022863
-189.023088023088
-174.447428385417
-27.580434647817
-105.010814760326
-145.067029812635
-111.338744588745
-84.830078829591
113.972575222087
116.809511126894
19.755630030777
107.340646278635
-34.744969928075
-116.741460362554
-101.187340057946
5.205287388393
-24.573605756223
-62.592803030303
-88.312257620851
107.633727763122
-151.802787923882
106.743526926632
-174.939726506133
-30.688824630231
91.283750591856
-146.389971139971
-172.742784992785
-40.995663245175
-130.106150793651
-123.524010332116
-31.776234372182
-190.786804287293
-34.100399221005
-166.017787388393
-33.032926220915
-28.620753432765
-144.269591140197
-105.02884734623
-161.083854025749
-145.464455872903
-38.609938672439
-164.175595238095
16.260198948187
-163.979880416892
-38.606498861382
-112.636002886003
-87.977079669462
-143.570900128517
-27.14161494972
-178.051857864358
-28.552308802309
60.577458457341
-82.284639785128
-106.363365800866
-153.157836033324
-90.81366222211
-39.696977447466
-13.134317505411
-173.983557674964
-159.900675279582
-41.353826349432
8.711680490733
-91.595057720058
-156.399358399847
-84.614247243642
-27.195877229324
136.058178746167
7.455279637897
-130.168802985209
-125.665223665224
-67.851731601732
17.450396825397
-96.697601010101
-80.748917748918
-157.882745916193
-28.248807128202
-134.202221010326
-38.95411494972
-86.74512987013
-24.54042447353
-67.927038239538
-183.550878483496
-50.500621096568
-184.286886724387
-158.822871572872
-181.414239352228
-36.303841991342
-178.97409572849
-168.446255946744
-35.260003072015
-197.588834776335
-177.566267445662
-25.386175510687
-172.814476376488
-135.506493506494
-162.711608270202
-31.028130777642
-26.863198108315
31.004426942415
-186.315496623602
141.406357097763
-22.440934878923
104.640131082026
-1.761301632395
-84.820784575667
-159.889798515287
-36.15107196406
-151.423938393421
-156.677308802309
-4.009199134199
-155.111672669778
-165.372732627615
-171.090208023314
-71.552239047845
-36.739607994003
-84.463757271374
-36.402437460543
-86.176574618957
-115.77388702877
-34.367181863276
101.429434904288
-44.358585858586
-184.248044056638
-96.058011053617
-37.668818486201
-148.616349741838
-82.88457256719
53.366084111201
-86.119318181818
-100.581681773088
-155.779208096591
-86.334235209235
-161.24054298566
-156.569908065025
-194.054272496167
-132.567730880231
152.481212797619
-188.046418425325
-179.317542754554
-154.031225339331
-28.752447747565
-172.373814878698
131.806339060245
86.602092352092
-36.499376437365
46.30381380772
-118.223103664998
-36.832258832747
-30.92488148787
-99.960046897547
-105.214298396916
-159.076216264205
-88.369416119904
-156.564553881448
-149.816099753111
-102.538662292569
-143.816808571203
-160.690996882891
9.40942347583
-110.039301356196
107.139069264069
-9.917581225198
-158.260031255637
-170.764589956484
-28.21436815138
42.973124098124
-178.777667157062
-73.463744588745
-28.355949985345
-96.517566146961
44.695949449856
-81.406926406926
-194.738213609307
-24.725559163059
49.471681096681
-39.527437460543
-78.063319438808
-142.772366522367
-29.760178515061
-186.738386233992
-154.187597938086
18.74522005772
-39.250819438808
-155.151793464782
-117.907898037293
-205.95870183419
-91.177128427128
-32.810773753157
-156.95574607684
-157.825584951073
-195.511085323097
-82.623093377976
-143.206189264295
-88.031586089692
144.641584300032
-89.162518037518
-18.620019249414
18.793269610164
51.156676277282
-157.782635225018
-21.22383784835
-29.792388167388
-197.166909045815
-164.920003607504
-164.019140202246
-31.588724155619
-178.918297793786
-203.053550995446
-169.621781430375
-87.347062280168
-185.02789614899
-172.192981009876
-30.371150117244
-31.002628122745
-165.745753432765
-112.918352047258
108.75936682675
-200.922721917839
-33.893746336129
-195.464659147276
-178.865690245085
-117.551136363636
-35.822863822376
-33.11640399531
-210.038059163059
-3.96562056108
-40.255341500947
-173.753775196158
-94.014880952381
-34.500901875902
-37.349747474747
-35.412670229076
-191.335670460182
-87.749090373602
-196.838904530799
-106.846292162698
-48.343094026199
-70.647186147186
-90.766594516595
0.662239724251
-188.110126798115
-35.867684588632
-144.637626262626
-37.213654401154
-190.781266910173
-172.913259971365
-35.567071383478
-200.710850835363
-170.233876854482
-39.020111832612
-124.235299422799
-33.420485195143
-32.604056045951
-148.46130952381
-144.245191874098
-31.755599381088
-186.589834590323
-159.206509148404
95.608253291847
-157.927579365079
-184.492424242424
23.389958457341
-147.816135687229
-198.678821558216
-180.441640878653
-183.866091861697
-158.048964110976
-190.435343248332
-45.477190290179
-176.251082251082
-92.279929597312
-196.420467228084
-84.96366215165
-33.804285178797
-177.328311011905
-52.717432063379
-197.535093189146
-91.315045685651
-36.225296350785
76.59822203621
-65.832251082251
-175.837600333694
157.571230229189
-36.579357328869
-164.806014244002
-155.904671717172
17.781024531025
-109.186979307585
-159.992625050731
-163.124105874594
12.23394414288
-39.232433853039
-38.045536982549
80.821075571564
-42.51173213722
-38.271346275253
-145.570263883252
-173.000631313131
64.564535914389
-160.923513173025
113.63581229426
-78.057387490981
-81.321088254194
-172.819071011454
-36.665043290043
2.289772727273
-194.563061558667
-82.989205672799
-188.913517851506
22.82492545432
-99.794843665449
204.494781802399
-201.406537472944
-179.442648443137
-122.807712307224
-153.621560188943
13.298680865575
-190.034181096681
-41.808073057585
114.12365740271
-183.873716940611
-169.62222461783
-175.943169135552
-150.587121212121
0.869408369408
-164.67306998557
-180.1960058171
-186.365808616297
-197.447441068046
-173.784742655348
-99.035353535354
-32.981962481962
-41.215388398494
-88.960157518263
-124.880383071789
-29.334846089241
-182.353416982323
-36.197773634785
-187.135634385146
146.777708023314
-191.805222988817
-41.281274660669
-84.120060115666
-178.727896289908
-121.110992739899
-145.966367779356
-91.554030117018
-161.222603405709
-23.569264069264
-87.675505050505
2.736111111111
-163.761183261183
-153.043622610029
-192.857954545455
-161.986742424242
83.581001138618
-27.499007936508
-33.409992784993
-92.792929292929
-113.053764486382
-180.946338383838
-164.092462713068
59.051595052083
-30.803100057495
106.767759204771
-38.542810921717
-40.342975654987
-89.277597402597
-30.357212611607
-87.610196552579
-73.561397315792
18.565393753382
-51.136806823819
-195.721972092578
-41.050334891888
-77.204565887671
-29.5238997114
-30.996302308802
14.050693176181
-156.767676767677
-147.68958206507
-39.121462250857
-178.201850043403
-94.894320577426
-48.99512987013
-192.929805871212
-84.577138573232
-24.581807894796
-37.459145021645
-146.552571614583
-37.706336523719
-27.375631313131
-69.769320577426
-102.257998511905
-86.864177489177
-40.93577868529
-35.332833074044
-27.010253201659
-103.154318717307
-166.447503072015
117.579172021555
24.354499233405
-166.148018268624
-5.143869639475
153.570699320211
-111.269570707071
-139.752344877345
9.094405973801
-50.354540099657
-81.415834545229
-28.224033724522
-33.455254272637
-184.596201975108
-38.329254458649
-38.597402597403
-36.202491573097
-147.517566146961
-37.913961038961
-155.111471861472
-157.039780477769
-191.825667388167
-42.563201067596
-145.322407952291
-61.706106827201
-37.714857489516
-36.647289017406
-118.277437460543
-156.700007891414
-156.440419470937
-196.832341269841
-135.896436462843
-106.100115975604
1.154298284181
-181.294614673521
48.478006910624
-39.691385816874
-38.954385512491
-30.393297864245
-141.008096449991
-204.097652727047
-202.058912929518
-83.012273262762
-196.902156681209
-158.441298095351
-172.68262987013
-33.900871155754
-137.035533910534
-35.433268933757
-153.921369103986
-152.954926638032
-30.637703767587
-147.54368144334
-86.061347994453
-4.597041847042
-95.638355513844
-36.196719567325
-162.805292743281
13.499278499278
-155.82798408189
-106.15673828125
-77.250721500722
-33.569075943588
-153.75755532445
-153.707890145878
-84.037878787879
104.589092656475
-37.04147854099
-184.085067330673
-29.126422568317
-33.80236834021
-19.585144835633
-198.159062725469
-188.775803867357
-90.234848484848
-188.082874644886
-177.612275799288
-156.820137761544
-193.218985685538
-166.977994227994
-128.928481240981
-139.811791181908
-155.760649886138
-114.208513708514
-187.134712076118
-34.826228946834
-155.379529812635
-201.018759018759
-35.317091816604
-24.875198342239
-170.052378556773
-76.96844209393
-34.241522366522
106.911613695549
-122.235247635394
-18.326639018534
-163.127442815431
-173.556720243732
-196.405012034407
-32.792215542704
-34.948072381178
-176.830988455988
-134.300234487735
-131.980339105339
-33.764270072376
2.465277777778
-32.397755456349
-41.206411210317
-31.097119352002
-164.270284457296
-165.761634199134
103.260489944084
-152.388909322015
-63.104908600514
-36.560407718367
-39.681449680961
-29.636265698277
-66.87118393759
-140.556269305781
-145.865612740124
-178.138417517812
-187.206140647547
-175.452208327697
-169.474677720283
-171.291506724612
-4.86325518015
-37.015873015873
-41.138695831079
-173.664953102453
91.023546711535
-27.602465785083
-28.179354933261
-178.87031024531
62.311868686869
7.052558931953
53.169573102679
-38.086118932066
-56.279233461851
-143.635441327336
-178.690476190476
105.58774230869
-36.892145858699
-34.019359682201
-29.339736652237
134.939734256629
-32.88570413961
-197.238193176181
-167.674069799558
-173.253718124324
-180.770029395518
-153.363878742785
10.124028369634
-187.346160404266
-78.656385281385
-50.736464110976
-32.980519480519
-143.928571428571
-156.496765929383
8.918297793786
-85.956447144435
-172.166929478941
-32.556076247971
-83.363373551362
104.863262930646
-38.32474507914
-180.427857678346
-45.694436693948
-30.740370360976
-27.070604200487
-85.180666176272
-73.061049248061
-28.181630056142
27.138798701299
-34.147018454636
-40.455787647682
-170.148005585994
-162.76661494972
-194.811427965481
-162.03546415607
19.700043825532
-32.925595238095
-158.303648933532
51.742424242424
-36.291396103896
-28.021456895969
-40.718251502187
-35.111574731692
-20.249639249639
-33.289654356061
-156.976461038961
-38.048167923656
-140.204483450577
-121.771652772141
-107.245067866162
-41.429485987103
-27.913628472222
-13.980138297033
-104.310072685561
-41.159791976687
26.587422424581
-87.233585858586
-101.080468115869
-202.495387750271
-45.139447981489
-169.618207747114
150.359565239448
-37.843905714511
-84.220598845599
-82.830066146961
-83.42038479099
-163.945907879013
-197.681818181818
-174.494568311463
-188.747757992875
-89.422085672574
-34.414149164637
-159.147637085137
-94.499647000135
-90.198605756223
-30.962682770788
-93.558879813763
28.528118095013
-126.080107013212
-31.550615671221
-148.296057674964
-139.407529536436
-182.8943001443
-31.728424732819
-168.777937719832
-38.711842898855
-89.508838383838
-41.663169783775
-200.615357678346
-98.273170460182
-63.245949308938
-83.5153938943
-193.834214776109
-39.584948959461
132.454344646239
-184.851453288465
-161.740891053391
-38.184511126894
-79.879246567235
-34.498925499414
-169.478805916306
-184.200409508027
-91.492957617469
-56.668047664141
-38.532475282964
-180.258678441784
-192.448260506854
-197.93099874301
-26.057970187365
-172.342524717036
-196.014770331665
17.044573102679
2.950868196474
-185.892406204906
-196.798889424378
-40.405545409452
20.026966089466
-162.371572871573
-33.618694619183
-35.023345903229
-182.659709539592
-152.950958384064
-164.30266955267
-203.610549552444
101.336830216225
-68.188950751939
-34.952929828418
132.649781154176
25.780102221997
-126.300976421582
41.440759435877
-129.37213443024
-38.688339871934
-184.13065363456
-151.41046415607
-148.181735744724
-162.540924732819
-141.485139480745
-28.505529626623
-87.606962481962
-158.653762090774
-173.971943908956
-117.542748917749
-33.269931457431
-167.062159682765
-161.168810735705
-88.071358816964
-77.814393939394
-173.324404761905
-198.561056998557
-41.717282337888
3.523907461896
-165.033008658009
-190.357413419913
-153.473853349342
-163.677308802309
-180.196629379735
134.174324861337
17.172910043516
-32.597943722944
120.691398499504
-156.358647862554
-83.954635642136
77.840084719968
-159.044269424152
-97.708541892136
-0.704697646104
-81.085948773449
-28.246920939304
-159.633289507801
-194.625889193272
-195.810716681322
-143.612456174468
-66.759096263979
-26.081717707206
-84.304403550009
-153.848956219562
9.939061372655
-157.081978053414
-57.459207025613
-74.703643578644
-45.252192685786
-171.453885957792
-91.837031024531
-138.852112785218
-143.967341875789
-178.050046362058
-140.407647907648
-152.327483822601
-124.743944748828
-35.433093490711
-190.572601010101
-13.162780849793
-73.697289228783
105.463744588745
-82.545516549423
25.983773984262
-162.822157822646
-154.328450520833
-183.941816321699
-71.196990130096
-201.387355699856
-31.021562584551
-105.812077245671
-94.641123145518
50.65865265377
-88.687582437094
-34.334415584416
-139.252234256629
64.562288975131
-165.050685425685
-31.269931457431
-177.000290995896
-39.626693131088
-39.261932945527
-194.551046176046
-150.223214285714
-93.039600102588
-154.240447865936
-107.576860259966
103.036407602814
-194.038038729933
110.327651515152
-186.727883607278
-101.527319089331
-161.469599031611
-187.740870620265
-37.212231832837
-205.597833102228
-95.200667388167
25.916656450104
-158.368949680961
-32.564033189033
-95.294650607639
2.958974863028
-134.528569032964
-29.487345553752
-140.890700391189
-41.848152281746
-174.173312364719
-63.22801466112
-27.231088789683
-118.716061282468
-102.566919191919
-88.495420866026
-148.882756132756
-122.522727272727
-99.262786204681
-41.42584536774
-32.84191912146
-175.256756318768
-29.117955151402
-159.999881628788
-155.893606827201
-45.661914908009
-8.240087115575
-91.16611779063
46.474497345103
-86.331377389971
118.335317460317
-30.163259971365
-28.37977994228
-73.327373201885
-90.969627215233
-28.987796491703
-37.507047314665
-141.101641414141
-157.534923030528
-36.548868991252
-192.295183982684
-196.177558931953
-193.564656751668
-31.031565656566
-31.616723174829
-139.723665223665
-130.052107994003
-195.078172207567
-155.589084905979
-35.240829049423
-30.278671903184
-38.343715122768
-200.582521645022
-119.480401109307
-115.214494273088
-37.770493016098
-169.252607689619
-156.247113997114
-190.749479307585
-130.044635106647
-195.506063001668
-113.063028442911
-28.440048151718
-31.946248196248
-27.213010405393
-130.096147721636
-27.527625586219
-84.87012987013
-102.62300812252
-158.315123190611
-158.206537332026
-190.421376854482
-97.474835196271
-27.737033420139
-155.307998370987
-27.096021599928
-144.102285409903
-29.590548340548
-208.990229090571
-43.747544501939
-27.98487666847
-33.83187764926
1.29903386544
48.204746262852
-112.431555369544
-189.564213564214
-35.001540939529
-98.766032957928
-14.456581368935
-92.534438976822
-127.453643578644
-198.32474507914
-170.863886493281
19.254321253833
140.54528192077
-52.074688007305
-197.805563306052
-88.513430200442
-163.756222943723
-177.775002395608
69.080246522141
-104.508477633478
-50.957251082251
-35.344779406791
-134.824945887446
-78.906946840052
-140.639963389475
-41.965285528274
-28.867937184343
-120.452270331665
-33.709294747137
-134.328906390918
-71.424525669643
-190.713834776335
7.044740795229
-77.575404575893
-10.674535886206
-38.813873246979
-177.461510332116
-115.565213378202
130.971528905123
-80.28410887615
-42.816370315882
-185.481794789412
4.108717617018
-172.233044733045
-138.749541311553
-170.673611111111
-100.303751803752
136.397706839601
-29.052911931818
140.325847763348
-202.113808988321
-26.392666551114
-134.057789812184
-174.174443232549
-179.17134867086
-175.068452380952
-185.916937229437
-188.472505467623
-192.469897778003
23.212090562432
-150.486103360615
-168.55503486314
-145.331627519616
-181.506944444444
111.695464691558
-171.264401830808
107.0891877762
105.198770982707
-36.235951169057
-134.689656751668
113.174172669778
-185.9613997114
-95.378594820978
-38.575499695617
-148.172155427038
-34.732676232188
-200.973214285714
-141.969065656566
-61.319173881674
20.084034400929
-86.166937229437
-39.27867965368
-32.469078339196
-31.602370665359
-31.747356376263
-81.673360981466
-154.507506003111
-85.473737444196
-1.677288369183
6.413793346411
-83.723407343525
78.555354747249
-76.49253486314
-191.195609132621
-26.081328773223
182.462201183148
-136.04510154559
-37.656202440138
-198.54033428594
-161.187688125676
-136.506050319039
-165.884900201795
-34.706650418809
-142.345939162834
-156.048881673882
-35.837932900433
-186.188221500722
-189.267197646104
-140.160804473304
-170.609557488952
6.370761183261
-30.065448006854
-32.351210909316
-189.500889193272
-13.580828513934
-173.756563260958
-103.145181587076
-170.642336450442
-78.190295815296
-38.699015827922
25.668019480519
-154.07213738952
-39.034902597403
-88.300713609307
-76.512556508162
-12.392032771916
-156.6709879205
-190.214313897908
-85.703532957928
-32.949304357752
-156.774711399711
-190.643759018759
163.025974025974
-123.309874343322
108.076409322015
12.876352813853
-184.331898082386
-55.321436321925
-191.916396103896
-92.450778008883
3.044663290269
-160.053584111201
-102.035686102092
-150.159541847042
-39.685348180465
57.040102827945
108.027976120017
-38.221070216676
-152.290313852814
-23.55140446034
-143.377504819399
-80.279942279942
-34.459415584416
-107.255423938041
-168.530844155844
106.86679539536
-178.883830633342
-158.88534338925
-5.032467532468
105.362747170364
-151.710028930488
-196.851633663645
-158.13656444467
-35.441988946383
-156.577471139971
-152.35101010101
-38.300803796898
-89.617625050731
-192.627545685651
-141.987270867154
104.491143649103
-150.142053205042
-149.160353535354
-37.646194083694
15.355939768782
142.159181096681
-81.012237328644
-152.243514244003
-193.636794141189
-91.58352145901
-213.073781199269
-160.857353882012
-31.073322510823
-200.00497300009
-133.066620445527
-27.438339871934
-32.819817877435
-173.740800865801
-35.337855395473
8.023338152733
-28.974219031836
-43.062131499143
132.305555555556
-197.011213910872
-124.798693548205
-48.024059653454
135.509577851619
-176.294199669688
-40.61075036075
-39.21607678346
-37.399350649351
-34.866071428571
-40.833181141775
-36.865702927715
-163.343331473214
-160.900863405258
-175.804924242424
-187.232864357864
-144.184343434343
-154.774961529356
-203.123106060606
-158.055846551452
-34.483946608947
-207.146534400929
-175.279483591495
-37.213924963925
-130.352613044508
61.95669727408
-23.26433982684
6.216568587662
-97.437979121573
-39.133567821068
-159.895542337437
-178.402056277056
80.702540894435
135.943354442866
-176.408619538014
-127.217913651019
-32.763425268308
128.270480333469
-169.455988455988
-73.290063723169
-131.854728225334
-33.284714471726
-93.716970908865
-161.686487503382
-85.235930735931
-196.193202251308
113.49864472008
-155.710660243619
-37.323121702516
-141.488566609172
-173.087494645112
-0.919351861246
-203.079643392632
-167.77408008658
-113.14229558419
-5.552398989899
-152.807519249414
-35.436265557359
-94.00190168989
-178.251803751804
-148.595300099206
109.159119092713
-89.114009796627
-155.504759509154
-96.31726725965
134.112000304383
-124.390071544124
-153.130223129735
-37.010392005997
-214.391947516459
-86.506222943723
-26.734856235345
-144.055375180375
-35.443444630456
22.275363145969
-193.25259500699
-192.199592887581
4.568875135281
24.390684890197
-156.769763764881
-195.241584370491
-136.413572104978
-32.027417027417
-161.293630360525
-150.100337569332
-193.789855164367
-29.083443954049
-29.628239002751
-136.595245845734
-30.856511544012
-134.503677258072
-120.861201298701
109.203122886228
-184.611922799423
78.110922985435
16.771745425798
-146.962391774892
-34.583513708514
-36.948433131539
-145.407475282964
-82.011544011544
114.421248266707
11.738033234127
-201.864169738681
-189.575126262626
-160.666777287383
-32.925873551362
48.581065960949
41.334042151425
-154.42812049062
-31.477162106557
-155.303643649103
-39.410283780889
20.189381256764
-95.439386188898
-162.932359307359
-20.616341991342
-156.655122655123
-162.547709235209
58.811750315657
-32.575935484871
-164.301615485209
-41.029859842848
-34.15375715864
-157.434142626037
-94.276515151515
30.315226060832
3.185425685426
-33.95689033189
-172.973021227904
10.179903809298
-147.889762581169
-181.795274170274
-147.842532467532
-29.19993813695
-58.761010636499
1.291576479076
-82.731400923295
106.893478239425
-151.733134920635
12.679703000992
-38.46836458897
-48.79398336039
52.39802601912
-30.282730344742
-158.820449190566
-155.802731556638
-103.425476866883
136.827192826705
-37.532196969697
-144.382575757576
-177.657807849702
-77.019763764881
-95.939393939394
-42.714015151515
-161.316185008568
-85.760031255637
-56.311327561328
-36.201290950803
-41.496933621934
-165.796438858451
-37.770493016098
-171.538850418245
-149.476308847403
-188.383367012762
-27.813123562635
-191.561077431683
-162.015630636724
-30.705906018894
-160.728071732955
-153.149551457657
-99.736098428481
-189.528056091044
-199.036768353175
-187.591999092487
-155.828082019977
-200.068795164254
-204.888445701434
-39.690033003021
-152.166396103896
-80.135170764565
-155.865502119408
-170.655102221997
102.573464485818
-176.250373432991
144.885088327471
-163.54787692776
-138.477264976777
110.806444748828
-28.891401458784
-166.529310966811
-192.821686451569
-87.396763392857
-196.272477143083
-182.994789552895
-166.710608456214
-130.485840548341
-152.17593555533
-157.806124864719
-191.240321744228
-159.062700808306
-91.852994227994
-82.417671412789
-142.403056091044
12.667498788104
-39.469939348846
-38.300595238095
-141.635294067911
-171.714924777913
-153.046536796537
138.314131127119
-196.672799422799
-113.012265512266
46.338994718389
-193.743965181954
-38.794490665584
107.529844341856
-78.643668831169
-79.011544011544
-31.908753057923
-158.366334240846
-52.03573471884
-104.628898499504
-28.213371155754
-138.230158730159
-0.341422032828
5.166187545094
-35.665494227994
-156.53095477656
-182.940316248422
-180.958501025884
-39.444506448413
-28.614059117965
-153.436515687004
-75.292055600649
-181.775494904401
-109.95011851213
-34.441640878653
-191.61344823796
-128.577651515152
-189.015131082026
-40.641246448864
-28.416749103761
-29.501922123016
-36.522845643939
-201.544975423882
-177.233516104122
105.617882930871
-72.51364650974
25.381300448683
-172.64879684118
-168.270444399351
105.264139018534
-200.341610158505
-26.414419727408
-27.356212797619
-156.884449263844
-30.829347112306
-31.413772913285
-148.115702927715
-35.165342036436
-138.757227689845
-160.590265095148
-196.359155167749
-39.007874503968
-106.838834776335
-38.539424659542
-179.234758297258
-38.265762395157
108.466872970779
-34.472312409812
-33.969524345013
-37.496384745896
-194.564484126984
54.796626984127
-110.096340779446
105.91847041847
-208.616334240846
-157.660173160173
-75.071588513483
-202.515520016008
-33.724739724251
5.365172018736
-145.695616883117
-45.090265095148
-145.712592583198
-114.092532467532
-77.405102221997
9.011010636499
-40.501886188898
16.293269610164
-154.626520506403
-141.39230826682
-181.5045995671
-165.064115626127
-28.920343924738
-33.622564935065
-181.890679958063
-35.275432900433
-159.651543335137
-202.253780128292
17.248847994453
-148.299595424107
-153.876690665021
-172.96904522344
-15.549706044823
-150.746863867469
-163.870593490711
-174.071768888663
-145.671294417388
-83.720057720058
-124.514687894571
-166.586018527913
-175.351563909181
-180.500930059524
-93.211912653319
-161.137543825532
-41.939303751804
6.310634244228
-23.954918887536
-31.742895613501
-149.569006189123
-116.027589652101
6.889811197917
-149.863177675189
-45.984397546898
-178.481794789412
-191.860820115215
-28.954074083469
-88.49493681232
-196.727543290043
-183.40863997114
-146.502705627706
-36.650523088023
-27.238824489313
9.981150793651
-194.578914141414
11.930437184343
-162.435345714398
-40.953483636589
-191.277978586084
-198.728445165945
-157.44218975469
-30.50955988456
-42.880674067686
-35.281565656566
-31.302038239538
-91.402659406566
-93.501896405461
-174.77329658189
-150.656808035714
-52.054403550009
-92.127455498061
-40.578726015738
-196.500381183487
-94.426878297484
-136.79032160331
8.714363219246
-31.154841875789
-159.494498556999
-195.280691964286
-45.491694991207
-35.236385278393
-35.414859305084
-115.456822499224
-29.761649355572
-34.571248196248
-158.715563484429
-186.890256846622
-86.152420647733
-35.287153666842
-173.099476911977
-98.870011553276
-137.373282815471
10.239072157707
-37.11255773287
16.680841262206
-28.118664484175
-195.129077205754
-188.12240332408
137.666411247776
-28.260717179352
-138.744601679743
-193.787968975469
-195.913423449446
-172.427398989899
-138.980966882444
-158.324498485521
-38.077091659474
-95.016868615391
-145.878156565657
-171.611490591608
12.763979076479
-158.560609596632
21.936165916283
-87.830552712147
-180.844426406926
-108.360566280965
-188.734126984127
-35.753066378066
-45.797970398852
-0.025237431602
-140.129577064239
-40.830398307734
-208.975127023364
-160.153698451935
-116.518311785413
-146.622903182565
-45.053751803752
16.897195546314
-178.284094613696
107.143212198695
-178.015489762652
-28.8414351228
-196.378787878788
-120.804450801613
-93.70689033189
-168.157129284967
-89.829432764095
-77.730992921331
-28.472056940693
-100.044530166692
-36.60977325467
136.540661499442
-36.697601010101
-23.560872918772
-20.870941558442
-134.933907590043
1.819070590351
-86.903134823534
-35.74965434329
-142.982298739545
-198.512532370431
144.271847899686
-146.012784134946
-180.660011583248
-150.538416208815
111.782989859753
30.940498693337
-51.575468214731
-40.893308080808
-36.448502886003
-165.408279220779
-47.90672723349
103.959795133032
-81.796698373462
-145.492604617605
-163.949585137085
-31.655051265788
-153.898903416005
-192.921442904342
-77.778499278499
-40.244156604893
-13.371839729738
-38.253802972439
-53.868677469559
-70.698950119349
-32.912070804172
-149.878769080532
-198.262802933202
-32.666489996091
-162.369043914443
-185.594696969697
-184.392573476354
-178.051425724663
-33.743761962626
-38.812860750361
-163.76226921687
-73.539212803476
-38.648358585859
-40.004509379509
12.26485844952
-35.000830486567
-176.357526110364
-78.783189033189
-2.983553956597
-159.604331948196
-198.96164777131
-20.514510802892
-156.457067002466
-43.131940739839
-27.934362232599
-175.769228754966
-117.961504992641
-146.525429195828
-23.845508658009
-26.881123357005
-22.182355602754
-76.551568503332
-162.726934479773
14.181727994228
11.365810264929
20.382861413997
-89.148065520227
-176.33691833408
-176.062608985846
1.94623879712
-28.630852794234
-24.525616980218
176.041150033904
-48.455898268398
-204.333603896104
-198.216720779221
-152.770093034356
-34.789321789322
-175.084400490765
-176.262787839551
-198.866898210534
-178.088094477358
14.311132092497
-32.198480383142
-170.237986252249
-59.493254728992
-193.179743867244
-81.806280760882
-145.800595238095
-94.885548243447
5.897637085137
-151.337233902572
-2.413705569841
129.682250321514
-75.028856324255
-94.725108225108
-153.735678971416
-31.587301587302
-162.098127802729
108.272186147186
-91.489827600564
-140.049065753667
-99.935155122655
-101.112193362193
-240.860641374904
43.876551987289
-90.473033910534
-32.032031688167
-127.177865021501
-166.422637845875
-197.154495046596
-99.546333918496
84.764719375456
-194.230230119493
-36.921717171717
97.111916832422
-115.126281424518
-126.863632659031
9.886077979942
-113.163979837217
-169.039411976912
-145.951313794949
-170.73088023088
-148.201208513708
-81.694444444444
155.689484126984
-32.286345598846
-102.45235844952
-36.596504426106
-165.431386042123
-175.891500624399
-117.587414277752
-37.487009282408
-45.421626984127
-97.107142857143
-40.025417806782
-161.699314574315
-196.404789829667
-135.520382395382
49.702726609091
-29.444624819625
-139.807468293205
-23.648557759295
-103.975104520503
-37.355432997534
-35.196338383838
-42.116901370182
-191.902398229161
-171.723210581109
-195.694963067125
-145.824395090299
11.397434207096
-193.617048398413
-119.404423657262
-113.869408369408
23.074662493421
-26.232067763203
15.879528177765
-33.640422077922
-93.34866151906
-205.048246656145
-161.223394660895
-35.166937229437
-34.348375862639
-183.005230880231
-172.336850649351
82.408463300565
-178.003878066378
-203.657087983851
-49.663619086856
-34.055907179267
-25.157467532468
-135.692355036219
-183.903161030999
-99.320958835222
-24.669984809248
110.884456320758
-29.348466050229
29.138509340272
-194.472023048786
-177.562413517015
53.374823329425
-132.96886648313
-152.123305234042
116.491255508357
70.631038863938
-24.452719199881
-86.603264790765
-117.418383935485
-38.670644592241
-153.757684743422
-195.981763308526
-29.378712784848
11.803760930401
5.992446200328
52.854782886147
-164.098509966037
-34.863604734126
-156.233965407202
-9.851660212397
-38.261468917604
-155.644371533635
-144.786725147462
-31.911435786436
-206.966288639526
-134.121929917329
106.637017452356
-195.295090090489
-85.112302348039
-152.024440836941
-105.874639249639
-203.152976951214
-34.389696872596
-39.898542665644
-175.931002788901
-44.596504426106
-38.714390995527
-201.598484848485
-187.684955949219
-73.464849342687
-156.217348387747
-35.22095959596
-196.237460220359
144.290922663085
-146.278305527108
-33.047615343014
-31.029429079306
-28.781295093795
-39.521667524506
-187.816216489453
-170.322894075732
-29.413149350649
-185.781652139551
-194.734938672439
157.169458777357
17.437676670575
-39.152165262902
-84.830702799567
-29.685696248196
-28.362554112554
-73.758022990922
-93.261363636364
-128.179473304473
-119.162790956263
132.748482708291
-54.344155844156
-96.260039292373
-95.441125756906
-40.693272005772
-155.980323208015
-33.970337409478
-107.802831674551
-127.303553175273
-154.214373545901
-91.171969481189
-31.871663059163
110.833333333333
106.968075949048
103.298719552
-138.922008343761
-121.804849952158
-35.86796772394
-189.379888383169
-155.642748701968
-188.608044733045
-40.374821980794
-143.83901279554
48.621230374511
-165.613255004002
-184.02904040404
108.666028582861
-141.212021897882
-31.106856397048
-75.472508682317
-30.532647907648
-82.286237157957
-137.798608755136
22.743614934396
-192.628715944497
-170.243127489847
-164.204024938278
-36.844083909865
-191.098917533137
-181.203895888115
-93.414872041512
-28.17532231935
98.288149350649
-94.729545670326
-108.029146488955
-0.053210678211
-29.907212867021
24.844426406926
-74.095601201573
-90.089574530355
-201.459748954828
-39.512085137085
-27.273559570313
-36.965208199461
-42.249639249639
-140.683263539236
-165.758567821068
-178.6757915106
-81.195788131648
-119.650072150072
137.965617918865
-152.9827718143
-33.19696969697
-204.016252019533
-171.861363420583
41.149152020871
1.866163972136
-197.096660487408
-183.116341991342
-100.241973304473
-193.797799422799
11.181973533025
-164.812033164725
144.748631288823
-32.343549554998
-173.993418661891
-204.664071835825
-33.887732347541
-194.352540934069
-33.075396825397
-101.381960341769
-90.308980328008
-30.006333740587
-31.47040021712
-186.420364357864
-107.639862699082
-186.706460003213
-36.236649880678
-33.009920634921
-162.286090933399
-30.832158538686
-194.22799187202
-39.023536605064
-74.55303030303
-73.010824866797
-28.799441052722
-173.904380545128
-93.8125
-88.856854041073
-194.601930230211
-35.664772727273
-40.515870659898
-144.374010292483
-39.332880039408
-32.350288600289
-20.148270754243
-143.648536605064
-135.724837662338
-157.428372800092
-185.96365204518
20.154960533241
-87.278231071703
-162.206189440442
-185.663422269395
-85.172080278053
-31.230086795867
-174.856148437676
-144.434433621934
-36.184977103449
-30.460588023088
-168.30492188645
-11.743443685865
-159.033552139524
-87.311147186147
-198.442069831177
-160.569155628375
131.535260991789
-27.396209981018
-169.335227272727
-173.93075182806
-167.908660580414
-131.394570707071
19.73819690831
11.152775421803
-157.082431457431
-102.803770057051
-27.396113022753
-33.103715728716
-161.766231410259
-123.353880206572
-91.415748893441
-40.599569455542
-194.25468975469
-105.039955458428
-183.869591100563
98.391530442892
-88.931376370517
-27.308621933622
-39.162157287157
-179.796897546898
-145.616684488404
-40.606423712396
-148.02876984127
-35.648917964699
-32.40564317139
-39.359848484848
-34.614607817855
-212.176688971802
-159.138780448
-184.348464239211
-160.840280133752
106.982050313578
29.71335881441
-169.867246223219
-78.760732323232
-30.769260191814
-131.954274891775
-153.194805194805
-38.911706349206
-177.173428379956
-50.519122125094
-37.327922077922
105.298088238869
-198.176298485518
-37.074384328779
-153.309080622069
-109.724464229347
-115.799775799288
12.564553881448
-28.828563607616
-37.540674603175
-27.489378297484
-37.152056277056
-47.772735023223
-200.635711890106
-36.684704184704
-205.599669969787
-27.338834776335
47.869740936147
-175.75782588722
-180.544081298476
-160.792388167388
-26.3988997114
-161.285984848485
-39.424706044823
2.582153144165
-152.497647372159
-30.80168770574
-74.46453584393
-45.036866291261
-66.957799958288
-132.894037332026
-175.899801587302
-29.4375
-201.339543594426
19.403236466225
-190.963141459235
-98.594446840052
-100.536242728626
-167.986750174738
5.003427128427
-73.113919609037
-197.690643883027
-26.809335683847
-36.130230880231
111.817919005907
-98.372933435922
-159.591638342127
-38.129078874684
-194.95661976912
-194.552226365215
16.847673160173
-87.10597041847
-137.624647000135
-30.416916796311
-146.978896103896
-28.905045150162
-193.848935500196
-88.085490085002
-146.807178932179
-157.225316783911
-175.000270562771
-157.56936200735
-184.426198367605
-202.737533679428
-75.083591213474
-179.346841038736
-184.161435786436
-160.647013522502
-187.719086089692
-35.311147186147
-162.906836219336
-33.98564749053
-36.641602267091
-148.468143347538
30.442630476078
-46.736943232549
-192.386273448773
9.632818136724
-33.474484662473
-162.02417027417
-163.156225339331
-130.123925499414
96.189512310606
-155.305457617469
-150.186577690972
-40.363455988456
-100.306186868687
-86.484918239313
-94.402314157197
-172.114698181593
14.830730575848
-32.460428081034
-37.157307590413
3.447781385281
1.023559680405
-92.955730575848
-86.335866336355
-170.255583880096
-176.808170995671
-145.280413651019
-29.962481962482
-89.384992855452
-28.356782106782
-161.952298515287
-110.748979752886
-170.344184027778
-145.516414141414
-165.411976911977
-39.662005095599
110.162059062831
-23.181658239764
-84.811876437365
-83.55762987013
-181.545274170274
-161.768856956845
-86.216200086806
-156.260449077832
-35.797881859894
-26.343722873264
-31.139229206124
-58.97582972583
-29.207168645157
-32.955455080943
23.323531355865
-188.364636177624
-177.456828327922
-75.280122655123
-31.939754975995
-143.922639480745
-29.911275844381
-153.586391960904
-37.531385281385
-170.752427314439
-144.857683982684
5.690213378202
-92.032024345013
-153.362373737374
-187.946719567325
-186.914120981016
-191.29826304338
-147.470877158865
-84.046536796537
-44.886515827922
-30.484938672439
-192.374992249504
12.824855699856
-172.74243199292
-34.482142857143
-164.194472628066
-40.539682539683
11.817558255547
-137.829545454545
-184.428460807855
-105.773288831394
0.212760561988
-181.248224431818
-25.087649655032
-187.346397851281
-189.256764069264
-32.474997604392
-192.887716450216
-28.749450837723
4.378329190341
-168.144771515377
-164.738608180014
108.755259063853
-30.382498252615
-89.425574804969
-88.861008240891
-199.108933926317
-101.936696062184
-178.013986826975
-133.093537213654
-169.366702741703
-186.897526464421
135.902486781881
-31.388790950803
-67.745830937725
-78.296827792433
-124.004697505186
-0.003849596516
-73.702721269616
-192.455156334551
-141.167908859803
-17.767316017316
-80.79701591811
-197.269911024306
-144.063963434569
-31.885482193588
-93.172619047619
-140.653798024892
108.867666621573
-172.238275613276
-104.543643043155
61.684974747475
-189.218516780529
131.91141535331
4.255143158708
-88.473590823307
-106.049262857368
-39.70985877187
-32.506403318903
114.423330331778
-152.674603174603
-145.297258297258
-137.529421587527
108.323853419801
24.04733051779
7.136932945527
-146.844529277146
-41.558371803977
-37.844787157287
110.976571659677
16.658008658009
-27.911513291396
21.92190776346
-180.101661847267
-199.084748151154
-19.483606291712
-99.851370851371
-19.216117649711
48.127144069039
-165.401695526696
-39.086136899125
-29.811077431683
-175.548360981466
136.709964460453
4.099304287293
-161.323031514926
-152.61162405303
-97.984204489087
108.339744402733
-150.964556277056
-28.342614904627
-164.193279756268
-75.167478354978
107.480068542569
-33.023927895022
20.31699669688
-146.271735209235
-133.421536796537
-18.200757575758
58.892684518173
-39.987012987013
-90.171446608947
-34.45298408189
-146.218606968119
-27.081259018759
132.464986781881
-111.538074950291
-169.503344691333
-211.262281299498
107.653867779356
-148.13751564191
-90.028216033099
-117.30962174761
-102.400703463203
-40.053280432675
-29.714133808967
-134.258116883117
107.481529511071
-61.361832611833
-64.235840548341
113.566187474635
-190.324585137085
6.88083400974
-24.402146464646
-136.751450751939
-91.055797934704
-38.619871989989
-26.804202741703
-0.21236359127
-212.582070707071
-174.726198226686
-147.491411745806
-163.173131989538
-175.630140692641
-32.038772913285
-52.791486291486
-88.022456709957
-50.352084601596
-55.552489177489
6.286366031971
-73.803501674107
-169.323232323232
-166.632266332233
-155.243145743146
-94.546626984127
-85.308078342014
138.584345829951
-86.457073173138
-92.641414141414
-161.066378066378
-36.390615135732
-25.796467042073
-94.520743145743
-31.37118393759
4.115251989764
-143.910075222087
-31.92134867086
-151.554736116748
-184.693743376849
-90.848062094156
-35.147083276966
-156.047278730384
-26.421524113907
138.608253291847
-149.970758787653
-34.256194187621
-94.608614328448
111.973381978265
-194.458673650568
12.529761904762
-42.428493923611
-162.376234442641
-102.686577690972
-2.276064213564
-192.280212842713
-31.930888122294
-23.67106542546
102.13483044733
-31.923422985435
-145.494130056142
-35.980186913781
4.380862193362
8.731593981106
-190.124180561192
-39.716790533685
-31.375729251218
-138.253787878788
-1.682887750271
131.685966810967
-34.242679017963
109.187118816513
-41.537948542343
-37.333263578869
-183.781954590548
129.483245541351
-37.73756186305
7.418658544147
-33.161809219426
-102.169372294372
-24.580475514069
5.904483591495
101.943640506629
-194.171724922213
-165.970578412473
-71.404110158505
-163.120588844817
-199.051579551091
-152.735490014543
-38.587834962347
46.167929292929
-140.660804473304
-29.515221269616
-30.738205858811
-160.035333102228
-155.257116782889
-154.124000186012
106.084686147186
94.844599031611
44.409255497039
9.637536075036
9.892406204906
-154.359299608811
-35.601489222583
-198.357683982684
143.699871487088
-174.255869943858
-27.469947099342
-151.133034446023
-163.289793160399
-164.411513291396
-32.315914445797
-40.047972047484
-39.221951659452
-168.662608225108
-162.949585137085
-62.615973490485
-192.64419727408
-40.527076710182
15.115612453885
105.598832916216
-129.285041754036
-144.873897315792
-202.156295093795
-43.033382090999
-97.9105546299
-176.137285945391
-185.863185425685
-143.598284040179
-174.998709190115
-81.762293695887
-135.813672438672
-73.303370620265
-41.801246984352
-199.051759926272
-30.221029350424
-41.73307073684
-47.229888167388
21.287528254081
-33.579267141279
97.483405483405
-182.217532467532
-200.152867965368
-208.045155799062
-40.118777056277
-35.247466996979
-150.497843248332
-151.251733997339
-40.073245005862
-11.703545640557
-38.586940836941
-36.952228760823
17.007403132891
-39.37996031746
-158.274100519706
-109.136425640332
104.133941254058
-138.605068542569
-33.432962436869
-191.691127936733
-163.49033724522
-43.054826304338
-97.095578412473
-38.824015827922
-134.343983219472
-85.909652467758
-177.28920341811
12.176935369318
-96.229354792343
-149.883137316243
-181.430346996753
-93.374196062184
-201.40185546875
-0.696611412676
-29.62605406746
2.387987012987
-26.167277546672
-177.838113275613
-192.254437621366
84.286804287293
114.620580808081
-147.874770655776
-29.647825210813
-31.671508612915
-148.636453823954
-198.835046897547
1.588814343209
-34.837128962617
105.304555741567
10.887726666779
-30.542297979798
-144.574072195166
-34.728347227859
-171.032016594517
105.203373015873
-178.431928802534
-138.367882930871
-37.936327561328
-185.173799236788
-192.76815588925
-196.427947865936
-180.048902107008
116.099296250557
-57.761515827922
-95.683351370851
-163.013167388167
-39.010080576975
-163.019542523449
11.239017547123
-190.289945351957
-147.482503607504
-197.88484312996
-170.483065166171
-38.647699089105
-132.975386538375
-151.578393448999
-34.270853766459
-89.398649581755
-45.566370315882
-154.979086695639
-135.287267907873
-14.25218493529
-105.977904326644
-124.671278916396
-195.132763883252
-104.675226737238
-153.527228901741
-35.800517733135
-128.44246031746
-73.276061747497
-192.121843434343
-1.52017355034
-11.743748872655
-59.998636969584
-94.436938441333
-151.408379624932
-153.254128196023
-30.858072916667
-94.331898082386
-48.173974327539
156.087654587166
-188.462309337798
-76.621503117109
-153.824494949495
-194.82673695662
-185.449044011544
-188.157537286932
-205.58170995671
-128.408271470283
-178.99425617785
-112.509552134064
-24.36135291778
-110.811139435651
-204.775002395608
-156.514803447421
-41.119047619048
-176.209879204996
-183.246552438447
-79.415666852679
-159.89341405563
-34.526875901876
-176.523150027056
-84.511281199269
-40.551053926542
-91.65386002886
41.708974863028
-26.525821834416
-88.269508703102
-163.609570171582
-88.272804777688
-93.640700391189
2.389950706845
-65.927308802309
-156.830877835272
108.63005050505
-150.938520533354
-200.294289857278
-137.888187821293
-34.760995135507
-27.284181096681
-156.253357373963
-38.613247429654
-172.674255106872
-3.642748701968
156.666305916306
-38.757235440341
-25.895292207792
-158.931014244002
-138.908918284407
-157.846660663555
-26.715646278635
9.406192223575
-200.299340362329
-123.430826118326
-149.39891239403
-33.147214330808
-175.593065842578
-105.208353766459
-147.970676350559
-72.16829004329
-72.750290995896
-176.240189985795
-51.454254458649
-37.907114532603
-34.346611342217
-86.587940650929
-172.63168163217
-61.477465785083
-111.026272772367
-126.682727808216
-129.990600057495
-170.837190966586
-139.32397425708
-34.316628196023
48.35188379329
-21.589716219111
-31.381295164254
-158.569366939484
-88.21158008658
-172.773358585859
-23.119931527891
-40.69887138686
-145.421979983992
-190.979076479076
151.095526625068
-80.125881442776
-36.533098845599
-79.258830633342
-40.50295575735
-164.613906926407
-97.64630470441
48.139991573097
-36.706168831169
-89.837842712843
78.629151667695
-36.74197634302
11.080524483112
-160.444527454018
-201.923179285179
-203.542011343556
-30.473020875609
-33.859413620369
-71.383300296844
-172.245326318782
-155.469590708635
-53.285427649472
-152.368161816618
-206.552833854378
-58.233962682418
-35.961312562356
-203.304199703156
-85.302852966397
-95.966070706683
-151.537953824525
-191.507575757576
12.60992352228
-105.192445167301
-33.920747463149
-93.132034632035
11.279743149081
-35.751005036318
-97.545905483405
-38.619678932179
-27.720953834177
-88.826559881971
-177.931966839071
-39.248985551996
-156.924165239066
-48.647565661743
-164.914474035238
-183.4787121084
-23.011006506318
-89.94757862559
-35.128607503608
-192.487441540452
-33.778228715729
106.783568547746
86.502453829131
-144.450216450216
-190.26920995671
-84.34674889976
-168.706183975049
-199.336129148629
138.865701313143
-5.151225824549
-86.758950837591
30.850559163059
-194.873647186147
-51.976911976912
-186.614448051948
-38.862016523039
113.936430684072
107.493326118326
-195.664502164502
4.396731673209
-99.579137758087
-91.108698549037
109.617784992785
1.721406829306
-28.275072150072
-194.221068581805
74.012701356566
-164.05485285309
-121.881940739839
-34.761615400879
-34.836209937092
-183.186955169854
-33.53330172364
-92.355252622354
-85.875105281241
-41.010713524977
-169.050039018903
112.785894660895
-189.42775974026
-40.813939296838
12.182287918025
23.60108519495
-141.51695897156
-48.247655122655
-75.034184801286
-163.338199758598
28.145656662758
-41.751890234789
-184.239425549087
-33.789596056697
-99.201730840994
-41.626243828007
-38.264544694799
-179.665398345881
-149.005411255411
-38.793541807805
-82.005847099712
-169.536678538522
-140.66317185351
-198.29581159121
-183.684974747475
-157.962282789046
-183.49790688717
9.631583694084
-192.588924963925
-178.138802405904
-161.466175949075
-168.917113900013
-35.355902733741
-90.481707012843
-188.191178892942
-89.574382259044
-34.963658105759
109.729711496813
-185.753442222078
-95.943204321042
-198.135574450913
-133.982030166692
-158.115534007635
-36.794988513853
-32.441374361773
-123.130046800446
-162.572604714706
-88.465097402597
-151.089552572451
-195.946248196248
-34.740524608507
-201.887532370431
-190.772994130893
-91.075487012987
0.590713622078
106.225401290739
-146.757168061117
-189.484938672439
-77.845025818069
-138.806367243867
-161.643473362338
-97.736385378487
-78.36056998557
-145.634105242004
-194.237914862915
-131.154235872871
-104.917976239027
-32.023815218332
-107.663235833635
-92.691671132009
-64.708275047732
-180.983600952236
-155.526800807936
-16.439487831589
-99.875061990207
-166.146479740115
-37.753513611412
-42.049133438397
-64.358495670996
-30.975987598149
-144.600198412698
-127.79101655528
-40.779852092352
-156.966720779221
-196.829051275102
-156.629776237675
-163.043267540429
-109.312453053902
-50.793485512121
-186.344764654426
-169.94036720463
-98.311318434678
-27.717731640968
-101.317824772426
-29.888073495972
-36.251800047199
2.935786435786
-43.750725205326
-36.164141414141
131.121206699168
32.920009574505
-100.989714910114
2.606962481962
-205.389245934645
-33.354523712422
-90.247455949219
-157.422065090823
-154.239376662614
155.581794177299
-190.54101655528
-173.131422117159
-37.570620587722
-165.507124819625
-144.55007291081
-170.42288961039
-109.035191958429
23.469233200492
131.517428707767
7.647552319591
-136.939664502165
41.233150014286
-41.813127608526
-99.445981338083
-111.980883935485
-31.435972777968
-155.465281482383
2.370847666246
9.088658105759
-121.870746089611
-140.380685522787
-146.048163877765
-88.748643481542
-154.709748409871
-138.896103896104
-81.193362193362
105.977453102453
-80.138543232179
-29.920454545455
-167.179657384259
105.82945156235
-121.029487637386
-36.324517452356
-37.759018759019
-38.266481826144
-95.563871612108
-38.953557095658
-190.235592488431
-42.648178210678
-193.208156662758
-168.152439530278
-131.8552640114
108.891594516595
-202.173240689144
-93.777056277056
99.911151847454
-147.226727897127
-36.531024531025
-30.563943001443
-102.818617662482
-37.606782106782
29.190323740201
-32.143755314154
-25.919257886482
-31.954346281109
-172.653499278499
-181.767203326865
-198.965296576033
-172.749616746779
-113.798427031326
-25.65305430755
-98.831732459571
-153.628990756829
-153.096339144576
-42.124748235485
-157.8946383918
-102.822153776755
-112.65595314169
-92.131222943723
-30.461869447606
-101.375883077646
-175.940314613551
-99.431904664803
-141.286877597737
-172.812608985846
-32.113546176046
-141.375022502861
-35.085227272727
-30.799606879208
-206.155370715033
57.507688448027
-168.529130591631
151.370148668386
-163.974445282467
-97.953624780388
-162.502416266679
-33.669589721107
8.06684409798
-39.992514430014
111.56207156491
-140.792192698557
-181.06484858195
-53.844967532468
-134.915507059249
-142.570797258297
-45.461583791185
-156.055303791041
-35.321586443748
-33.056818181818
-39.906543153705
-159.398520162783
-204.054026071127
24.24488181022
-184.953985530749
-38.774463339801
-88.243615479352
59.035244549508
-1.631241741979
-96.42290470404
108.105339105339
-143.407196969697
-37.698506590608
95.149189072426
-183.113549880651
-39.502149408514
-28.745332748171
9.073878730014
-160.014253343855
-197.172528860029
-97.878517316017
22.264980266621
-88.962771323508
-154.593614718615
-162.402867965368
-97.365060566824
-78.369412074013
0.839379606481
-140.358572482375
-143.558873698137
-83.87996031746
-174.171266233766
-97.386258355123
-73.234577922078
-155.112373737374
112.915514837268
-138.716720779221
-178.912321765013
-3.389048654796
-74.038584391276
-193.179401370182
-162.726197246865
-96.15404040404
-35.004764044956
-32.602362914863
-170.237914862915
-163.88455988456
107.094778030638
7.48257789777
-166.703479100787
-184.140586555778
33.459778690751
158.496554618274
-39.158477849258
-90.094604426132
-163.58713946542
-95.776424963925
-126.746228018536
-35.338818879011
-30.987087277279
-35.849654931183
-48.312292244871
-35.368316991677
-34.814682755463
-144.916666666667
-90.369318181818
-146.882740235432
-42.314757045729
108.821340739813
36.519228210009
-170.267514645795
142.845521230546
-139.727615224335
-34.811526189807
-32.130156589965
-177.859686362967
-30.890584199804
-180.46861236264
-30.302234512043
-81.767795425129
-155.184435977908
-35.764896849705
-39.285639995448
-91.439664502164
-98.403427344208
-151.465079149298
-101.516774891775
-29.008565465093
13.643849206349
-42.228733982015
-96.403298294045
-77.728736337989
-39.489630783103
-35.743143387171
104.438401875902
-157.340726359754
-173.640437975246
-193.37996031746
-156.716186424354
-163.825736966484
-68.928663972136
-40.335856229884
-159.025432900433
-32.76255197236
-160.363167172386
-168.263509885229
-89.766522582303
-208.528994132258
-161.838203463203
-35.197781385281
-193.720147907648
22.63174817194
-93.003806132087
-9.185405076152
47.070799614272
-94.75937950938
-86.989466305247
112.661724602505
-167.150604148964
97.405666136638
-159.944099591408
-147.224116161616
105.064400710069
-37.930104617605
-167.350288600289
-162.282828282828
-177.834073087354
-131.899709043737
-39.13043863536
2.635279029307
-202.727941185537
-93.550162553443
-38.437834636474
-28.451208513709
114.020544517264
-116.282106782107
10.409160487408
-28.539862914863
16.596482468202
-35.950306637807
-149.608297042516
-41.831096896878
15.503686208574
-198.554824928185
95.949569239761
-209.430463011991
-71.614644324453
-196.237827031299
-2.508098629818
-33.34117965368
113.335398521258
-61.188850457878
-200.93928785448
48.296194299475
-173.31484723332
-97.139071620044
114.933991810632
-163.319624819625
-32.874206564987
-33.59406801254
-102.571521114993
-69.482503607504
-158.152058633031
-86.450128618601
111.883764093572
-163.95183982684
23.798356445665
114.430183322571
-188.675849903542
-33.755501443001
-145.11562049062
-80.620867268176
-93.239177489178
-178.813940645468
-193.418183958376
-53.911544227325
-96.524064189256
-161.843367462378
-38.243851346543
-100.215816547344
-189.510551948052
-42.916502188811
-100.527625872459
-77.14458896037
-162.879238816739
-91.530014214234
-176.516754282501
-39.264806662115
-104.006601947383
-190.441729690089
-91.917043314352
-46.796647593401
-191.810405076152
9.567568758349
14.080276081916
-145.547910219663
-136.708511352539
-128.4375
-30.27398989899
15.794555025527
-83.378239982572
-41.841522150742
-101.283637615165
-177.300548966313
-83.241880760908
-171.58919788267
-178.798951252198
-30.66538814308
-95.401966089466
-31.589628211348
-45.744956265624
132.07243888822
-39.914973711727
-159.080084224112
-122.168001227221
-178.811038745258
-29.089734296262
-93.173974217447
-36.453282828283
-96.377976190476
-26.297005987787
-121.280140908422
-80.075847763348
-197.968091846372
-117.91134795482
112.122023809524
-40.905850926519
-135.399438480966
-89.573951467979
-121.155483405483
138.128433899102
-127.199224386724
-35.084145021645
-135.889427658455
-164.778952572425
-194.953916497389
153.802579365079
-93.41051330126
-37.092277802086
-176.011465306578
-109.692893002112
47.492678907871
-115.313401875902
-91.119947138975
-88.586129148629
-162.047778813526
19.491050819298
-36.767604833385
35.867535039288
1.984036796537
-35.275811904093
-148.900324459544
-178.209598315571
-38.077092136311
150.864280249305
-209.1422281857
-47.254146273174
-91.02585881441
-144.845219841939
19.371466786658
-163.408931143184
-31.839466089466
-79.713744588745
-90.348755411255
-26.385444773224
-30.144207600735
-36.011976696196
-30.562481746701
-28.938329941611
-137.289143770116
4.927306446334
-29.906725422472
-192.082591223338
-149.659706324898
-33.499731793204
-166.988909282382
-41.913059163059
118.866224423803
-96.945526695527
-39.180844371625
-158.638509885229
125.285260991789
25.260461760462
-73.056743891552
13.163221284941
-72.597206324898
-194.320328067047
98.348665223665
-30.698521139302
-191.943452380952
-29.30183048441
139.35174985503
-179.041468038187
-36.890422077922
-165.861821129209
75.487373737374
-183.221951659452
148.502969419801
-175.416125541126
-71.648175854704
102.094696969697
-26.59408155389
-149.04058205961
-176.481403103122
-144.072790511931
-83.352714538574
-24.953535137754
63.50542950871
106.7545995671
-39.530014214234
-191.626098148406
-41.968163780664
-135.198884245637
-102.970238095238
-138.774242208462
-192.929457407149
-38.852084601596
139.916749103761
-200.058170995671
-133.748294186282
-183.096779034767
-150.263806451795
-65.173982078035
-165.027525182066
-132.944624819625
-168.133415629509
104.475759971365
-192.157078598485
-92.22861779063
-193.346681096681
-82.271173650568
-82.599144345238
-154.635363822376
-32.847873968479
-139.884340646807
-167.979527417027
-36.1829004329
-174.004980750586
-35.768947144435
90.841782783189
5.831467863801
-36.081980519481
100.186245124233
-161.390249453238
-74.414522597628
-189.764783014295
-166.488393984488
-199.359820301227
-46.147103710092
-175.425976421582
-37.895292207792
-92.73384867086
-78.109668109668
-287.627365310471
6.984856235345
-158.730499047394
-4.650793650794
-118.194805194805
-159.252357559975
-87.034964601371
-32.023621398133
-108.387793955177
-155.935868872881
-150.622564935065
-26.422147676542
-28.750270562771
9.603535353535
-186.986935482053
-95.967254154266
-28.571268629374
-91.065205627706
-142.160693852588
-149.499979566874
-160.109820301227
-185.163399480294
-163.69627637987
-186.748536565431
-112.593787343299
-204.712579900568
-105.709297213203
16.839646464646
-147.85387567077
-160.238157242064
-169.99522005772
-187.701541080447
44.256575943588
-102.421786926181
1.952208327697
-93.3412825239
-172.619428802534
-40.08944565634
3.524724082341
-41.316099753111
-168.590929524035
6.624631499143
-32.650425149937
-29.744310431322
-185.653326653815
13.489161701946
-28.263778268173
-161.66438379329
-37.187430245536
-40.070769074675
101.260822510823
-157.137896825397
-58.771742959731
-174.298680865575
-43.013237142632
101.777514965503
-23.946075571564
-41.490287923882
-36.025239842623
-80.986812178707
-186.23566017316
-29.27973372114
-34.802689985795
-39.151597588609
-88.341548154536
-36.66351010101
11.239115771449
-135.253759695166
-28.294179236562
-38.808170995671
-185.520750896239
-141.790203232098
110.498835311824
-90.998626753021
-42.377074314574
-101.164674789186
-37.48556998557
23.037448569294
-103.900363145969
-35.097673160173
-184.422688802083
178.198240073728
-41.180284992785
-32.502803565792
-74.111271053166
-109.788489667884
-162.343524531025
-35.284534096546
-34.734155167749
-32.289051226551
-161.446678701073
-203.68453156002
-204.417921542433
-93.568390376984
94.103252108135
-182.540695036301
-151.435626493732
-144.941857187951
-198.80675617785
-30.34145021645
-23.274358399847
-107.824943421379
-177.469634965729
-164.618846810741
-159.654323649441
-87.937848067731
-182.038850418245
-182.940135873241
-150.957279265873
-182.188131313131
16.310613811102
-188.211858399847
-84.568923752029
-33.495498370987
-107.696158008658
-8.550054112554
-113.635724572736
102.122266188672
-70.435799118416
-190.422729668335
-28.360992739899
-83.945624633613
-26.963564213564
-33.951409322015
-94.142413955402
-27.369490806503
-85.99740499301
-85.204352396735
-184.765630636724
-169.425054112554
-42.953012265512
-179.619588744589
-82.197698948187
-39.280496088113
-156.227904040404
115.738378483496
-41.908902783414
-169.789600102588
-30.235278989674
-112.362201112689
-138.451548830943
-168.792761600379
-37.97113997114
-40.910173160173
-40.554022366522
133.049693362193
-191.463834776335
-70.156808035714
-144.721160404266
-179.287595542478
-197.76911976912
-138.290203232098
-135.106429106917
-48.115419682314
-182.712675020292
-100.893751268263
-109.714306147412
-150.712239583333
-92.808802308802
-204.955204951299
-35.732330982819
15.618416305916
-189.274633894751
-33.710788831394
24.551705672799
50.105589234984
-98.844413724297
-167.637085137085
-137.130800189394
17.006222943723
-92.73835805037
-97.739455802444
-83.765241702742
-94.596861471861
-37.711389208597
-187.685786435786
-50.608585858586
-34.664169597763
-128.121851184839
-200.634817764701
-100.071977447466
-27.233225108225
-76.503517316017
-39.446158008658
-164.194436693948
-163.896374458874
81.486922799423
-40.026785714286
-124.352579510401
-163.094627215233
-156.677226365215
-165.780282597177
-98.857163290269
-25.380058255547
2.319075943588
-187.551669738681
10.535533910534
-167.151244588745
-36.699974071068
-44.323162568768
-159.765602453102
12.372322555916
-198.172819855925
-153.854540099657
-176.418650793651
-171.007137502255
-130.968704906205
26.217081529582
-37.548090418696
-97.182712307224
-38.419302539908
-206.669733044733
-171.097242655348
-94.673368731962
18.694686823593
-170.39402958153
-31.371961805556
13.620843620355
-32.552501860119
-82.040063723169
-87.65654522344
-207.816488687094
-101.107753737148
-90.718372339466
-138.561165153206
-150.01738577178
-180.026355209461
-195.62022005772
-29.340076969472
109.469063190499
-171.713827025839
-162.3538883534
-36.383367012762
-151.171526579974
-27.67306998557
133.435523623512
-47.90672559862
-29.862082741477
-168.498474561463
22.173320115215
-56.803852207905
-175.344426406926
-141.90395021645
-158.936778213039
12.44923213722
20.433552179158
-48.555527371934
-174.932740490846
-136.973193852588
-82.051878297484
146.363041270863
-157.878988687094
-174.984758297258
-177.201458643353
-163.177689985795
-100.212830030213
-192.402216219111
-147.717199900794
-182.32989845441
-167.727916723034
-8.380939698323
-48.300705858811
-33.513631008748
-174.465360214872
-193.222312409812
-150.911644345238
102.174332611833
-195.075827330222
-25.961953519571
112.730194950517
-31.134199134199
-201.328545640557
-29.480601917614
19.514059047506
-81.954663825758
-157.257305194805
-83.344246031746
-122.961100965007
-180.135088327471
-186.37759500699
-151.625639063627
99.706862148268
108.457251082251
-186.639241888754
-174.033369408369
-117.487201112689
-30.493145743146
26.532465066401
-154.272830142947
-147.769738399621
-123.293282292794
-28.313319438808
-38.1509944591
-157.779499092487
-23.889548385642
-152.046433926317
-192.910533910534
-209.663620721726
-87.849296536797
-77.668441948609
-132.914051226551
-177.282405528499
-153.310273493867
5.51450751939
-141.40672559862
-40.547430921943
-163.996023709296
-38.965367965368
-164.043900923295
8.732034702494
-139.311327561328
-163.167921542433
-41.362172929067
-158.248737373737
-129.18864425505
-176.14838676948
-95.583776520788
-87.226079855474
-35.936507936508
-169.539432410038
-39.239718614719
-93.926156796762
-137.409614067573
-40.813845063357
-10.912718845824
-91.261904761905
-39.718725339331
-44.377226506133
-162.608778916396
-31.103998974116
-79.107315481827
-78.943251572646
-116.219787157287
-164.915105294012
-86.541965413059
-182.424172669778
-26.285977097989
-183.621482683983
-111.178563678075
-30.130689854918
-89.933428875812
-163.708874458874
4.808060374955
85.915862728851
-164.347500535489
-6.080877835272
6.210660243619
-192.697809568903
-197.820637316243
-89.419351861246
-138.34804166103
-176.779220779221
-157.003344691333
-23.439233997339
-37.510809828193
-142.114177489178
108.477100102588
-39.278852278364
2.034472092578
-31.70518698424
-184.880772005772
-203.738115957461
2.815553695437
-125.924500304383
-36.009719826614
-186.789780477769
17.231060606061
-76.227465785083
-53.032037027642
13.250713750225
-160.267939579951
-80.952643478416
107.470931412338
-26.923951428346
-186.724399407017
113.727282943836
102.118867243867
-193.114079551091
-38.0691943148
-106.162961224973
-37.35099741838
-96.093606968119
-208.69888406949
-143.830524835408
-175.000901875902
-169.655470722854
-149.520632525027
-207.010294067911
-192.360111297123
-30.21436815138
-158.10760154559
-176.438319438808
-163.674492553887
-202.191378066378
-41.02617483428
9.223817128984
12.226170043065
-38.222242655348
-191.663572104978
-85.74781506471
-134.778027907422
78.52914327426
-25.393640647547
-29.842705092217
-38.228426912646
-93.45375419936
-206.912054416937
-77.717089280078
-30.170557415675
90.438770376759
2.011015568633
-88.109196738591
82.143148424994
-157.912510287022
-31.494498556999
-36.111574731692
-185.67306998557
-158.159451659452
12.355798080026
-45.586958804
-43.451651701163
-81.123556998557
-29.589494273088
-205.053870174964
-163.985126798115
9.510407793229
-185.91559216608
-162.074134199134
-181.918650793651
-189.268676581665
-35.941849437455
-176.136002886003
-198.847402597403
-97.159361471861
21.321047387942
-183.178674298792
-124.39454992165
-168.344308035714
-42.681637806638
-199.059732368326
9.597701630035
10.426394243777
-32.151677273397
-188.509941068046
37.445346320346
-112.688845063357
-187.098193852588
-210.5305940262
103.347382164277
-27.340826653815
-35.898157777552
-123.03173828125
16.365069148516
-147.722881718976
-38.84544665404
114.679681863276
-37.067883071789
-85.708230463113
-188.219766437921
-104.74034992785
-28.33667027417
-148.298327865711
-83.003669507576
-29.258026695527
-152.194743190837
-205.056887936282
-174.181277056277
-166.612811992695
-136.430568238185
7.335685961174
-151.956197014791
-49.41046415607
-91.678362869769
106.178308616297
-180.330968022863
-31.595967346456
1.185064935065
105.678038339766
-88.277867965368
-32.411172974161
-28.231331168831
-39.421516363411
71.673693261965
-34.840708282603
-188.622232368326
-82.703094702606
-68.69532588722
-38.153318903319
-178.464473839962
-30.799631358225
-168.825556767451
-46.694173881674
109.356509077945
-184.291937229437
-33.996031746032
-39.534209280303
-36.693921572202
-109.001883722831
-197.50773569963
39.734959105565
-29.181797748692
-92.426296305691
-161.706328773223
-101.558073057585
-85.58380470441
-45.313028442911
-164.428112740124
-21.094696969697
-28.708854025749
-168.743264114358
-1.032032381749
-30.679292929293
-32.117083925189
-36.91629787957
-31.781627374294
-34.783286971275
-161.843885281385
-165.751865403477
-33.837932900433
-89.605277101371
-132.480949985345
-32.360644385928
-32.755058255547
-185.565553695436
-167.86554298566
-161.712301587302
-111.103535353535
4.080663925986
42.204573638167
52.2153837526
-36.121372063267
-188.595611528229
-36.949487198999
-147.584505772006
-185.198412698413
-140.721237909226
-153.773350835363
-164.145493016098
-179.734918239313
-42.068251572646
-28.914772727273
-66.318029626623
-82.983065166171
-158.959776334776
-30.98556998557
-33.042014734398
-150.420183982684
134.961129148629
-199.274551457657
-90.315947561553
-93.901334776335
-34.712641904536
-42.00305862757
-97.207874644886
-111.79300679789
-39.212850463339
-27.198510636499
-37.455086580087
104.745823187229
47.360312105429
-131.750791255186
-35.836940836941
-200.411605945053
-110.555829156873
-112.559542921542
-36.889971139971
-37.803762020315
-40.272092921049
109.95174963925
-18.592281016781
-157.909605744597
-37.470328282828
-157.423083020495
-188.948577000121
109.819431189335
-185.119137806638
-30.135642135642
-32.951221548634
-33.905844155844
-163.056898152845
-32.832091140197
46.382194574089
-100.319711968668
-83.738291686747
-149.49990981241
-126.481601731602
-135.411509900554
-46.644190844691
-180.076678563678
-182.871012634013
-178.227816891361
-197.718137490629
-200.453988255532
-186.957698981655
-46.390692640693
-157.053033341577
-160.727816891361
-153.39087605442
101.366880078336
-148.17441258286
-66.138982115026
-184.378607503608
-37.093614718615
-189.916467179468
-91.290865194918
-196.155589666545
-5.024366722823
-36.611397747354
-157.16341991342
-140.566658845712
-197.619211920756
-151.893217893218
-30.301062249518
-83.795995670996
-187.914321789322
-25.867243867244
-29.03939590344
-169.759183060727
-38.220222021766
-91.558003655416
-84.070794219751
-155.409976711521
-158.606044532589
-28.751011175511
-36.113533141121
11.68091326737
-171.670080760169
-28.555752004208
-148.513992111404
-164.353445165945
-90.735566947023
-195.785282459782
-18.196715207671
-96.834489698534
61.868219857264
-142.246318382274
-199.682195005651
-9.468447378359
-137.935351571307
-180.467980366937
-38.541743819332
-35.528061375473
-157.175939914984
-87.736487934944
-35.924963924964
-80.569608746153
-31.834418622962
-149.10722282817
-43.236832611833
-82.797963724508
-141.377872967961
-32.760729284686
-182.888963003007
111.622490820947
-195.039753615254
-27.409451659452
-29.561488824489
-181.586216297673
-34.07627958928
-23.492150641107
-36.393852244896
-90.28841991342
-92.054579565535
-88.881329204785
-40.026067252111
-56.008297258297
-151.79564795556
53.032995623084
-31.142305800753
-2.473842560299
-29.717619616576
-193.692083493628
-167.189377865922
-164.308876422921
-167.84271588126
-205.626546223958
-18.485734287278
-7.162698412698
-145.413252573165
-27.13358389454
-163.898629148629
-202.861745462789
-107.336219336219
-159.420351102755
-149.842158682247
-170.411780463325
-139.637732523688
-37.031942480398
-29.758294219751
-93.422706196662
-43.060441758898
-32.653586427543
10.867424242424
-156.194102806102
-199.568465415878
-77.112535000535
-198.848578074622
-148.012339626384
105.4214435704
-185.012494856489
-189.917839105339
-32.945781184825
-189.741957231001
-88.045457584001
-36.395833333333
-191.310155122655
-28.485566947023
-178.032644869101
-139.786165223665
-183.180304104804
-175.050231449188
-34.655844155844
-156.256116682661
-179.433911608411
-92.193197891654
-59.011650272606
-40.496466610511
133.813401875902
-156.664051226551
-104.912698412698
-35.886156971148
-118.750177336634
-157.604418117419
-183.136817612861
-199.684146985691
92.774775297267
-153.31798536953
-27.871121933622
-37.316110542154
-35.433618895075
-37.175502011958
-25.064503239003
-156.432468606968
-33.54788961039
-186.116535401448
-33.090996239953
-34.325219488763
-35.093798132342
-34.697958721915
-18.337768598724
-36.96223051173
-35.29077782569
-41.730408859803
-179.078373015873
107.167671765084
-32.84849788341
-175.056454392911
108.403863067407
-94.546913620369
-2.366352207905
-58.191542368087
-183.813218462175
-151.929511484474
-99.267312978769
110.681711920756
-165.63122598227
-30.667491610088
-33.893214854671
-81.689107303151
-85.911780463325
-191.743432379388
-35.346153006065
-4.608514783014
-149.022095959596
12.36473468819
3.353158529703
-199.955895229852
-179.228174603175
-38.362479998436
-34.394103695648
-28.945165945166
-113.150503976004
-41.705627705628
-203.069280142736
51.424979998436
-67.656572834582
-28.590387077387
-195.36777195786
-33.495938519895
-180.336866722823
6.748392696849
-183.99132591787
-91.442640692641
8.285075794567
-166.579635642136
67.788783702327
-90.650993137993
-37.272740307652
-166.767406204906
-35.677582403626
-194.534809371266
-192.516865079365
7.037263548219
-151.203553391053
-164.196876470833
-37.156833180789
-139.589633429721
-38.219323184411
-154.597869608825
-166.698235361779
42.020546697091
-90.490060253061
42.910624098124
104.55980740722
-173.916850080394
-137.852156249648
-156.350201451245
-100.645939594395
5.157000521045
-172.316555403012
-31.913043089587
-198.884920634921
-127.241612554113
-152.367620691076
-28.964018190062
-30.104327929828
-199.17422635077
-40.186330599874
-176.024817660773
-145.965367965368
-182.366718815175
-44.967081529582
141.861288447745
-30.847112922613
74.551667272615
97.836657019061
-37.780048541004
132.650880799837
107.14926046176
-188.463126310538
-170.01207210216
-145.761199334655
-86.317441205442
-162.870928523516
-38.621012634013
-37.850723464768
-180.436237373737
-36.305735930736
89.016584300032
-55.596249270749
-190.203933253433
-36.487012987013
-164.089991141535
-83.975646312103
-117.7964435704
113.461219336219
-151.366960269548
-40.235025821482
-198.03832972583
-35.29258461604
-38.515138480226
-32.120126831583
-165.037141213685
-28.669204954117
-136.685332459289
-40.145111832612
-37.817824106368
-194.542645695234
-153.935696248196
-162.654236852693
-83.125525052069
-183.792764991221
79.996843434343
-152.274359544806
-133.413854777899
-173.477543290043
102.3047527627
105.954654754154
-102.111729389317
-201.12760240519
-97.805120691077
-80.82758043958
-83.481514582558
-37.888161531258
-195.917294941251
-27.708980719937
-104.591463251375
2.957240865688
-98.887336587837
-161.982426454839
-152.641069464525
-208.601846934397
25.435609099153
-52.8511002886
-156.228792881381
-28.951482115026
-38.848214285714
-156.875106261062
-80.824494949495
-81.828823953824
-190.532180896225
-2.568455419499
-182.130140692641
-33.760822510823
106.390692640693
-111.621824322325
-199.024276535232
-63.994785193241
-85.858402444859
-184.300881874338
-179.131944444444
-151.747204184704
-153.250544164088
-34.362193362193
-84.310789254149
-144.761286483699
-198.174799623255
-85.179834054834
-176.105268029768
-158.865707639664
-91.415478154522
-143.603896103896
-159.183717978121
-37.139069264069
-142.434069833026
-29.395666213263
-28.872007736052
-174.961110036611
-91.036709387753
8.357503607504
-153.234941710985
-115.62031024531
133.131744957245
-93.289969175925
-73.105861118862
-190.177956188912
-181.392296905297
54.792664587068
-44.085481762026
-173.285160125248
-166.646448572993
106.80140388786
3.066632555677
-18.604614566071
-31.715100441144
-201.78094737836
-181.372745310245
23.247581008537
-40.275323600824
-100.834325396825
-55.168361118862
-104.453012265512
-33.318091630592
-167.461312562356
-132.304112554113
-163.92723468819
98.104514382102
-99.346948620905
-37.084235209235
-82.804380078336
-146.329545454545
146.050955988456
-35.187609299609
-94.94771030971
-79.623914710371
-144.794372294372
-31.79464589569
-84.410526732518
-176.828840027296
-165.130501443001
-56.555304104804
-184.648538961039
-131.693555603468
-148.674974141527
-163.595431505344
47.296916658916
10.527807106359
-117.12680679035
-94.961473825518
-146.260896624941
-93.378790917335
-126.934704184704
-160.129618679118
-199.860222270134
-91.256132756133
-181.514771652772
-18.198032836033
-32.738726551227
-88.216195727152
115.966736852693
96.360463724508
-70.145629706665
-34.33170995671
-179.650883838384
-95.150429861886
-180.198057804961
-174.57674963925
-172.446521797566
8.731347242303
-92.510010822511
-31.176587301587
-37.50561074261
-189.502454176954
-51.88483044733
-164.3125
-41.537154248611
-163.687683413727
-52.119495518452
-183.534828483284
-175.564754689755
-26.115800865801
-72.899605138649
-109.766613628613
-31.880140692641
-32.203102453102
-76.574115087116
-157.416032314989
-106.310499799544
-106.333062770563
-159.806637806638
-200.182642905055
-163.325113227701
-160.635358537946
-202.668831168831
-209.057101779514
103.191274843863
-24.844500521045
46.759572919485
-179.156584768584
-134.073142135642
-115.374803551348
103.386106328703
-33.391252878252
-45.985206196662
-157.798523962068
115.013257575758
15.588116093975
-93.17250974801
-93.949678363222
-9.269754120798
-183.435603022059
-79.733837309338
-27.613188464232
-161.612103174603
-37.922258297258
-153.718704906205
-25.893846167802
103.88048536953
-39.268655576059
-32.257028775126
-32.686595085551
-158.40404040404
6.533372226732
15.950937950938
-150.770205058749
-32.404939241396
104.29175381571
-157.714917027417
-192.200724680186
4.564571276028
-77.31952159711
-134.396100857557
-34.377164502164
109.24206653061
0.70670995671
-161.94148432744
-170.341282876195
-92.81653932954
-137.309704184704
-163.719152805609
-28.821999025551
-178.05058220317
-188.74016955267
-39.16982627087
-91.473845598846
-160.041647554648
2.715296889796
-177.041953302909
114.517966442466
-187.413406878495
-174.139159451659
-124.549677288721
-6.103915215915
-35.226171364172
49.121553759554
16.724193094097
-16.480416258004
-184.373106060606
16.918740981241
-161.656671917628
-30.941778361883
-149.76178828428
-35.915568342113
-148.419913419913
10.961219336219
-93.342529428986
139.190462935366
-78.277146464646
107.79095820087
-166.452383990928
-48.964105339105
-192.626259587716
-32.999729437229
-195.446070859615
-28.840638528139
-189.690582451538
-53.517750881795
73.110734287278
-94.431348131849
-79.882385165832
-37.61697634302
-91.231131681632
103.265801940301
-202.322407599996
-138.441648629149
-87.542839105339
-152.450309676353
142.873312725821
-86.535981809938
-95.680210878667
114.496318382274
-187.459141983098
-124.432736131192
-36.291847041847
111.384392544305
-42.2532437147
-92.810264422264
-162.614448051948
-182.780483405483
-39.003607503608
-32.638618326118
-36.418992431993
-196.418287004743
-95.400432900433
-32.676046176046
-31.963203463203
-91.115978202434
-171.266230727687
-93.939661463618
-35.629796015752
-161.585855547312
-26.821502685547
-41.613909964954
-32.502344877345
-31.182072671117
-157.98872351268
107.459322358279
-97.687052100596
139.007324306824
-9.062947899404
-33.497400633356
-173.25802365698
-36.377708666252
-133.398178210678
-37.20708396218
-182.171974699563
-32.076672706769
-35.354437229437
-168.609413620369
-37.054937277349
-130.896557872602
-94.30860586015
-42.729975316432
136.074874811874
-94.268308080808
9.121392496392
-31.959937597938
-148.907377344877
-31.393775092231
-37.135477833934
-42.795454545455
-197.192566578522
-168.078279789736
-29.762536075036
-187.353065303566
-135.00867408213
-95.683367444323
-116.252000200456
7.102739738696
-181.653212642257
-36.799983036983
-18.365800865801
-172.620223096267
-28.332705058749
95.24684647289
-135.42073814315
-192.682340195341
-35.582972582973
-38.19948191457
-175.956278130778
-30.869150841563
-157.706977480934
-154.209521845478
-62.477259472163
-48.751530150486
-28.585768398268
-46.306351170395
-153.240289068841
-105.887281585737
-25.76902958153
-105.246376422921
-34.064844877345
-106.765618526574
-193.473023693971
-200.34117965368
-28.654307928264
106.881493506494
-110.893382194926
-39.616867043411
-119.645469544426
-150.258580855993
-164.859474699563
-150.064033189033
-163.238922999879
-147.613439914984
-33.842258866215
-175.390222590723
-28.472930688019
-53.790945165945
-164.071789321789
-41.668650793651
-169.108875533375
-177.676967163967
-42.064229637685
-91.375979028567
107.331726030182
-157.620596881553
-42.459145021645
-106.517403166359
-114.02886002886
-88.823956862501
-40.885899663488
-166.831452428865
-155.173536996993
-87.611201298701
-189.931137899644
-162.345144869101
-181.77942026642
-37.130140692641
-157.533926607382
7.964015151515
-177.151428002472
-41.701585337541
-165.260551948052
101.411435786436
-149.661329525374
-211.078720511124
-148.912788600289
51.290332964832
-170.5103004973
14.184884559885
-189.190672639128
-98.381657808202
-122.652149503193
-28.473739337784
4.286075036075
-90.189645390146
-158.225201451245
-24.980323031867
-137.815279741824
-70.12452995003
-36.400001074501
-164.287337662338
-35.164128379216
-61.329001290458
113.670544733045
-29.138241502286
-186.663226503314
-2.536902797859
-27.639159451659
100.650255563799
-161.085246384746
-32.710601058013
139.143855063258
-149.077545254089
-33.666412177368
-120.115153479198
-163.065746753247
-40.14420995671
-28.090755005764
-81.882031593488
-47.879042368087
-28.328383232436
-96.7603554994
-99.820272206228
-27.399962850463
-102.601187437644
-173.323248396704
47.341012313424
-163.628520354564
-80.700039113583
-163.687606261062
-81.652977264977
17.572224186268
-32.588818702863
-197.655753968254
-31.052653479198
-86.353535353535
-33.627270763227
-109.463818702863
-27.598310330213
-169.365871941372
-87.004493306038
-193.426062249518
-154.379345077801
-163.535627136671
-29.071592873137
90.977633477633
104.71942336838
117.685866406814
-36.853702693791
-192.531748850108
-105.224547987548
-181.678033341577
-175.616954192455
49.614973104017
-139.649337614426
-33.400162337662
-156.962478923935
99.238984079072
-132.462407848364
-26.756596729009
2.157847394847
-85.071515720472
2.525780615869
-26.55772005772
-38.413886924843
-92.606044532589
-77.751877865922
-163.500888840977
-155.873724338812
-90.373721300265
-83.886289522245
-83.910189233645
9.646931657887
-32.941014277471
-41.889968101424
-147.082707877111
-100.268230928143
-31.515144337135
-190.270382395382
-158.508661047205
-116.84271588126
115.034544885589
-30.769857343313
-35.048353583266
-93.669993390941
-49.058905531318
49.738362762319
-170.943797057841
-190.752631513587
-150.329542415999
-26.301854825811
-30.02650211659
-33.945726182726
-44.009292360336
-25.354991389904
-163.503411054955
-27.819635036188
-28.319895382395
-141.228615324563
-38.043377192333
22.474670322082
-210.207070707071
-179.887539113583
-77.013904962361
-146.853699655244
-91.535088829492
-98.132952581408
-63.625199487199
-188.545728146772
-155.456999631499
-37.540513340013
-149.067447282535
133.011289522245
-118.922171148215
-37.014594316139
-142.253771805316
-177.085481762026
-130.229888167388
-186.136093073593
-38.112911824368
42.82763544168
-157.759021577381
-160.011727425271
-190.17723468819
-64.706532620076
-37.62968975469
-29.647008810553
-182.184362546362
-164.314290716879
-39.198054986599
0.164969175925
-115.010822510823
-93.766504329004
109.629782980827
-76.777942079486
-192.472293297794
-36.477994227994
-189.44552365698
-150.834598998143
103.850468975469
-95.29347041847
-184.109304320761
-41.815927128427
-189.329738864651
112.65279385125
-176.510101010101
-96.953295863208
101.390605271465
-202.437967011423
-190.228551427007
-40.945253094209
-35.760281385281
-117.623917748918
-158.476110505163
-94.441107503608
-93.707702020202
23.584125909626
-182.308618895075
-169.48500974801
8.291666666667
-28.453752878252
-28.56811074261
7.185956594404
-169.464015151515
-123.249368686869
-164.03753411099
-211.35579004329
-198.903666618754
-73.712706374572
143.607800460309
-169.598665223665
-93.211686347642
-173.458980719937
-102.115617452074
135.359832411377
12.951479076479
141.170705996206
-160.512458922371
-160.743760982805
-33.712211399711
-99.160462834962
150.051142220545
-69.831349206349
-48.848668262212
107.917478354978
-46.857683982684
-112.576640339641
-95.769297105753
46.344519633063
-153.722776382688
14.261714170161
-157.608856421356
-35.228986291486
-36.303754842299
-153.863095238095
-149.691110542154
-31.078189602146
-36.669839305795
-166.832991694991
-166.674960886417
-167.813221500722
-82.3589435704
18.121028707485
-209.812486965075
-36.905554481055
-156.161255411255
-180.628891101303
-184.958529781986
-149.686865648322
-193.10741645846
-180.992601579058
-99.834338431751
-147.616528223431
115.726904798896
109.22662534067
-88.711921724922
-183.599097049598
-155.66253411099
-32.964900953945
-188.030841117297
-47.947958721915
-33.746482683983
7.514880952381
-183.763525099981
-26.259382547926
44.629318787766
-41.917842143886
-43.392335129335
-175.047712273756
-200.068001443001
-87.827834928879
-36.421082820039
-30.527329878374
-155.260938988448
-85.042581577494
46.784252172253
-152.296340347885
-37.816906156994
-203.222602084602
-133.000450937951
-151.715728715729
-180.045705996206
-68.795067505059
-197.933908569864
-78.18020784012
-203.621376422921
-196.188218462175
-175.788332764376
-121.86525974026
106.175404646352
-159.36525974026
-38.928374979919
12.655231954731
57.160643210143
109.509630960131
-153.031478507522
-65.105973457017
-102.784271284271
-159.03499582354
-180.311343634799
-1.075412898869
25.278512313424
-42.338921925378
-92.440656565657
-194.756400280357
16.257105707606
-194.925035000535
41.630697891654
-153.935982884439
-165.859326471326
-30.017766955267
-68.641159652115
-53.84056441402
-27.749549062049
134.671014783014
-33.101915015459
-194.737193362193
-187.767496392496
112.615533341577
-178.24666609771
-151.452187542275
-152.046184941632
-86.50720197229
-195.515963203463
-49.026154401154
-48.210117973118
-32.563582251082
-192.909648108104
-96.557733092645
-188.370116835205
-87.427424134974
-162.603718767262
-20.786687237188
-57.664579317167
-101.452558289015
-3.86066017316
-32.391249839706
-174.63367408213
40.199040972997
-168.831871219872
-154.049152236652
-176.80429596784
-164.614551274463
-145.314661463618
-159.454651715608
-203.841898115854
-172.711038961039
-33.433547819504
-90.604418117419
-31.632737020738
-154.461837614426
-32.220144869101
-30.818641651588
-88.623459632951
101.636015920928
-189.841285914742
-71.336373421365
-29.21556441402
-150.382920434465
-158.407210004622
-31.768311119355
-27.730593594638
-126.426120290164
-196.621663059163
-148.564396977941
-138.399443875488
-141.515602453102
-40.180632708221
-33.026512112968
-199.845144869101
-57.815386002886
-26.890982315482
-37.703392127892
8.528622934141
-0.066271805316
-44.406552621641
-157.006747995792
-172.570800296844
-155.857774170274
-93.700200376745
-134.507830246874
-202.180903270991
-87.574131160587
-162.797802461346
-92.473938824983
-30.972959796416
-191.793273969818
64.55772005772
-97.912878787879
-183.171459643872
69.912965936922
-169.29825036075
-194.029204705749
-187.596068895568
113.387426775427
-178.18847599002
-192.289956141
-130.782390379802
-151.15241398887
54.47266294361
-106.598201250789
-178.814564098011
-41.01587605442
-158.766217692762
-31.823670226258
-35.221033710078
-170.314577353121
-155.14601674706
-36.557266081222
-136.015782828283
108.155141767141
-35.977707591752
18.606134720179
-93.688675477219
-40.206065608654
-84.932990620491
-161.106779068235
-170.605065504022
-28.454996392496
-120.548533958446
-163.254419191919
-27.975646312103
100.55683425529
-102.184253246753
-38.862193362193
-35.731711031211
-152.53038300133
-143.162518037518
-88.602723665224
-148.351171364172
-25.134647033603
16.880881305381
-152.519116730573
-38.183332258833
-109.211863684276
14.931531545576
46.716901154401
-143.113710477755
-153.606859259447
-91.716363067407
-91.830537518038
-39.515238664195
-190.065927128427
-91.761814574315
-187.924783549784
-25.415510301466
-183.416412177368
-149.602978154522
-20.910536949081
-156.308969649058
-167.640873015873
-92.011196296108
-98.913706549662
-163.333513708514
75.424960886417
2.380230880231
-140.558077769534
-164.955827192827
20.502454176954
-82.828643578644
-82.00983044733
-170.668757054713
-159.046630022674
-146.817824106368
-35.062789674789
-26.577545254089
-208.963908890453
-37.867331016287
-31.136535116088
-184.189738616283
-32.069998604911
-35.446789321789
-87.565569416613
-168.556998556999
-29.67649407545
-85.38636667491
-30.243506493506
-165.261106108518
-197.479694757283
3.188025052069
-31.602343802844
-156.434974747475
-33.139246600703
-35.392135642136
-194.731955303946
-33.483769272313
-27.50253828745
-143.161796536797
-31.87031024531
-36.494156918656
-139.688308649765
-34.302218614719
89.285987887032
-92.403305868394
-191.409271284271
-182.18532246291
-162.999371725415
-112.379512418056
-30.510745358157
-27.145018606475
-173.15143799885
-53.91271448617
-105.122294372294
-20.287430888475
-175.651798749211
-165.334940636485
-153.119140845185
-172.963744588745
-176.656823184411
166.589659499572
-184.446712169124
-28.812316586273
-155.717455314867
-158.83114971915
-150.65302922853
-31.620764221808
-108.730161768705
-41.326208513709
-43.763077200577
-91.509756333212
-137.219700008244
-165.818719905176
-182.219861271405
-171.499291534204
-158.15315460161
-191.02145161154
16.088657439701
-175.321956662045
-31.930903050807
-152.975752573165
-156.267209756254
-188.597956757869
-30.582972582973
-150.035005819918
109.483684941632
-43.863639402183
-180.332070707071
-177.771554834055
-145.126530150486
-33.262626262626
95.419823232323
-33.426406926407
-39.740002212414
107.003796774244
-131.498395735395
-35.701298701299
-28.777130391175
-179.72544986345
-29.227832964832
-76.552492216036
-164.135642135642
117.785186195098
-36.118780094824
-170.723575036075
-41.228351939808
-28.256135794679
-194.890586379631
-35.203176567221
-80.652790812703
-163.789321789322
-32.899814622227
-153.05502746494
-37.840110437523
-35.656655844156
-170.802508289508
-29.95211038961
-34.991779894368
24.018488455988
-158.868583646172
100.266942011846
-196.489158377159
-88.458877497421
-183.214450015994
-3.203031377531
-211.959882595838
106.759453623498
-191.334686147186
-156.710932699977
4.80842548497
-161.520114871159
-172.201205475162
-95.903499278499
-175.625106261062
-122.530573593074
-58.286799575343
0.384199134199
-211.39574618429
-104.771822358279
-2.555356068357
109.381148829605
116.87867443971
-34.799152236652
134.382308233352
-183.003965215422
-102.073232323232
-116.161075036075
-32.369670036723
-80.596951659452
103.712388736345
5.096246232202
-77.641578443123
-167.87968975469
-50.352797779342
-26.366525405069
-35.788964077508
84.495764221808
-129.558805347349
-77.247655122655
-131.524608177196
-39.17314749053
-203.830455080943
-90.253226320121
-147.618686868687
-30.548229927624
-28.258359262266
-37.242777242289
-173.848013477408
-163.989167272615
-84.608773984262
-28.710144835633
-179.526522902011
-43.413412162924
-86.907390027507
-143.39202502142
-202.169990924874
45.248827561328
-25.698572640467
-28.204878021284
-95.872647372159
-190.104406579748
44.401584905979
-154.232233044733
-39.533168600063
-183.232392986788
-191.671724922213
-103.458250896239
-171.097961690003
43.045467228084
-115.856851861246
-160.390233952246
55.02380952381
-197.370871803977
-195.162850604257
-79.948781199269
-163.715035398629
-158.071686451569
-48.649613461625
98.254081340751
-169.431436998332
-113.964826839827
-0.068119814214
-97.837600333694
47.514991573097
171.197539006133
-32.498459060471
-165.386425640332
-80.810966810967
-39.435162873151
-171.380583880096
-170.576679884785
-184.255481009876
-157.53363997114
-195.290945165945
-81.67288961039
-183.574237069354
-185.721042033054
-27.743854561237
-86.879300820707
-163.46147721636
-191.092269655258
-157.660005467623
-40.757936507937
2.219606782107
-88.745773865891
-208.194797444309
-27.339285714286
-76.69523569963
9.324466765873
-2.132936507937
46.317380346433
-56.139680144075
-39.291924546807
-128.068099381088
-180.881653448548
-85.452200577201
-104.331148398043
-101.280303030303
-2.83667027417
-171.462670088158
-145.533189033189
-36.695088440206
-33.756313131313
-152.085678210678
6.80493199292
-186.415792974387
-150.395464832477
-140.706581368935
113.15785646645
117.020104082116
-194.075007891414
-170.799131803526
-192.981581298476
7.154200346095
-187.046266233766
-42.889971139971
-173.941218124324
106.411448469066
-27.536914908009
-172.287267907873
-160.13943001443
116.046979983992
-143.22017609127
135.509299538352
-170.15126502187
-76.296446608947
-61.05085805037
-57.286726782332
-28.285263347763
-87.453823953824
-90.285103405709
99.115772682179
-179.983142671131
-182.488378483496
-162.129308571203
-197.657114532603
-149.947310014205
-184.507673695662
-30.532279406791
-32.167929292929
-130.335255456349
-172.24243199292
-31.94707256719
4.435057184569
-188.002332194715
-93.510101010101
-120.722021413916
-35.307018990124
28.801788109894
-197.122286621798
-194.534639785128
-185.644660894661
5.973693407287
-104.095931412338
-70.837121212121
-161.268508889114
-89.299360795455
-39.949585137085
104.477311127458
51.65672559862
-145.934523809524
-47.084796767902
-159.75001268263
-41.325466579861
-189.39420995671
-75.449778194895
3.499917562906
-49.037878787879
16.894488269977
-172.106240981241
-27.257055065161
-133.086912653319
-34.393029767541
-157.71141239403
-39.775986708604
-150.549775799288
-38.643586394075
-38.11907580267
-111.375992063492
-176.389630822736
-195.828470953959
-41.709338079455
-202.93635574495
6.334493089376
-201.423590677985
-98.092359842848
-45.524551457657
-90.461391960904
-95.608523854618
-28.882678627796
-186.01137138686
-29.762273262762
-93.134810014205
-120.177960548566
24.257222757711
-39.428140923746
-160.874265816649
-31.548709049197
-17.707238399621
108.427136177624
-63.637072454455
-43.131924011319
-148.389950706845
-178.834948959461
-31.624348253743
-31.500330100672
-192.064564098011
-172.466617909001
111.592970722854
-31.942702696609
-164.443202251308
-193.545070895901
-156.680202555691
-165.582349020337
-197.731712352318
-35.456369639475
-177.235000676407
-170.25686200735
-167.830787647682
-28.393929177376
-161.664113230519
-165.782385095373
-26.406142902237
-34.263786018669
-79.914409510845
-32.353326794733
-99.974915167298
-27.821088254194
-177.922549293155
-166.545995670996
-151.396915584416
-26.256423752029
152.308423591383
150.120648096478
-182.789169597763
-44.129772191784
-36.69704720193
-102.238636363636
-30.650966275478
-109.045073361968
-153.496670809659
-45.927481426993
-37.293408414502
-9.821949263844
-85.501803751804
-182.188971185065
-179.445366753472
-211.796815109803
112.931436998332
-186.785726968344
-36.883297258297
-191.103986291486
-83.3483122238
-152.722021413916
-35.412788600289
-160.664349972944
-36.739746798341
-156.588273217668
-95.736471861472
-160.950404575893
-52.344869594381
-187.408070661977
-36.494498556999
-40.304022366522
-31.161242728626
17.682531932044
-32.488517992424
-147.693431947826
-25.156766464872
-198.328360333243
-86.872482497971
-38.044039727633
-89.160523693971
69.505689568678
-39.456779711174
11.001643809749
23.316290344855
-126.63255532445
0.482621978716
-35.343253968254
-40.126471185065
-204.248905066288
-158.143697014791
-144.282598938605
-178.915404040404
-184.274879092262
-31.747564935065
-92.139790764791
-27.612401920996
-40.721492971005
-174.734286926181
-169.803313548431
-86.518668831169
-160.765664457071
-73.205259204771
-196.832062956575
-33.206246336129
-137.691280128292
-190.261155077561
-34.075487012987
-177.627046130952
-172.028659220554
-167.114378297484
9.480581484488
-38.521727458739
-139.413538284632
-162.449765512266
42.72419859871
99.540146160263
-3.357673766121
47.225538729933
-103.265414327426
-35.953275077787
102.944542382531
-25.741723174829
-177.4202946034
-36.348582786571
-29.366702741703
27.013981542546
-161.781643161526
25.656826002773
111.568913535466
-86.351363100875
-177.703906390918
-176.597943722944
-192.751971444354
-33.317911255411
15.705447330447
-39.233864171852
-187.167929292929
-185.718496347403
-194.613734301723
-85.480138297033
-160.065553695436
-168.836858399847
-148.390615135732
-89.843135597042
-28.645485265602
-103.890249453238
-87.708972396961
-86.588814343209
-81.794673506832
-52.03365265377
-51.314636318543
-19.45202020202
-30.051226551227
-163.154581529582
-95.776244588745
-38.710788831394
-34.91341991342
-205.163059163059
-78.118779522344
-72.063922568317
-139.991821112915
-135.645124515242
-207.799054298566
92.796446608947
-30.053759554248
18.22857375372
-34.243874994363
-187.050657242064
-42.103633291622
-33.596964342082
-33.719454590548
-196.606880044868
-85.875992063492
-141.148636899125
-153.415744357639
105.912059349071
-73.351301096907
-156.888146955041
-25.344516594517
-3.575765326254
-40.541834359217
-30.037878787879
12.828916607481
-177.48756186305
41.582784457296
-186.85188379329
-208.468003838609
-31.676033493416
-203.421085858586
-33.057096495085
-145.019418515512
-203.693341760236
-157.858946608947
16.714736652237
-154.218766910173
-32.362383953937
-38.646173650568
-136.070165945166
-134.590458152958
79.249286249775
-138.608433667027
-28.894037332026
140.069892916328
-182.098023693971
-151.58830140129
-29.192901038848
-85.367050809434
-170.985381859894
-162.34107678346
-194.227633477634
-20.333325582837
-97.933163245175
-29.292457921852
-92.24425617785
4.733856421356
-206.805483335024
-143.715818903319
-179.79033428594
-159.7279117909
17.343877530889
-177.110119047619
15.777076710182
-33.018398268398
-151.798438486427
-165.088035770653
-28.863989363501
-37.564306217871
-98.473193852588
-33.488546176046
-37.891754458649
-182.473755411255
-24.531856652462
-120.402084460678
-163.378156565657
112.46548633658
-29.665764790765
-72.823170319264
-34.845217662112
139.253086811192
-217.591277591766
-176.843967718479
-181.019217707206
-29.374340503247
-28.505643417997
-166.433158313041
-204.165571732955
105.551919868326
3.230269350875
-154.77495377886
-139.659090909091
-77.910892194828
-202.042109854122
-155.949765512266
-39.022005772006
-163.025360679902
-150.362303982909
-30.230998602092
117.31231962482
-28.456557765152
63.967741026335
-178.532820532332
-158.793581039186
-33.765241702742
-102.95479558419
-192.92985448796
-116.295995670996
-97.195006003111
-29.666416537022
-173.923000231106
-93.603805916306
-159.916383421266
-152.760724572736
-97.140442511048
-34.381485755997
-101.185255526808
-28.891213333108
-48.757034632035
-36.417748917749
-92.59832490643
-96.089285714286
-24.092073779085
-189.738517992424
-37.910802007238
-29.47373497813
-79.203483636589
-158.513089883207
-84.799512987013
17.78823953824
1.539342222448
-39.321067821068
-183.516073824179
-144.830004142992
-75.482982729076
-179.09318421379
-189.908750591856
-87.949134199134
-37.738533493416
-181.140040894435
-170.225559163059
-3.424505236517
-191.497204184704
3.284709539592
-20.717795279807
-89.130674067686
-35.436979307585
-97.701479076479
-45.005401038848
3.652396594291
134.783632220644
-37.640679958063
-182.481859611742
-34.383026695527
-28.613283363772
-164.393119955132
-31.785263347763
-53.688762626263
-41.596668414051
-30.977793419688
110.466622841135
-158.552288369183
-185.296273984262
-39.288357909452
10.341803216315
-38.332271515377
-206.542267330109
-151.969246031746
-29.307691874098
-158.517857142857
102.181436998332
-21.516594516595
34.063943001443
-187.421196479302
-155.338626217532
-33.048721731827
155.258688658347
-28.079164271059
-139.827458457341
-96.201631268038
-35.182782061688
-71.200589883207
-205.328442770337
-9.221132220644
-75.805555555556
-159.25287825239
-110.278220965233
-156.808461991567
-1.096328096816
-149.260003072015
-86.052569148516
-175.487451242334
-88.232245727363
-141.346861471861
-22.211129148629
-121.165571732955
-35.335415398404
-148.457083389701
-173.337211399711
-36.842782597177
-163.277695340684
-41.202733952246
-32.112976866883
-159.511716636228
-69.295274170274
-116.903617649711
-170.524440836941
-40.887183075171
1.697142321654
-180.190045685651
-180.556277056277
-104.603535353535
-36.008490316108
-151.937069495175
-138.075937950938
-161.151355209461
-152.503587070482
105.040934949382
1.070426291374
-194.008309940927
8.074665108112
-159.961157332251
-40.094939348846
-40.897033955628
-157.504169062275
-187.699134199134
-42.327471139971
96.087850463339
-97.308433807946
-172.04816017316
-176.922418239313
-128.86534992785
-91.094586348981
-161.538427663916
-98.654934529446
-191.765963203463
7.59918591608
-143.207078457567
-31.022879464286
-90.951290950803
-158.412227041622
-167.104986105474
-35.032106782107
-40.81031506471
-31.173520923521
-84.545364357864
-129.595127474522
3.15185546875
-21.262814388303
-86.636556694174
47.341901154401
-89.978202786797
-93.667638297033
-29.395632525027
-174.480048109443
-28.536443536932
-38.282217402823
-29.39906740395
-160.541215728716
-41.203643578644
-83.785922844517
-198.640963203463
-32.233557674964
-29.407307590413
-168.623897315792
-151.29538479099
15.024551457657
-21.831689523584
-27.489648860254
-189.511273448773
-146.115089581642
-54.501631127119
-79.366444861562
110.970869408369
-34.710116652011
-153.005501443001
-88.627615440115
-87.137453637942
108.570096190702
-90.506364918718
-76.90928925133
-176.408619538014
-85.861111111111
-43.830877835272
-39.207874644886
-139.791679349297
-110.500110620716
-37.319792512175
-140.562151932269
-28.916957662563
-173.42306998557
73.756235626353
-206.655656030168
104.476167576998
-27.475177979573
-161.485028860029
-32.215646278635
-96.586497649486
-83.986311919417
-115.401355209461
-161.95663245175
-92.048819669913
-29.132493320482
-177.762536075036
-207.937667692551
-179.154761904762
111.994027185922
-165.605978168966
-45.785000535489
101.461482148494
17.468073593074
-96.269542523449
-32.858127170139
-169.677210864223
-28.405947026064
-107.388458384064
-190.479429478941
-145.890524948142
-39.438041125541
-39.002254689755
-141.951396639385
-88.976120721726
-101.502517502029
-42.661067285579
-74.763515455898
-185.555673926768
-165.011806823819
-26.550615671221
-75.844877344877
-176.632944258433
-119.762876392271
-35.914973535579
117.676334705876
-33.979978354978
-40.215290460408
-169.121052179158
-38.893836523719
-185.792901109307
-147.629447375541
-32.536657027868
-167.296737604843
-194.124278499278
-26.920274170274
-179.13647425708
-44.446727317821
-102.436667878562
-2.882506003111
-55.807892682404
-150.537079782197
102.245568125451
-195.481220548115
66.841207837302
-40.273549177602
-36.170627170139
-27.698843203238
-38.086191152597
22.44687950938
-30.073801632395
-5.010711890106
-38.197613692731
-131.591720779221
-5.779042870107
-141.267045454545
8.731964948029
-36.210936090819
-82.671807359307
-170.875520692415
-184.678862424468
-179.845168340774
-30.577561327561
-83.215646278635
-34.383858816964
59.745317995806
-40.481589048972
105.684876809389
51.763618326118
-39.040153910759
-36.045663104257
-167.404339150433
-95.097833102228
-108.619506307495
180.010541731489
1.861361240756
-158.57109600469
-34.307367057855
-162.297861426768
-185.214986781881
-27.74522005772
-88.261626448638
-40.769129985683
-157.710608456214
-46.148616465999
-59.92659751815
-35.194812945301
-83.474587532693
-156.32414194963
-36.823183001894
-126.455094330583
-39.731400923295
-142.022116392722
-82.340916841405
18.411907157513
-148.068014125631
-102.206349206349
-104.583596145608
-36.867506679518
-97.273268398268
-79.616073894638
-182.296085858586
-106.266442325036
-32.987644300144
-91.553751803752
16.265143764655
-28.950499695617
-68.924090232684
103.001893939394
-139.401244588745
-107.347111601506
-29.325556767451
-164.561946191829
-60.587461529356
-31.503718124324
-150.993576247971
-94.691926942415
-162.001092467645
-109.669122164728
-200.73871880073
-31.110016177399
-108.599497345103
-152.465277777778
-29.80963443024
-30.013417517812
104.191829004329
-36.344967532468
-150.922258297258
137.678944861562
-157.619310431322
-139.124618816513
-93.133006262401
-56.04425392316
-149.08659276921
-152.875062003968
-178.5413883534
-161.894488269977
-30.835879018984
-173.011806823819
47.914211168606
-35.84441865643
-85.630862193362
-164.064233997339
-155.617784992785
-37.966027462121
-149.456447144435
-25.759317505411
-31.426968485074
-158.871101500496
-139.167269796176
-110.49034992785
-164.07484794936
-21.527507215007
-151.040486477498
-89.933449308938
-33.751631127119
-186.188873246979
-172.611451428346
-171.986922799423
-67.767607013212
-45.561896870491
-40.711940836941
-35.637626262626
-150.002713378202
-38.938602684208
-185.617694805195
-40.80266955267
-199.145292207792
3.011755036413
-138.394153237171
-28.019660894661
-30.352264976777
-96.826847577336
-154.182920866026
-29.352563723169
-176.26939033189
-205.036997345103
-159.558163245175
7.961209119656
-32.303563678075
-153.429112554113
-31.851017851506
-80.469954849838
-120.863468671086
-29.535263347763
-42.757142786684
-32.416736421131
-182.182830678436
-128.053038053526
-194.144207490643
-34.076376206259
6.725115975604
-159.731060606061
-31.538620721726
-154.044449799333
-87.017336450442
-138.20976858428
-153.601801356196
-89.899981962482
-69.775440650929
-33.099234532828
-165.85282160331
-154.162866105249
-179.240911486517
-94.440816507711
-53.668372480384
-202.644452335859
42.796647417253
-99.819805194805
-41.480269350875
-203.169921170409
-37.849747474747
-30.239177489177
-36.234938672439
-41.517849392361
-183.669109482098
-43.639901385507
-97.755972814078
135.398721802286
-34.824564703959
-30.316308311914
-184.636814574315
-186.042019666531
8.293823418335
-149.802308802309
-37.597312409812
-96.947039451434
-184.549422799423
-174.338724155619
-111.707433923498
-85.782003911887
32.083083203689
-28.800607920725
-168.010129193723
112.968692223575
-155.706988269977
-202.243326118326
-0.007006448413
-156.115422148381
-93.981143043155
-100.807782061688
-28.662067099567
-42.567001629013
-170.914244284361
-190.321760785872
-0.085199089105
-37.174783549784
-106.170967487374
-67.838363405258
-97.761260766144
-75.656385281385
-28.258116883117
-177.041576479076
-96.480256668245
-193.656377530889
3.626976376488
-170.557449494949
48.757137502255
-76.040055972673
-92.073711444805
-86.967269655258
105.122113997114
-24.398178210678
-15.484320041937
-30.426927618822
-54.55286261048
-40.665952916441
-168.537420099432
-180.133006262401
-33.803501674107
-142.120230274283
-29.551427359533
-199.861721991117
86.482171040765
-163.256924011319
-107.563840131223
-199.431658239764
111.766061141549
1.288842667749
-166.06945219494
-1.953901458784
-28.792388167388
142.449603104144
4.580066146961
-158.787157287157
-190.032467532468
-35.602535539547
26.688159496753
-197.912538470644
-36.958784271284
-203.867674372069
-165.939131127119
-148.015963203463
-177.177751989764
-42.162940791847
-27.696737534384
-52.073613506719
-27.766442325036
108.291125541126
-17.249291181908
-170.4420995671
-33.985041542659
-156.887445887446
-144.134206884695
-191.157995975379
-43.662595542478
-89.906655844156
-32.064762440251
-153.318374875992
-40.607696665314
-35.381423752029
-110.365357678346
-190.159972351867
-86.276966089466
-7.4800065386
138.685613811102
-80.76512333153
14.796688988095
-168.041498974116
-96.485057043651
-153.432248686643
-183.638077200577
-32.049876203441
-98.443895568407
-160.48297497858
59.510363822376
-170.460948773449
-38.376984126984
-159.285435972448
-191.846590909091
-41.9981884977
-163.376996809614
-28.496031746032
-86.719807590413
11.813143995761
-152.518127705628
1.691079319986
-71.04338023088
-156.747435994995
-148.224649536661
-190.502435064935
-124.148789090684
-200.993346551452
-33.87231480542
-102.873196248196
-102.818715193227
-31.537234792118
-42.481769424152
-37.640942770337
25.105346855835
-127.065143623737
-13.573621257215
-173.385309568903
-132.969336219336
-159.476523042929
-39.157008844021
-150.54825036075
101.117153679654
-158.304473304473
-43.130070938176
-85.281483219472
-160.777249334867
-32.271624588519
-6.096763533775
-170.755661385056
47.159083158595
-37.725371037383
-159.527198252052
-38.305563306052
-203.871372063267
-83.833152958153
-39.113025483631
-118.626636059253
-180.318161385056
-93.790792974387
-102.276695526696
-38.607786852904
-152.170794862689
-32.856351601957
-40.896765858924
-191.405400968389
-26.067377880366
106.891323953824
20.438409626398
-108.883026695527
-160.825064258658
10.75650125699
-85.595972278589
-164.090450402462
137.828481170522
-104.314607782625
-203.030192409587
-49.108106737013
-12.863067054473
108.094856911751
-29.01270869972
-184.123474561463
-112.338945397051
-178.394833519345
104.748639435651
16.646833147321
142.372564935065
-173.143197460092
-157.787677979573
-151.943895568407
-189.099484662473
-195.01443001443
-151.342733275839
-192.921196479302
-198.204996392496
-33.55494467555
-35.002996623602
-80.013979076479
-166.590548340548
-200.943985755998
-134.150432900433
11.398469206575
-118.753898499504
-29.347312409812
4.895320391414
-152.239829235435
-128.69772184738
-173.759928385417
-143.325327070933
-86.229318858225
-37.399523274035
42.740891053391
-196.985049293155
-93.81458206507
-132.258498066604
23.466069032964
99.660103405709
-72.57406444467
-32.99799543989
-165.761273448773
-207.058812525365
-43.327380952381
-174.777326839827
-36.134080762987
135.458493275388
-8.2373941705
100.240720894774
-142.348124098124
-42.081321022727
12.835956523945
-105.204393262987
-179.51747595937
-154.424221991116
-59.186946191829
-79.819526881539
-32.083796953914
-182.29033428594
-11.750721500722
-34.334227458739
-110.140229020112
19.010093259605
-170.817828818317
-8.215916841405
-35.367813176407
-208.270382395382
131.558523995536
-187.525154587166
-197.639978890467
18.152597402597
-25.485742610254
-141.534820160308
-33.854978354978
-38.081730389836
-197.471701529807
-92.9329004329
-84.081882581394
134.694923566017
-140.498675369769
-56.913267721861
-35.164883347989
-35.672098355204
-176.009039192145
-93.867702555691
-200.792548109443
-30.84136002886
19.782196969697
-35.833423520924
-171.232856607368
-155.020750896239
-37.031996161391
-148.87700456011
-200.292040099657
-27.48278192077
-206.530573593074
-166.542859538465
-36.969704720193
14.495753432765
-39.362747170364
-96.778777591766
117.859647676542
-34.997011126894
-192.324577386589
31.650234558194
-90.090568773674
79.089288180353
-84.28373015873
-37.709595959596
-33.184072871573
-186.151577155483
-167.769583389701
-35.334776334776
-148.970668600063
-128.005501443001
-38.017967763573
-39.402409276921
-161.008748196248
-191.236118861607
106.923618861607
-33.513888888889
-156.13743813695
-71.994158239764
-171.628607503608
-144.839473839962
-189.006382885777
-90.7959879205
-71.789419727408
-155.319707256719
-38.566476004464
-197.87203156002
103.151625772231
-147.696719567325
24.789960852949
4.278401340413
-131.357240795229
-110.564033189033
-32.338633968028
-92.761892079275
31.222325092442
-192.325840012852
-36.373639435651
-173.623835311824
-92.036796536797
-172.939296001308
105.026347458965
-100.062700808306
-185.804924242424
-147.421467042073
-38.058864312771
-110.540687285804
9.858773984262
-161.342643088249
-39.553038053526
-179.020299958288
-170.654228529717
-145.466560837166
-74.396552367988
-40.604797979798
-48.29894367785
-146.925587487599
-139.813061558667
-195.822954009966
-132.433531746032
-155.718065842578
-98.071080503698
108.951999768894
-41.908758342352
-169.238746984352
-32.323515568633
-49.84414809366
-178.246634875541
-92.932421311328
-194.329463017451
-178.975206163194
-34.522436276831
-29.221340779446
-38.158988038871
137.707792207792
47.785345784858
-32.612386420004
-152.226633663645
102.972735164141
-72.88570413961
4.965826653815
-149.651144184591
-86.78362728851
-145.738816738817
0.15316671176
-28.123544315927
-39.703914141414
-33.232475423882
-89.046098541216
-212.080710142722
-167.929375366387
-154.82195701434
-84.044642857143
-203.309876809389
-38.530483405483
-189.734036796537
-161.856491110886
-150.326118326118
-152.781808035714
-12.739919423025
-96.078514990869
-32.167761600379
-40.058531746032
-25.822794067911
-207.674221991117
-39.195616883117
-113.62022005772
-90.721861471861
-184.909361471861
-44.380130476078
12.170446794959
-163.199765512266
-91.221931226326
-122.44505532445
2.56546843998
-109.3106884977
-89.714195526696
102.145008962392
-113.897186147186
-191.079906204906
-30.839819089331
-104.326381138393
-30.032279406791
-161.445103941198
55.470516408505
-95.852620795004
-29.939726506133
-157.432516783347
-170.203721083604
-35.106310735705
-179.290695036301
-30.853063982459
112.977293160399
-76.480429292929
-153.704816017316
-34.679645929158
-192.066127936733
-188.852563723169
-166.350448542343
-101.133555138438
-41.808178746167
-40.273649581755
-163.452934760552
36.066751499369
-191.494047619048
-40.773005585994
-102.693993506494
-88.478264790765
-159.949121516504
-198.355589234984
-103.283840779446
-38.731351601957
-35.505772005772
-160.564927314439
-189.988296046402
-32.131483289931
-27.395652958153
-159.036525974026
-3.877525252525
-193.112353304248
-37.103285223891
-87.41857857312
-47.903499278499
-29.796454359443
-135.451860259966
-106.08208867413
-128.967813246866
-156.85568717307
-27.893490922055
-158.207501211896
-184.018308080808
9.526061747497
-28.593331473214
-119.687700808306
-38.765880766369
-175.280844155844
51.661054602949
-33.915153910759
-181.815664316153
-152.628988687094
-160.209595959596
-106.447428385417
-90.019591140197
-142.383750662315
-146.119330864448
3.763901571519
-38.740538053526
-106.173458919553
-38.821067821068
-8.904942279942
-32.111311919417
-149.294733044733
-36.990898803887
-168.393480705492
-156.651986522592
-30.792846855835
-178.780511589105
-10.83579658189
108.945276565882
-41.408992971005
-162.985670389723
-72.895755828373
-140.430575988681
-91.039893564552
-80.480887981376
-187.460505585994
-106.234577922078
-160.987997300009
-83.524901991455
-199.999659682765
-175.235652422664
-32.672528860029
-79.726260230655
106.199855699856
-36.470037286932
-151.839298396916
-34.624118557224
0.844877344877
-35.491259554248
-36.623917748918
-137.403228715729
16.836301773313
-141.426386493281
-37.757756132756
-29.131936693948
-184.453803520698
52.251893939394
-182.919622424017
-153.714806406701
-85.201589697195
-12.69974507914
-105.621121933622
-189.801074359668
-158.498564749053
-91.078924357977
-29.062881183487
-163.031926406926
-177.697052134064
-43.207722453328
-92.542117604618
110.031287343299
-191.595696783685
-158.69515819467
-157.551948051948
143.167671412789
-158.566926942415
-158.957694269706
-30.323490203373
-195.057088744589
-148.92028192077
-179.126803751804
23.968233535128
-37.622474747475
-194.564942815431
-33.011752570346
-81.9136002886
-27.278839595734
-28.577290764791
-177.926690171807
-110.285366217983
-178.342159034542
-96.872397242514
-176.176489363501
-184.346598659587
-163.167748917749
-34.632472887356
-52.369867057855
-158.360910302805
-52.099304287293
28.58706167422
-108.444985569986
-103.568009193497
-135.213113275613
-41.053202927715
-135.667901109307
-37.120761183261
-189.658307404401
-87.383464950848
-139.917019666531
-142.680375180375
-163.539960852949
-37.875167692551
-170.152479031385
-49.501180189168
-26.102244543651
138.352362914863
-85.509900201795
-86.821802004419
-190.081148398043
21.830645672687
-160.157660590278
-37.309163059163
-37.442017130005
-28.389081946699
-22.616084111201
105.150896521014
-34.180027112644
-190.072510822511
-36.703012265512
-193.504411441423
104.167215542704
-161.485472047484
-39.472644976551
-36.99808562748
-161.502164502164
-41.485361426768
2.231862077809
-31.452922077922
-28.778888212482
-171.325569450081
-36.084047083559
-188.986118861607
87.916494041982
-154.741063678075
-45.358425916531
-173.047077922078
-150.187229437229
-172.152937719832
-37.643037518038
-103.217254154266
-29.848956219562
-2.588125958243
-208.622397242514
-34.572989944084
-163.68053512243
-99.884850880456
-110.447593259605
-35.396013708514
-180.635260952155
26.618965181953
-42.492243867244
-91.229354792343
-42.087301587302
-158.504787692776
16.008464950848
-165.303218428707
-173.907467532468
-179.521366708378
2.988734301723
-179.898350835363
-159.791027603039
-192.977904040404
-152.491785178797
-72.373897315792
-81.074224386724
-201.309606246618
-101.914793160399
-127.805027112644
-172.117055741567
-31.364087301587
-219.325154446248
-42.116604803617
-30.547778989674
-33.210407647908
-52.132756132756
-80.047077922078
-197.776244588745
-98.675602988591
-42.54398336039
-33.218702440138
-118.24113343254
-160.014700577201
-31.999196062184
-185.317197505186
-198.547521109533
-205.665313852814
-39.367687054699
139.369781802399
-153.931179118191
-188.117063492064
-39.11238148787
-189.298340548341
-173.664502164502
-37.681527185922
-201.243936998332
-30.487303982909
-15.922348484848
-34.987033420139
-205.225937880479
1.712870896465
-134.902708023314
-37.44218975469
22.368063306052
-38.527589652101
-40.300886233992
89.375149725492
-86.767676767677
-178.399350649351
-39.458513708514
-92.843421660804
-25.604867734262
-95.528867779356
-196.076639018534
-25.228548036165
-165.967101962707
-163.828081667681
-30.714646464646
-143.998368872881
-152.12002699991
15.006673881674
-172.065754503743
-169.194333823728
-37.375551342104
-33.416656450104
-77.277697806751
-107.26452020202
-174.953094702606
-93.204565887671
-34.669122164728
-196.975579596185
-96.24627412518
-16.328635828148
22.558371803977
-196.495387750271
-96.244671181683
-39.061237373737
-160.442911255411
-168.236020923521
-64.955357142857
-29.677842177354
-34.788177534271
-38.652496998444
-32.897907647908
-23.703303261409
-34.719246031746
99.831679307021
-137.472783780889
-28.80599874301
-63.613468671086
-40.903048340548
-118.610149697308
-158.69315363456
-150.156122469111
-30.758109132621
15.636531328914
-181.178128241116
-188.986389424378
117.594274215368
-31.717068846952
-95.44122587482
-31.734299608811
-160.297085672574
-31.734425730519
-82.417929292929
-84.249726971163
-180.123987503382
-79.462752525253
-96.327303447421
-182.953295510913
-169.314296001308
-191.407745845734
-185.657730344742
-35.525404716811
-198.192029812635
44.255243562861
-37.932269119769
-112.375430504825
139.076388888889
52.152757344652
-158.417921542433
-91.124090373602
-32.324572454455
-26.026883652372
52.579187170252
-90.197067635056
-197.974907416802
-23.822982193588
-119.713363405258
-164.155771935313
-183.624840057946
-39.735196552579
-154.898428340323
-191.823863636364
-91.045815295815
-35.175796046402
-39.54051466112
-192.312028628923
-37.510010822511
-176.703254644661
-69.50010287022
-32.679132987238
139.767937113884
-95.503226320121
-177.81537825239
-39.458235395247
-6.033902783415
-193.838633968028
-189.726571659677
-39.053674298791
-2.703823953824
-168.173549107143
-172.356900477994
-26.50937950938
-186.405143088249
-29.907124749166
9.590718499166
-43.712469279852
-191.911177906295
12.391857328869
-148.189726506133
-28.357475423882
-188.21548633658
-87.55562531002
-195.736082927489
-38.080086580087
-197.176144114132
-158.971619092713
-189.947510822511
-50.058905179022
-26.440303565792
-134.665772541261
-41.614705932089
-148.894779265873
-181.142766955267
-137.088641718525
-38.358516104122
-181.936049248061
-97.728813666802
-135.373917748918
-194.360430828937
37.387056953463
-161.784518947849
-89.569604386499
-180.441620445527
-197.962288904672
-150.190226060832
-165.48825518015
-102.329303075397
-41.119207561102
40.743949680961
-97.252234256629
-38.474484662473
-92.902527648133
-174.48929586039
-189.503504633387
-146.519369898764
49.56918163217
-39.704197386815
-78.85987666847
-86.440628382035
-145.66361297123
-186.409652467758
-193.244027185922
-30.707789741725
-203.401785714286
-66.509011008523
-151.926399175911
133.829357328869
-34.894660894661
-40.356240981241
-143.808781875676
-39.08944565634
-176.491780246663
95.935245310245
-196.811979307585
97.846480288375
-42.060618743236
40.24217411278
-151.680104617605
-201.540161661255
-38.323863636364
-142.294003793516
-204.710948773449
-157.86534992785
-102.309425871438
22.883575571564
-29.543650793651
68.133748196248
-198.928112740124
-54.192001629013
-103.473284040179
-173.334165454771
23.135294067911
-26.862631617514
17.521165900072
-156.7738997114
-187.308920680014
-196.741141183036
97.421286666892
-80.70123669733
-36.190754503743
201.626615626127
-172.114205672799
-33.451631268038
-40.039584601596
-166.963932714421
-159.789855164367
105.92794011544
-182.562402061914
-197.51435250947
-93.075113579996
-136.313131313131
-38.210199089105
-157.493173926768
-182.79339291351
-189.210657777552
-153.123737373737
-30.649822020427
-39.750901875902
-176.615780432675
5.280372784767
-37.404761904762
-197.995670995671
-196.878419377931
-198.211051643669
-160.206689523584
-113.99225161774
-96.193431947826
-181.919753477859
-36.796073175956
-185.319903132891
-208.847374413781
-200.788968789457
-99.633367012762
-76.255529626623
-99.295364357864
-164.228432483315
4.185696248196
-156.297425989809
-144.877976190476
104.536886724387
113.407094099477
-149.069166131178
107.780844155844
27.316280128292
134.103625541126
-201.171959550866
-154.847139785128
-172.921634734623
91.534709539592
110.556617373512
-39.635719640602
-139.800304242199
-196.123819810832
-36.488012801001
61.578184890197
-32.204254458649
-159.890339640828
-161.186979307585
112.528527462121
-36.021206766324
-30.579192454681
-46.644382581394
155.621964271622
-102.669655539773
-37.313471630366
-31.187618371212
40.337932900433
-94.115981240981
-117.763826884921
-34.64535421176
-27.567828818317
-92.071436321925
-90.127172252661
-33.784268818204
-33.230852047258
-171.381395568407
-189.356511544012
-102.4809831011
-207.021624588519
28.068702510597
-173.67525492086
-42.108696479302
-197.317630476078
-165.574876132982
28.97266294361
-173.07387138686
104.570333637716
-32.521707025613
-157.718988151605
-186.298000231106
-193.077581760687
-169.786165223665
-159.528671903184
-178.957140461535
-179.840290460408
-86.132215007215
-189.517135642136
-43.949556953463
-33.86075036075
-33.35865561305
-91.826381138393
-151.215831585949
-150.256833823728
-28.596688847177
-29.062672624684
-36.396943768038
-176.52112432923
-50.810773753157
-204.003038194444
115.892233580222
-199.484196738591
-196.970438903544
11.836678024666
-177.017877575983
-176.105671672078
-3.506944444444
-40.840097402597
98.128529998647
-78.216290274396
-179.947412884425
-33.523739769345
-114.141061141549
-203.343462527056
6.78823953824
-42.893751268263
-79.235860981466
-48.150425149937
-199.321158008658
-93.079656075262
-170.539800910895
58.619047619048
-199.774280894886
-89.713474025974
-160.955885585768
11.916939695504
-153.001450751939
-129.829545454545
-145.959345829951
6.445534446023
-33.80112861314
-46.853347227859
-183.530315712933
-33.021103896104
-79.59155308667
-169.236639554022
-194.204393262987
-164.15854978355
-172.173984544102
-34.389860519255
-100.926489363501
138.307106711648
-176.014803447421
-141.869831123737
-3.134199134199
-151.862644300144
-161.364829235435
-28.184072871573
113.28840723079
-204.767233580222
-177.026494718389
-44.87002699991
-31.539071659677
-38.565115440115
-180.005030071925
101.551066609172
-198.034283966901
-166.64717839669
9.26702502142
-56.304465553977
-149.338641718524
-44.093504097899
-152.975177979573
4.485639740034
-95.246129684118
-160.458443954049
-1.706779711174
-180.361299236788
-80.917851787969
-85.658377158865
-125.821797072285
-204.072760952156
-104.198072381178
-163.351911976912
-41.083874458874
-35.050837617244
98.157627474522
12.202831890332
-42.151813897908
-28.36744467555
-37.529421587527
-37.839015151515
-90.155380535263
135.430653493642
43.781753782242
-182.773088023088
-82.136363636364
-189.00018037518
-32.107836174242
-30.000708818092
22.110541801948
-167.844599031611
25.783439162834
-37.532029277146
-190.784611601506
-173.146366708378
-121.108946608947
-152.369506307495
-29.958493275388
-86.575937950938
-41.554653679654
-23.100260416667
-72.847312409812
-105.119207561102
-92.565486407039
-164.911448469066
-35.736191082138
-21.849644604527
112.854800445865
-115.102994227994
-117.18846387987
-28.431519435426
8.315097473056
-206.149618746054
-190.886994949495
-106.589543594426
-43.722873968479
-86.670343924738
-166.239177489178
-43.676324489313
-153.034451659452
-43.60101010101
-163.477883607278
-69.709526205132
-123.874458874459
-162.738337617244
-55.644009148404
-39.221603591721
-196.022990085002
7.814914631809
-30.231589048972
59.060613811102
-40.253968253968
-164.141053391053
-180.348226968344
-178.032439348846
-188.189574314574
-30.62086933791
-34.204648324766
-38.711662523674
-97.202540894435
-159.344676536571
-33.088023088023
143.564033189033
-93.494215311598
-38.148368802422
-101.9184831011
-26.587595049265
13.15729737385
-188.268320763438
136.99312531002
-196.667658730159
-116.527146464646
-167.743957431457
-122.065373320256
-85.912038915945
-164.663321975334
-187.321165759154
-35.188680189168
-180.650731646825
-182.23338505028
-168.221508471997
-163.63952020202
-93.2472119352
-160.026272772366
-41.215019897637
-193.061119002525
-177.153671903184
-22.173090418696
-159.213556463068
-157.12804594494
-105.550602988591
-143.134199134199
112.389880952381
-62.99349874301
-33.799069799558
-34.614357864358
-161.976370851371
-32.594807590413
-34.133547387942
-138.710054648043
-37.376345063357
110.689574314574
-175.172000417118
113.291865008906
-41.122897501804
116.93614472008
-161.218676722583
-161.125430504825
-136.192730880231
-169.759116697105
-28.892614763709
-187.526334776335
-148.937770562771
-151.059683751578
-41.253517316017
-36.186856004239
-113.608052483541
-39.435544056638
110.631473073368
-174.900260275749
-150.740713144278
-88.308995366613
-176.345230344742
-41.288710909316
-89.076581946699
-90.000110620716
-201.797008167614
-193.238726551227
-77.932248686643
139.126595193001
-38.841478400072
-182.337093028499
-33.081349206349
-212.57033856985
16.698572640467
-88.541666666667
-18.007117069129
-152.854519666531
-175.773789090684
-174.616334240846
-214.131042568543
-93.876270376759
-29.63196487757
-40.469398223304
-104.650064399576
-43.264893635011
-37.266963017451
-41.394238140332
1.230016755163
-104.340089652101
-39.271464646465
-33.882596190702
-180.051968485074
-35.55103842555
-184.974747474747
-139.904659034542
-41.139492018398
-36.862732021668
22.176406926407
-159.870663245175
-34.647657518263
105.666787503946
119.699146881764
-100.068083880096
-152.467880535263
-162.856802539908
-123.34795147344
-182.90576171875
-108.567272191784
-95.178772236878
-32.404339150433
-106.768057951163
-169.852723665224
-46.914772727273
-61.550226737238
-28.216921587527
10.33181282693
-166.032349161255
-92.34633302895
-187.346070216676
-82.730908414502
-173.800803796898
-97.974907416802
-30.906565656566
-167.202749453238
-144.928571428571
-110.609577922078
-180.269021831034
-25.511652166193
-72.891040708424
-194.257395382395
-86.373755340796
7.021485079591
112.174796232413
-154.276347458965
-39.205334243664
-156.478174603175
-153.745490620491
-28.617272050866
110.151484501826
-145.715831585949
-89.760572381178
-140.630702251308
-105.715618095013
-201.209338079455
-180.428460807855
-167.037718845824
-35.044380044868
-198.060257992875
-162.068820881809
-175.840646278635
-24.684516059028
17.591728529717
-160.631070752164
-149.746725063131
-176.566009565521
-42.138257575758
-83.680292743281
-97.498258252164
-181.117784992785
-36.118486060381
-33.691207907761
-33.879579133974
-151.58945833897
-35.67479130028
-37.851378601867
106.489898989899
-106.541365454207
-154.855511730023
-173.839568959686
-169.242223434118
-153.343266650884
-31.522083276966
-189.819895382395
22.178050736156
-165.115710678211
16.730617418606
-195.578192640693
-33.426705672799
-27.319075943588
-190.385301818407
-95.830619955132
-156.15455334596
-140.015401644796
-140.190135873241
135.580266955267
-37.637889074901
15.007333378427
104.636544011544
-165.478383161977
-161.405573593074
-170.300484617379
-173.631473073368
87.7913883534
-164.831892797957
-89.559085554203
-177.547799422799
-195.273600965007
-156.735840548341
-93.596750851145
-151.002533003021
15.23852574292
-156.310966810967
-45.686778499278
-165.440357819264
-174.674775799288
-73.465888657783
-190.825043825532
-0.384018759019
-198.385198948187
-189.133570287135
-193.703823953824
-123.898531210543
-151.055104617605
-139.917014734398
89.60111297123
107.727445351957
-157.873404806999
-190.672266047754
-150.506034818047
-81.803370620265
-178.700577200577
114.648897245333
-114.687971371077
-145.662046666441
-162.948482452877
13.880481009876
-28.936876437365
-41.064213564214
-29.218913465007
-186.68453156002
-111.905676463294
46.157750777868
-180.399100519706
-157.880390822285
102.279821442663
-33.132026881539
-118.426296305691
105.939584531137
-192.845410719922
-89.845689033189
-73.246544687951
-31.429104803617
-201.160276030393
-137.280421401515
-25.88226679462
81.860459364854
-34.397969651876
-32.734750546762
116.884186451569
-153.196761138167
-34.091480866139
10.624979566874
41.484294676677
-187.323863636364
-162.139159451659
-33.858237790855
17.024010332116
-3.878885816874
-200.575680070797
-36.796598800505
-178.52686815138
-67.18558562748
-138.313311688312
-29.735036610525
41.662866105249
43.639783014295
-153.168720548115
11.381513939619
-25.377156751668
-94.277589652101
-38.52103414164
-192.63465007215
-94.142504142992
-37.752435064935
99.815143623737
-36.456459827065
-31.417277546672
-186.464035584641
-99.931436998332
-84.790674603175
84.981052855565
-189.22582972583
-38.069514198909
-31.046717171717
-148.209493089376
-40.938311688312
-182.093795093795
-174.331869898764
-183.555465367965
-40.877373060967
-90.178849741838
-176.907910719922
-81.785062539457
-152.689233997339
2.205517084912
-192.809232813627
-38.564935064935
13.250881442776
-0.525695712707
-46.886912512401
-187.430305425911
28.356691919192
-47.678779987374
-131.185093118687
-161.000533375045
-93.84604978355
-29.946972163037
-109.951909581304
-95.436876437365
-36.652576969472
155.44227994228
0.248626753021
-35.733405483405
-178.116452612058
-141.132055065161
135.597941256877
-49.453463203463
-174.243887676993
-194.087371341766
-184.227994227994
-69.561064749053
-181.415785223891
-41.591079249527
-93.368424056412
-187.816210373828
-167.978612858496
-136.097423030529
-34.221397851281
-189.66829004329
-30.383650258162
-90.092622655123
-1.922328051723
10.199793695887
-32.796003421492
-163.09404522344
100.9761002886
-187.637183075171
-88.601543476055
-172.560696248196
-0.227873390715
-172.680382930871
-160.124180561192
5.45200751939
-176.864968744363
-28.663760230655
-166.020763578869
-119.742514430014
-88.424561956056
-169.25677181976
11.477162106557
-89.194565281723
-149.543460201907
-83.909734904852
-87.541785037879
-191.241419496302
-171.501783318678
-38.532668340774
-190.104700041712
-29.206952335859
-33.310425685426
-138.706168831169
-36.040133477633
-156.753239002751
-43.21463871415
-73.448585323097
-151.658439162834
41.905303030303
48.800963738952
-27.662850604257
-90.271165900072
-182.919725294237
-159.41847041847
-151.757493320482
-34.49531024531
93.605872480384
-77.782815600198
-172.339896594291
-78.656135151741
-34.61804780506
-197.774961529356
-119.679563492064
-40.982573361968
-27.040854978355
-39.619748686643
14.959207025613
19.30836933791
-163.182248686643
39.871121933622
-39.35509672619
-103.70661976912
-176.883186637581
0.542991296898
-80.00765819467
-150.170877299784
-107.189574314574
-195.22608760597
-34.746289626172
-190.943452380952
-186.240009610615
-85.779563562523
-150.642586580087
-192.848582786571
-35.217004024621
43.441205441694
-107.20173695662
-33.244470373377
-159.610729927624
-90.122183751578
22.152053810989
-179.253787878788
-30.720951845464
-160.616640737734
-157.075146695752
-147.689406622024
-149.625659496753
-31.884281571293
-162.375852906859
-188.107392986788
-35.218403693745
-46.210559839466
23.056186868687
-165.204906204906
-51.095668600063
-196.954725829726
-107.390622886228
-124.085518268624
-98.848858281475
-32.89926046176
111.153061023178
-167.619478123873
-30.010551948052
-167.431838614944
-29.376610693994
26.475296350785
5.757776565882
-168.160263347763
-180.975891729798
-196.886366102431
-129.744027185922
-34.065205627706
-135.342434529446
-161.323502886003
-114.243936998332
108.798422985435
-109.36162405303
-149.829823767812
-179.486840362329
-138.176927618822
-104.797168109668
-40.005772005772
-33.032279406791
-89.719266464872
-109.990862869769
-161.669560420049
-25.746302308802
-35.474927849928
-79.952089956484
25.772516247858
-70.234918239313
-174.662518037518
-0.085477402372
-195.131575943588
-101.267058137175
-196.854700041712
-153.447572826479
-179.695243450126
-131.393050200667
-202.816829004329
-206.88971325983
-200.716109899215
-33.355266884808
136.779934529446
-40.090465903454
-197.699126448638
44.031728064687
-165.830426897321
-143.589556277056
22.853422266752
-102.542478354978
-153.140865265377
-194.666777287383
-100.685335497836
-172.592725525343
9.66829004329
-90.368867243867
-41.637183075171
-191.645812900207
-201.016574083469
-41.923180606286
-145.580529767542
-137.88247781949
-87.210309709821
11.811938441333
-69.125713750225
-122.878898499504
-34.772469392587
-31.082501211896
-111.482323232323
-4.673971861472
-159.878584604415
-150.919289857278
-174.790404040404
-98.502074314574
-176.721528905123
-145.912149536661
-110.082160894661
-37.675788295905
-90.492123029965
-158.405455221861
-197.989350113862
-107.635461760462
-122.2028938943
-174.707681587076
-90.882034632035
-75.47591991342
-115.379579133974
131.468266650884
-97.21625715864
-31.747843248332
-152.230761859668
-141.761904761905
-120.990883302895
-142.930673926768
-140.415295885755
-41.691661311778
-177.452290764791
-36.933539496528
-89.789329539818
0.898551643669
-32.218176463294
-184.727182539683
-126.558150562545
-100.659098659587
-141.200146695752
-90.936319810832
-12.062077245671
-173.938790809885
-97.112012987013
-176.797778989674
-145.254620000226
-139.126816434434
-84.246740564123
-148.011716636228
-186.068292438898
-180.129620000225
-90.868957431457
-190.073451098598
-119.975731787744
-162.416854792343
-179.248827561328
-156.008008728468
-94.337834962347
157.253097027755
110.749196062184
-46.888958643353
-36.93054780506
-176.546085858586
-151.490280173386
-36.431928802534
179.672598614493
-134.528401340413
-105.342741026335
29.627445281498
-41.026347458965
-143.754501629013
-163.840811152823
-83.600641600153
-35.65271577381
-120.987914862915
-34.066220590391
112.110920519368
-86.625971630366
-194.192890822285
90.032196969697
-135.200515196609
77.971492971005
-194.584706580312
109.317833750451
-37.489365614854
-26.189561631944
-169.638798701299
-35.343060910444
-141.35435725841
-170.69984794936
-17.26261851213
-156.641947516459
-160.495580808081
-33.797348484848
-200.844717402823
-154.147206580312
-100.573474702381
112.192179538127
-163.473332656926
-171.716622841135
-24.563832380727
-119.898982148494
-47.151613089601
-42.11056998557
46.818722943723
-33.00172131471
-181.401875901876
-84.165193015535
-30.982856607368
-6.901236838249
-186.357766419778
68.121281875676
-31.572892005997
-32.912314763145
21.457632265738
-91.920454545455
-37.131063001668
-88.804821372204
-184.022739955357
7.475389004442
-153.950945701434
10.111840362329
-137.931830864448
-162.968995902101
-181.649538775027
-189.322248010236
-172.802398989899
-34.137085137085
-170.925525483631
-52.331189264295
2.969668786075
-32.169462481962
-95.886824790878
85.69229262491
119.624368686869
-45.908542033054
-198.355769610164
-37.155470722854
-153.504968067956
-144.740231556638
-33.649240028635
-30.643390517902
-174.893315831304
-157.746354096208
-33.703435019841
-157.116460362554
12.212641904536
-177.421085858586
-194.895575453193
-38.767738771645
-140.350100474612
-49.458042337437
-134.783480029086
-65.706411210317
-162.512175324675
-184.459255642361
103.482302799197
126.728383161977
-26.464486522592
14.695354070842
-39.212834962347
-87.213842526831
-134.416473608856
-39.39689515129
-44.413899034993
-37.110018643466
24.883936321925
-17.059876809389
-81.541558512017
-35.71655308667
-37.069424011319
-38.203976145382
-40.668372480384
-42.588412022006
-155.701208513708
-87.113636363636
15.711427895022
-187.912518037518
82.788767981151
13.395410579004
-153.790772541261
155.428483707048
-154.978375411481
-122.079988642
-154.347693593299
-194.177030489042
-42.147567330673
-94.319434227881
-37.537074850063
2.298492739899
137.273358585859
-208.335227272727
-39.242223434118
-160.116419496302
-70.199703508297
-138.173430735931
-191.041944979933
-138.674943491838
-29.85607328869
-24.306527185922
-27.362997300009
-32.821227763122
-19.318813131313
-160.524628962617
-33.299672929067
-162.50497300009
107.127525252525
-149.412999625158
-33.737554112554
-173.45174963925
103.93958206507
-154.512456104009
-209.492153679654
-95.547258297258
-40.276715959821
-46.425123867018
-158.203290578779
23.531194689642
-32.231178977273
-169.243243681232
-30.430666176272
100.006400852836
-104.464195526696
-82.745490620491
-85.493715052309
-29.942730880231
-50.074314574315
114.554993996889
-89.729367474973
-102.879488946383
-186.191919191919
-68.249899595847
-31.989710864223
-178.187860750361
-27.35378548318
-45.786446002999
-177.555202555691
-39.138437950938
-74.214996998444
-113.90577440138
-200.208320650703
104.152066493619
-134.365239307134
-182.565414186508
-36.41847041847
-49.21330140129
12.891893262987
78.716803216315
-198.949203953598
13.102723665224
-166.305633060516
-98.575569450081
-81.866174298791
-162.986311919417
-43.097652727047
-204.261069822105
135.288608039096
-31.057379740485
-174.250631313131
-39.605519480519
-173.816829004329
-181.653421773539
-158.805096867109
-110.854437229437
-117.428731370626
-169.550677675189
-86.712141645247
-30.986402107008
-160.40386002886
-161.294011544012
-91.201126076614
-160.478154170049
-36.115079365079
-180.589917027417
-47.263868455763
-159.664752294147
78.127254689755
-108.279491341991
8.627435064935
-133.888167388167
-115.270923520924
132.896995555443
12.492684588632
-39.388437950938
-31.502906436012
-177.465450402462
-146.323753015648
-30.724858095464
-35.025432900433
-153.88150125699
-102.408178816626
-35.391226015738
-57.028922032828
-81.376545871663
-166.543753663871
-87.627393494093
-151.736471861472
-40.528777591766
-137.695165945166
-33.443001443001
112.67602574292
-36.115099798205
-29.519279711174
-137.488808988321
-174.73738148787
-188.761794141189
-87.897817460317
-35.220418470418
-33.183691688086
-118.216991341991
-170.564205813718
-88.873987503382
-34.779942279942
-100.459763652146
-101.736090677985
-154.417125355114
-200.763638759244
-191.442359913307
132.744580994093
-158.907487965593
26.523997649486
-72.822170505276
37.902347272953
-32.015594702606
-18.917127821181
-162.998814878698
-37.191210373828
-29.709116838023
-194.371412929518
-33.370781616387
-31.532457315905
-94.780854372407
-28.444715007215
-30.478535353535
-163.123716940611
203.973276289683
-26.716893403905
-72.58380470441
-34.501796001308
3.015775077787
-30.417568542569
22.241883116883
106.30944137243
-160.40395021645
-32.030365034271
-193.794384977002
-44.981503793516
-209.330607272502
-32.995670995671
-202.064061372655
-172.768037518038
-87.466839150433
-87.911726782332
-125.935724431818
-30.35292447353
-35.945227949134
-29.26625419936
-151.324868382486
-34.065989132395
42.922410488817
-128.826476610412
109.530372784767
105.347891935538
-28.848657473169
-88.116993737599
-144.088272865372
-34.675886233992
-149.631011918854
-31.873987503382
-81.362353304248
-183.118777056277
-100.143150604821
-36.210034214917
-83.650141904536
-193.102994227994
108.275051716946
-195.270542337437
-32.844578598485
-37.445707070707
-95.864259926272
-31.821506076389
-206.440316248422
116.425765396713
-87.840270027282
-38.42784992785
-153.893681513799
10.377406881313
-117.700757575758
-54.215458152958
-138.375548876037
-92.329545454545
-160.931650489268
-87.221799467893
-97.562852999865
-161.953373015873
-135.120019249414
148.263868455763
-138.780233275839
-174.353834099928
-200.179645929158
-153.535333102228
-39.2883170432
-123.910082972583
-41.158299653905
-37.119957245446
-169.017378021284
-181.07702020202
-23.58866215165
-179.760912698413
-184.880210447105
-35.872284155731
-93.348026160038
-35.818181818182
9.704267141279
-79.171266233766
-162.685335497836
-37.819006189123
-151.662940791847
-195.522186147186
98.269398082386
-160.585415398404
89.607233044733
-129.983106737013
-172.834956709957
-196.478638223755
-62.861464110976
-28.204996392496
-197.626713564214
-185.581970302918
-28.121933621934
-89.241501933396
-88.796188728806
-163.933531746032
-131.555207487825
-156.984417980023
-199.749368686869
-148.544983174378
-29.066558441558
-162.928919496302
-144.960788831394
-162.073655077561
-148.028569032964
7.849136594742
-164.531586089692
8.789169597763
-38.0172053966
-169.529491341991
10.402156681209
-32.817169321564
-28.798861240756
15.953553391053
49.055104617605
-156.311987058081
-164.861319669913
-100.496294558306
-182.59395503585
-166.075639204545
-85.631663665111
-103.622915468863
-94.306457431457
-98.054001933396
14.519021831034
-38.447858890242
-96.870191874098
-109.299943491838
-85.648366336355
-109.761010636499
-98.333944213339
-29.607330982819
-37.654393403905
-73.915826794733
-197.776543335137
-47.615071614583
-206.594897778003
-40.904210562658
-191.277507215007
-31.371624658978
6.297168109668
104.889247173183
-165.470578412473
146.811417748918
9.878898499504
-142.842885467397
-18.575319320437
-28.586948587437
-25.09692347583
-26.711690707296
22.31746031746
-199.147616652011
-30.852806102318
-154.576659451659
-144.816806105136
-40.290342036436
136.798430735931
-17.498675369769
99.58927796379
-183.728452916441
-69.986188616071
-177.085387214782
-79.247557184569
7.515762395157
-193.065594561688
-48.467905900523
-88.961510332116
-55.209874272863
-188.018779451885
72.257655728603
-209.663079596185
-98.650322279717
-193.938139063627
-196.920732858721
-147.192079133974
-88.974123912112
10.095972278589
-179.881153189259
15.40369233631
-38.257132570121
-86.774814269931
-48.289662106557
-111.926607734713
-128.838306333424
-38.147907647908
-156.8795995671
-167.033439162834
-36.593336405348
-84.93071549761
-34.896825396825
-86.827478890467
-71.35119047619
-34.86075036075
42.35082972583
-87.596794183464
-171.966638342127
-32.640491832386
9.828184890197
-30.70642671131
-37.927780173386
-26.163981472087
-36.749466624955
-197.127857819264
-42.543802985209
114.176767676768
-44.520433830492
-37.880702251308
-45.99062049062
12.349316969922
-181.146817646329
13.946075571564
-27.322510822511
-27.74025974026
-35.671253551136
4.095598845599
-149.718003838609
-39.600108225108
-53.921925730519
-105.204184704185
-157.355671672078
-22.211129148629
-130.728777732684
-144.72870797822
-205.6615055409
-32.413079596185
0.74981962482
-38.86038961039
-169.709595959596
9.37861772017
-179.146562584551
-38.803313548431
-43.773719336219
-201.877976190476
-178.40366697105
-142.154679467668
-33.675803796898
-117.212822279717
-193.900440650929
100.949778194895
113.872397242514
-35.28861297123
-152.248827561328
-185.359286926181
-35.18968493529
-159.464118021735
-136.097119352002
-27.241251803752
-165.376783318678
-108.617081459122
-45.769369898764
-91.732967228084
-147.604957921852
-161.848866031972
-41.979094446135
-91.600218845824
1.700196017091
-201.895361962256
-31.370227808216
-164.238878742785
-151.805014430014
-39.93262987013
-127.529581529582
-38.74695405506
-92.365522552534
-149.498729623241
-191.157918470418
-112.522928081034
24.91082490643
-193.255349251443
-134.455975773359
-153.970258528364
-115.626102684208
-183.946706884695
105.985397360886
-153.755972814078
-154.075095612937
-29.157836033324
-36.844774474657
-103.783890100785
-175.201388888889
-143.649523274035
-32.536693666576
-35.462772958378
86.787219291126
-102.961912653319
-32.17297979798
45.273729552782
-212.310848439755
57.677336985931
100.954192454681
-150.523706653589
-192.720140157152
-132.732856607368
-33.305924056412
4.935954128337
-116.69497781949
-157.298791486292
-101.748368872881
-102.631485755997
-34.392766955267
-187.743223248106
-136.586559653454
-144.562451030957
-174.435814619408
-91.014963389475
-141.495199624594
-47.318542568543
-150.834443768038
-160.736742424242
-34.339666897772
-130.127086997204
-147.016664271059
-159.133477633478
-25.755591630592
-28.391213333108
-28.238824489313
-110.234639926046
-157.762703767587
-132.322317764701
-98.033542033054
-178.013716264205
111.936778499278
-172.669171486066
-32.934523809524
-91.691738816739
-165.791764604753
-204.855248917749
-37.728275007328
-149.102813852814
-175.02589158888
-110.511293881899
-41.967192150298
-192.443452380952
-34.861755106872
-37.2672053966
-106.813950751939
-27.276966089466
27.801296305691
-191.91839291351
-114.580179233744
-166.835289276696
-36.92488148787
-50.927136177624
-31.785431040314
-90.476530793425
-208.814484126984
-104.026888584506
-38.255710001804
-145.234766047754
44.246062395721
-175.769743331755
-180.966117649711
7.4230826682
-183.416756854257
-145.274690966586
-195.998647186147
-80.777208468615
-152.887827070933
-196.256936693948
-96.094696969697
41.996392496392
-83.154684399802
-31.179583925189
-148.776396780303
-180.823781199269
-176.217983405483
-191.084338079455
-53.660902411391
-184.035070289953
-160.570436507936
-148.384479913533
-89.669310290404
37.792395917884
-43.940684749278
-54.53546415607
-147.009206884695
-153.749218961377
-85.126831935426
-30.224306753359
-36.479519666531
-33.87682418493
-196.251831935426
-39.916749103761
-34.744518990124
-35.082168645157
-106.790416723034
-84.876643809749
-81.387077386589
13.317640692641
15.767488642
-202.433338688222
-34.111361240756
-189.637417703824
-39.443174067686
-32.374577245671
0.825538800392
-31.811868686869
-81.04129816581
-47.884219567325
-188.28841991342
-80.623799377706
-145.848595469201
-140.710325210814
-154.472833102228
-38.71357196406
-98.085309709821
-34.317813317325
-40.265081760687
-40.697969510958
-164.63065363456
-158.498397056503
-40.017393522276
-96.805202555691
-46.006243376849
-84.757387631899
-161.797606364989
-33.42881380772
-29.06031506471
3.382596190702
139.903058557111
-34.029699900794
-174.710214590097
-97.994387936282
-86.237456174468
-150.38944269706
-44.895222453328
-139.147678303684
-14.057248686643
40.460765932201
-127.336239769345
99.641594516595
-182.376533189033
-202.049062049062
-198.756764069264
-30.513360445978
-163.776445397051
105.559353650906
-109.398739769345
-100.506145438763
-144.80702674062
-206.815414186508
-51.904761904762
-39.759137130231
-149.496503117109
-176.829643392632
1.843522064958
-187.164321789322
-174.889721010326
-25.863914676903
-205.36089726788
-43.133207070707
-174.727391098485
-183.16142803594
-171.982343665449
-161.486574731692
-158.229957921852
-38.535595914502
-154.725636668019
-119.907044778139
-91.057150748557
-166.255681818182
-35.81746031746
-124.202089956484
116.64086279931
-42.171023854618
-146.866632987238
-95.845078153184
-35.547688802083
-37.471961876015
-39.817079133974
-99.93081836783
-164.890352323458
-184.483065166171
-60.253525066513
-60.106704601822
43.313394125406
-33.227002164502
-100.586417678459
-2.302025556908
7.053058486652
-200.814040939529
-99.47619047619
-40.79329004329
-40.23222282817
-155.511724386724
13.903220965233
-181.530503838609
-164.472332842938
-99.414314038826
-39.107683982684
-180.517955080943
-36.297258297258
-145.093344155844
-159.149448587437
-94.178050736156
-165.921454359443
-38.487365986878
11.546093609082
-153.845598845599
-142.909624284136
-198.328914141414
-0.588716405123
-157.661172974161
-91.928197995581
-174.573953823954
-201.141115395022
-93.070096190702
71.316648629149
6.114989177489
-89.888708513709
-179.817821067821
-80.641066073683
-187.255521876127
-40.332333519345
-151.529310966811
-33.316197691198
-26.81527538217
-164.787698412698
-169.122564935065
-148.228945072939
138.224033724522
-151.49160233755
-163.491792929293
-42.283106596095
-95.532044778139
-40.277306406701
-83.017656334551
-99.910173160173
-103.362041170635
-158.126463434569
142.068923752029
101.792200041712
-24.233245541351
-128.065746753247
-182.311245124233
-176.606220548115
-182.228195036301
-163.43740981241
24.221959409948
-37.990988991477
-33.936515687004
-39.78077440138
-108.382665945166
1.270119583108
-28.19974507914
115.119039868552
-175.04778674017
-88.877344877345
134.693341760236
-21.484315109803
-192.242882930871
-34.018295398178
-195.508276825171
-151.226558977047
-49.240788183171
-143.345861657873
-31.308990434479
-143.356769424152
-152.793490851596
-74.804024832589
-158.10732569839
-103.932622119634
-74.747003376398
-35.682088744589
-177.570859262266
-103.938041125541
-191.727460852949
-34.414600102588
-41.601453288465
-34.968532281521
107.589986781881
-133.59317153116
-55.152875715864
19.508578037631
-138.915965599071
-97.298320115215
-149.491171832725
-157.214437553549
-218.82388406949
-188.536103219697
110.413793346411
-158.158992971005
-88.414432410038
-186.01203334968
-181.36516955267
-34.95527717183
-188.842470463564
-196.574793695887
8.119039868552
-154.294114414232
98.790316318881
-133.701548830943
-180.384309754915
-10.997655122655
-81.647554648043
156.632583508072
-157.017406204906
-31.137242613073
-176.833596145608
-86.337852929406
-73.326471325983
-172.646817646329
-81.945809940927
-172.627455498061
-47.535471906566
-51.364705932089
-162.669093981106
-42.598742728626
-163.106421356421
-91.862345553752
97.945227949134
-28.46444565634
-178.014803447421
-120.52932893387
-85.661997345103
-2.988796305691
-152.297348484848
-36.415646419553
-22.157807849702
-166.254481195887
138.96797318892
-171.777950402462
-36.107511358
-138.390233952246
-192.696907693001
-187.018748802196
-1.598724761567
-116.875188125676
7.20871451682
-149.913551319557
-34.250729251218
-161.68262987013
-44.316566192054
-88.636814574315
-32.707895078012
-59.730581484488
-144.582078457567
-162.118777056277
108.025200737847
-175.20852145901
-85.928932178932
-168.911255411255
-32.079532771916
-144.730978168966
-163.812311874324
-181.428829308712
-206.384317505411
-44.747745310245
-88.758186637581
-175.176566868461
-31.232204861111
-78.173167923656
-38.116875366387
-31.065857373963
107.093133130975
12.741321558216
-25.451479076479
-182.505972814078
-46.221951659452
25.580346926294
-179.314476376488
-178.321789321789
-30.888154705538
-174.330725643714
-153.010379323368
-174.213002654897
-177.917297979798
-146.078823953824
-84.56230694219
-159.292831354843
-149.490087115575
16.667851787969
-205.971688847177
-38.672438672439
68.729908600514
-163.474920099432
153.519650678098
-33.884732509244
-174.389860519255
-116.382137502255
-42.459317646329
-146.769849020337
-162.315586811192
-163.636293881899
-34.000901875902
-97.408980288375
-191.585760647772
-93.325930200442
-168.817290158843
-82.886253015648
4.217803030303
98.687688125676
-32.949683075171
-119.018939393939
-32.681006493506
-195.295253737148
-79.850759971365
-185.843336405348
106.852813852814
-47.334335613388
-178.343988151605
-194.495838688221
-92.240182235299
-147.169761228355
-193.157898037293
99.098103664998
-141.148847923994
-32.479096912202
110.381733419575
107.447510822511
105.195727503833
-38.767594330583
-155.023538961039
-75.58953584393
104.723484848485
-190.207243331755
-152.857663549558
-45.146451963835
0.897518713925
-29.131243376849
3.981261414367
-35.532106782107
-32.218905714511
-152.184773939168
11.014337360773
28.947400201795
-76.850177979572
-148.351198226686
-179.045462295951
-173.717532467532
-76.902605153093
-149.082052740012
-167.833977329095
-27.275543521149
-178.838752339241
169.76625419936
-156.905400968389
-22.580738326344
-40.408366942302
-81.44724025974
-46.305096867109
-90.36849874301
-35.300793580335
112.629669321564
-171.208596145608
-192.609828051723
-158.832622049175
-97.780651098034
-26.742256549874
-181.228736161842
-41.898358585859
-184.592274587392
-151.156753782242
-26.975440791847
30.379661571068
-162.702311197917
-152.870372249278
-0.18759018759
-29.676677489177
-40.494380185786
-74.074474516369
-156.492952685336
-189.465174907558
12.69914194963
-202.051484431367
-28.627587256494
-159.367887863005
-170.181887936282
-162.599817229212
17.92775974026
5.117403809298
-31.89926046176
-157.080988455988
-34.685683565566
-38.745498370987
-39.28660841112
-38.991334240846
103.531467718479
-37.152228901741
-78.768468022863
153.798889424378
44.37481962482
-191.727813852814
-35.60111297123
-57.866370174964
-197.652875715864
-177.942530071925
-26.151327025839
-53.87005236517
-88.638175138663
-29.551940301452
-149.912415167298
52.328926824044
-7.659642251195
12.277855282738
0.283209466315
47.979625355114
-82.33630952381
11.471508471997
-40.839924777913
-148.64829658189
-11.569887631899
-159.304924242424
-32.140700391189
-143.088716405123
-137.867965367965
-96.420895266843
-93.187049062049
-150.0597119352
-97.324023578418
-193.804112554113
-168.846057534046
-199.013688080583
-210.234315109803
-150.279880275974
-120.368063306052
41.082137995468
-22.739981426993
-40.414321789322
-29.049152236652
-165.114705932089
-15.487554112554
-187.387994763483
-157.932441744453
140.088834776335
6.922879393827
-182.328352582747
-202.960325210814
-171.597492784993
-27.703635828148
-205.647353839737
-39.110119047619
-98.80093555533
-38.878246753247
-159.141504329004
-30.875420288262
-159.095951845464
21.265700391189
-173.891872829861
-99.265582019977
-31.587561933509
145.020493016098
186.600677534271
-156.970318066265
56.071158008658
-30.174721545815
-150.457160894661
-35.04129816581
-40.633920820933
5.394467836851
-198.405926592938
-158.949384328779
111.035915094021
-156.030656030168
-152.84535646645
-36.231498861382
-34.50381606241
2.713203463203
-169.383276825171
-61.804292929293
-102.531122469111
-202.176767676768
-107.371402712955
-106.310959060471
-96.980408859803
109.022477143083
-67.843101776696
-171.217352092352
-80.578254644661
-27.775420217803
-124.393300330312
-178.026342526831
-89.714043335137
139.271186333198
-164.173868991252
-194.57014551204
67.568284688402
-160.176948051948
-94.668949540043
-80.74104324495
-35.578635828148
-36.90844691333
-47.634170950577
103.414399294282
-189.295712425595
-23.706091326209
-148.943722943723
-143.959944027327
-113.292741167253
8.67715661075
-92.680936739042
-33.228723479212
-26.461678024666
62.661057069016
-82.527499464511
-126.776424963925
-164.227563723169
21.304112554113
-182.152064027552
8.99865740271
-202.09354496415
-116.419482915088
-152.077860073954
-76.234856235345
-159.376981660917
-196.839945211039
-145.788953288465
14.67479130028
-87.935327747339
-27.289793160399
-175.812139249639
-173.903790274396
-31.598484848485
-82.169995857008
-55.302218614719
-40.443099381088
-19.625734183351
-157.165702786797
-25.765259669801
-85.761085323097
-42.086920403815
-52.443001443001
-190.576195831079
-3.825043825532
-93.805174372069
-156.987020737509
-77.948404947917
-37.6011002886
-89.860126798115
-82.046474792569
-171.733307545319
-177.046343738727
-33.748113811102
-178.453435019841
-28.813471630366
-129.659964601371
-32.375422754329
-158.802136177624
-127.738816738817
-150.495150303256
-2.358044733045
-195.809613997114
-80.874020619138
-178.187131499143
-148.215888657783
-132.073703694309
-98.937510216563
-96.905676463294
-33.838716405123
-163.311618557224
-201.739267676768
-107.263097633703
-31.199765512266
-27.387507891414
-123.750097938086
-176.819521949405
-154.755681818182
-74.066458037405
-54.208070521059
-25.821706884695
-141.913572104978
-30.315115440115
-164.976731601732
-161.097229972718
-189.73088023088
-122.683178746167
-33.759299538352
-178.209415584416
-146.879161311778
-96.687049062049
116.208090954185
-200.650515337527
87.131655914615
-87.64560398911
-194.357766419778
-149.706431643443
-193.649698717082
-199.654594212211
156.14363818148
-26.067668876263
-32.811049248061
-28.337399525388
-36.549943491838
-187.47619047619
-162.129411441423
-33.363005050505
-42.461878832973
-197.542097171492
-38.391795324901
-185.913572104978
-174.810425685426
-33.112824675325
-154.771276520788
-154.6096061057
-24.909271284271
-40.424291745581
135.080648138754
71.50604503461
-197.124458874459
-35.611631803526
-164.201401571519
-183.103522670905
-160.26261851213
23.141692454681
-181.580517084912
-33.138979076479
10.027486781881
-184.752948006854
12.381596376714
37.816656379645
17.681457431457
-141.499729437229
19.159183562748
-110.428218428707
-27.60378548318
-21.80953156002
-147.28383302895
-53.713564213564
0.183281616387
-90.48626330267
-90.64420995671
-27.322961760462
-115.609279175685
107.846521154627
-41.955439579951
-153.778249148855
-33.759399942505
-159.472833102228
12.098763161751
-37.230339105339
-200.066197691198
26.841651024756
131.188061558667
-73.533299653905
-161.547771239178
8.594266464872
-88.218802844291
-67.852522856917
-115.12759500699
-47.649600778995
-154.362644300144
-49.029151024756
-193.076659451659
-81.582792207792
-163.360237418831
-3.177558931953
-115.701131008748
-65.946601196113
-155.325134013122
-153.289321789322
140.277296190138
23.03163541103
-183.130132942145
-143.101633663645
-32.780303030303
66.111804428211
-92.703082019977
-189.409201529807
6.264509985457
-180.881215193227
-157.116702741703
-201.550435296041
-152.915396289908
-26.838896780303
15.552932364944
-167.864726365215
-155.642578829591
-87.293171672078
-131.966823649441
-151.735299422799
-156.823691011679
-151.173811919417
-98.276051530934
-76.942079133974
-38.524884024396
105.637453637942
-73.709776334776
-33.607531791126
-207.455810546875
-5.123376623377
-42.561139435651
-25.902056277056
-106.148982148494
-109.789071659677
-207.783828096816
-195.607233044733
-31.801344922439
7.330455080943
-177.747662873151
53.923520923521
-153.051767676768
-199.005328818317
-201.210580272592
-118.539605034722
-182.658389841495
1.561520619138
-33.27138220937
-179.601551226551
-112.645202020202
-80.777218685178
-86.856351601957
-85.156586089692
-57.251803751804
-188.244707115801
-170.992362238456
-182.003226320121
-172.854617604618
-71.739525556908
-30.550775613276
-205.509933317551
-150.91054166103
61.089819089331
-37.350371037383
-0.654929597312
-68.571075571564
-69.215798470193
-173.557712307224
-200.360698573345
-29.483253291847
9.977002164502
-32.993416305916
-148.828455452967
-31.677870360976
9.023178210678
-186.991251803752
-194.059864126759
-90.809714401267
-36.004607317596
83.049796232413
-198.623036306142
-85.357400737284
-135.753336940837
-205.832624515242
-1.076278268173
-27.598304473304
-188.458325582837
-36.010642135642
-159.364648860254
-159.463654401154
-30.352092352092
-170.135912698413
-28.677731556638
-187.981673952133
-32.921176046176
-197.181449680961
-144.163878601867
-86.039682539683
-170.536435786436
-181.764151701163
-122.007784316378
-144.229968138415
-150.500368500857
-20.332619583108
-107.96227340368
-38.354617604618
-187.295982988366
-94.579393262987
-181.611750174738
-40.552842177354
-164.26920995671
-175.610930735931
-161.727973794868
-147.60406872858
-110.460650027056
-168.111484544102
106.345758787653
-205.055166621573
18.142766955267
-158.846951659452
56.480310921717
-95.11562049062
-90.898190893308
-193.126365496483
-158.778306220689
-177.670753291847
-209.942751313357
11.113484172078
76.879210633117
-37.164702972808
-82.714757085363
8.69696969697
-159.787427849928
67.555936739042
51.128579319986
-133.673992294598
-28.556539868552
-32.467079063515
-178.843782411165
37.381583694084
51.130419005907
-148.451992018398
-162.70985877187
-32.595967346456
13.235417794012
21.00496031746
-40.583632079726
-148.770993275388
-149.657717662112
-33.519021831034
-98.259186451569
-159.559163059163
-65.628587070482
-140.692612509019
-35.862221545815
-143.354076479076
-167.885392005998
-148.027610085227
-155.348763161751
-50.499098124098
-191.707771774666
-38.174623607729
-168.607495857008
-32.263270258387
-68.876090001578
7.760371572872
-31.360930735931
-170.268099522006
-36.617903363997
57.771080996911
-78.579295324901
84.912149536661
-38.030573593074
-160.07493813695
-42.286886724387
-178.478986291486
-190.113115671221
-180.911152541035
-36.766767141279
-114.567710447105
-36.594586348981
-156.798680865575
-190.102445351957
-192.892669017181
-187.351120721726
-28.344766724161
-41.777958152958
-75.56231962482
108.402605153093
86.617140997024
-40.160956664863
-201.498446377841
-98.040792974387
-184.026715959821
-26.896011242447
-196.116341991342
-201.576035889024
-175.30121880073
-103.839015151515
-28.74800812252
-82.229096912202
-74.861180865575
-158.030094471501
-203.299680679564
-152.232261228355
-85.986729741613
-174.054633246528
-45.469995716089
27.213806592713
-195.827380952381
-168.787976725965
-183.074605570211
-198.853076665088
-189.772657518263
-123.515950520833
8.059884559885
17.185317530777
-161.957993016098
-151.452548644931
48.987373737374
-183.127365310471
-85.783812595824
-86.167215542704
-94.074214170161
-164.646116578734
-42.713203463203
-88.948342943948
-83.186791181908
-91.136917444535
-90.349629103535
-55.982946794959
-29.449757761769
-28.76373669733
-156.505591630592
-76.704532771916
-185.046779175685
-38.038259971365
-190.627545685651
143.537677979572
-159.695194128788
-171.948502886003
-156.717725525343
-151.819184098237
-33.447142321654
-193.843774660669
-160.947052134064
-38.915293419688
-176.479506983902
-179.458681401064
-91.171196479302
-175.33848177647
-189.443653189259
-175.934773939168
-36.447949077832
-208.188692871798
36.377254689755
141.48556998557
-21.863275613276
-165.031467718479
-185.974677720283
-161.079545454545
-37.6017936057
-46.574203953598
-32.797077922078
-178.725358354753
-32.624381369499
-79.16898336039
-54.815594561688
6.537165037653
-80.890411861359
-163.587863145969
142.492061025997
-191.337379092262
-37.140975886093
-163.19533856985
-13.164424659542
-165.391385957792
-81.060876623377
-41.425783363772
-195.080648138754
-197.254148629149
-126.322052134064
-166.21357196406
-90.99235448796
-163.172716985705
-93.745933807946
-82.750368500857
-14.649531024531
-147.546807359307
-200.875360750361
-145.246871617965
-76.945616883117
-36.248745124233
48.397013522502
-40.420933667027
-143.559155308667
-166.079295324901
-35.145853766459
-161.130854442866
14.016213333108
-151.87672131471
-70.240710678211
59.70452502142
-168.638077200577
-126.641426824044
-120.077450706845
-191.769501304902
-162.337670088158
-34.411165223665
133.402004489651
-42.137716450216
-180.963213679766
-205.035984848485
-41.916674417163
-92.167109854122
-129.603924287518
-38.854707792208
-182.631493506493
-195.918751197804
-189.642045454545
-32.119929061824
-41.281204906205
-168.211850649351
-35.717524717036
61.996302308802
-3.787500070459
-157.034985034497
-38.405656030168
1.384178701073
-197.959436017542
-32.55770737509
102.453914141414
-191.991341991342
-146.776515151515
-160.184966996979
-70.314045871663
-87.59786128585
-109.684413188808
-78.61734180533
-169.497855930961
-43.082160894661
-159.522719522231
-135.433812525365
-35.021284271284
-156.933191428797
-192.221771284271
-192.160152727047
-160.692452566964
-85.84345477656
-84.246474933487
-177.35091991342
-142.845140157152
-179.320588699495
-207.879058441558
-95.131140506629
-34.285255597267
-140.037350344968
-153.295196665314
-40.020091399486
-123.088030838519
-57.983413233902
-36.515664457071
-178.385108760597
90.99998731737
-29.758830633342
46.715916841405
-138.008207070707
-143.344717402823
-71.56441437252
-162.754952566964
105.292089420996
-163.767316017316
-41.266414141414
81.121232554338
-85.505689568678
50.643037518038
-95.580697460092
52.729859983766
-166.321686451569
-175.293671226777
-33.94208688447
-147.852826535444
-91.518107272502
-33.819784761679
-190.302829494724
-33.114801051813
-197.135121443227
-33.167658730159
-142.52896289908
-34.741244053256
-72.777708023314
-154.374479307585
-108.466880721275
-171.612154962008
-203.802058672664
108.761982266865
-109.930096867109
0.324785945391
-175.393697014791
-137.567612509019
5.712842712843
-101.055485801091
-33.901043780438
-159.336129148629
-85.673959178842
-155.19427181976
-190.500999813988
-132.828032698638
-88.476072104978
-159.470500907513
-148.094274567663
-152.800873551362
-157.509211816829
-86.701651701163
-187.604810662428
0.047168109668
-75.300775613276
-84.388688080583
-182.033029091135
-38.405746217758
-17.689053622159
-39.921536796537
-35.271652772141
-35.004140878653
-34.029589280078
-2.191398499504
10.860590418696
-85.59021577381
-98.165945165945
-37.073224572736
8.104354792343
-157.723456664863
17.058080808081
-35.11524705763
12.404839409722
16.107511358
-161.699023578418
-28.394660894661
102.634018759019
-100.270841083829
-32.901043780438
-37.85550679789
14.778416841405
-151.88724507914
-39.612811992695
24.055808151267
-166.396222267316
-28.836948587437
-166.598546852453
-173.199322324811
-37.718362122903
-36.935413002796
-96.647907647908
-151.956349206349
-85.287067099567
-44.315386002886
-26.609024113907
138.422611297123
-0.373634503517
-35.868075988681
-101.902319089331
-41.40195833897
-174.968413910308
-82.498044056638
-149.527084460678
-96.278569032964
-156.847320160308
-167.549631358225
-30.545284386837
105.538321975334
-33.112824675325
-166.355318672213
-188.423222177128
-79.084493089376
-149.016656520563
-40.559260997249
-30.595799653905
-25.016532512626
-202.811327561328
-114.90204852656
12.031114718615
-109.984497951051
-184.667588975694
-150.128226320121
-87.320624633613
-154.501873506268
-39.75650125699
-92.00449669688
-151.916125541126
-183.790945165945
-131.707964832477
-196.638049016955
-35.005112509019
-30.846709280303
137.239190171807
-163.190476190476
-175.386711704095
-92.529581529582
-105.642032771916
-96.031295093795
13.334418050483
-39.319923566017
-167.227785669192
-30.558541962595
-41.285686102092
-46.730671672078
-145.163059163059
-183.175324675325
-194.023891960904
-149.584034400929
-154.34919859871
-4.344704720193
-83.851613230519
-158.649433086445
20.097771098259
-134.453373015873
-99.826489293042
-190.564102943498
-25.672910043516
-101.949765512266
-33.368867243867
-172.236840362329
-37.263688080583
-28.511353419801
-190.048971861472
-38.71302555409
-176.122364126759
-162.42947577054
-31.311487503382
-196.209222526605
77.449793695887
-26.960776148764
-194.695075757576
-186.635995135507
-143.928502026402
-35.815025252525
-170.352115251285
41.15681578621
-191.398178210678
-161.012925009019
-54.751643809749
-160.656774215368
-38.192308125902
24.072670764565
-89.545364357864
-40.142578829591
-139.526904085498
-156.519758832747
-73.615522552534
-153.362902180285
-170.260371572872
-191.116813362419
-135.769057765152
-115.926697922303
-162.241169366658
-94.490697995581
-37.76928746167
-41.353994041982
-97.239806336242
-93.491071428571
-166.589764835859
-42.601293346411
-37.589257530664
-144.386794141189
-99.957431457431
-181.945256132756
-139.021477329095
-205.250639063627
9.111489828531
-37.736554298566
-163.780573593074
-81.980449726055
-131.028589466089
-31.952272797732
-102.669805265264
-33.812417562906
-98.712842712843
-80.431096681097
-31.508297258297
-162.942480750586
-35.967249222132
-94.70880470441
110.366148933532
-212.600177979573
-43.034632034632
-174.289023042929
-40.597833102228
-89.20011851213
-176.353154170049
-151.410556809727
-31.727661661255
-32.791215728716
-34.053558745942
-195.849484662473
-193.545446794958
-58.796737604843
-27.139048830943
-159.196949263844
-178.31815363456
-97.795933667027
-185.75955988456
-157.497773493867
40.715991528003
-37.919282106782
-103.427288369183
-168.221521154627
-86.898732371144
-43.061229623241
-37.885392005997
-36.897186147186
-192.098685656791
-41.732155539773
-60.895361962256
-39.28181578621
-43.451651701163
114.057178932179
18.210206839601
-32.31545575735
-189.191988946383
-154.7665120795
139.0836116466
-183.309425871438
-158.814025438537
-168.825334821429
102.991279987374
-95.192558255547
-159.477994227994
-163.366952871347
-204.099767907873
-148.444985569986
-39.602272727273
-127.053050736156
111.355068542569
18.047819855925
-40.460297027192
11.289752294147
-29.375708818092
-30.983557674964
-174.518578643579
-29.403569032964
-133.253156565657
-30.747745310245
-155.397456709957
49.141393708288
-155.074146881764
-39.281102035985
-196.763265326254
-196.132784316378
-192.246101500496
101.26432714421
-170.190463507846
-143.562639156633
-160.37518037518
-157.632034632035
-141.353362728851
4.492166362284
-26.645640275523
-78.561154936643
-31.272567330673
-195.41611779063
-159.401966089466
-147.213043521149
-192.661366031972
-165.73573767812
-187.37317581507
-39.763146955041
-194.435946377841
-38.00687468998
-47.006153189259
-191.322969510958
-65.215429969336
-202.690033003021
-162.890099727746
-162.421626984127
-73.883387445887
-139.34308134357
-152.827478890467
-40.900175020292
-25.695957200352
-54.538981472087
-31.810237559749
-167.600669783775
-38.541007169913
-95.572052134064
-32.036366031971
-196.85073953824
-161.154692150298
12.476471255524
-33.324376578283
-93.27580140129
-95.02895021645
-139.545382324923
-44.682560115666
-171.80772005772
-170.199044011544
-209.934696434208
-35.786177906295
-166.201401571519
106.489919423025
-88.353715728716
-26.402064027552
-92.02226858428
-197.433261183261
-37.403687404176
-40.650484687838
-33.980859797754
-35.808511312906
-26.537169969787
-38.900244774756
-26.034722222222
-179.71818421379
-29.563381442776
-53.274100519706
-147.533750591856
-101.749979566874
-148.808629684118
-32.993797489403
-25.946518759019
-42.474386724387
133.739808802309
-71.864329680736
-198.763265326254
-36.405836405348
-36.225115975604
108.330529767541
-161.473783594877
-142.573121702516
-35.013450633568
-26.029754154266
-34.481310735705
3.580078829591
-39.77866697105
-147.599845412834
-155.875811688312
-155.604416796311
-34.742782526718
-179.412809033414
-140.856782106782
62.455364893353
79.304473304473
106.442813317325
-103.387523392406
-49.255481009876
-37.328893708288
-29.553641183036
-93.003898499504
-165.912275658369
-172.914605034722
-37.665301170184
-35.035193593299
-174.867486246392
-103.589626031521
-209.338667083784
-80.557622119634
-173.72809216608
-104.986562049062
26.794663290269
-155.181357027304
-146.172812105429
-152.130942164389
-31.855158730159
-77.022448959461
20.279769655258
-146.900773217668
-167.496572871573
-39.060335497835
-38.509201600266
-174.995330678436
-183.236471861472
-32.749458874459
5.486111111111
-94.45452502142
21.246214587279
-185.386822324811
95.395915770428
-157.14439033189
-31.25477994228
10.061667878562
-146.751643809749
-30.363275613276
-198.032745845734
-185.49122362013
9.589195526696
-152.259399942505
-34.932088744589
-65.346943908956
-182.853555786661
-132.609647676542
-73.199113766008
-127.655836405348
-96.222209539592
-106.83074607684
-183.924803982909
-40.851731601732
-170.136253015648
17.382034632035
-25.871753246753
-179.154393403905
-38.664932669327
-137.533469812523
-93.517746522141
-154.106143043155
-61.987373737374
-144.180826118326
-41.800878483496
-84.339909276921
-35.656204906205
-49.639680144075
-35.661907157513
-130.553308616297
-32.580710142722
-41.985667923656
-172.243526926632
54.097139785128
106.54510154559
-158.34327440138
22.016053391053
-202.001886188898
-191.971390100785
58.894591140197
-191.163530534136
-150.818751127345
-99.796253551136
-91.20862432923
-165.855248917749
-126.749098124098
-31.268475773359
-167.981511544012
-26.208423520924
-30.517246262852
-180.554936925054
-82.153056091044
-33.344127660534
-75.01521351912
-136.927579365079
-146.168588789683
113.039342222448
51.748446377841
-97.528491528003
-34.895472582973
-192.533647721636
-123.336600519706
-158.408201715819
-69.91723597583
15.593983219472
-29.766226015738
-146.269140202246
-62.385101010101
-150.679261927309
-39.789391543786
155.047410488817
-48.949785945391
14.931369709934
-150.163517851506
-41.848193852588
-32.132513753608
-140.881029885913
-146.343086275704
-95.928731370626
-93.567903504915
-23.517684518173
-91.049713795319
-121.840174907558
-71.771755642361
-202.403208282603
-3.187597938086
-157.060044501939
-124.19888406949
-197.09822203621
-24.083541892136
30.593905714511
-157.968524531025
-160.284291717397
-83.269849020337
-31.693091630592
-175.603445165945
-153.131756318768
-140.345771470283
-45.714182844066
-30.473124098124
41.16064453125
-27.949015827922
-104.526543335137
-124.15251743157
-29.138819134425
-204.632768815386
-187.13734794936
-25.876803751804
-188.013979076479
-166.173438486427
-138.552218614719
-178.507916074811
-85.828254644661
7.704357328869
10.943514384921
-91.473136780754
-35.094987965593
-86.641233766234
42.12291793493
6.128679724139
-36.292125355114
-43.447498139881
-27.479166666667
-188.995480403928
-154.235770793876
-201.499286249774
15.222423030528
-204.040035539547
-195.774690966586
107.174713795319
-141.156746031746
-80.663440346546
-94.779852092352
5.977555972673
-152.818171601619
18.506220477656
-162.031643161526
-123.205537518038
-37.540924732819
-40.408181282693
-85.395943954049
54.36335805037
-33.115167086603
-92.611291486291
-35.935217126623
-35.368053089489
-96.697863822376
-157.45592645202
-36.938048876037
22.42344870299
112.116584370491
-86.346889655483
-26.634477447466
-101.979630287247
-167.10282160331
25.111464110976
-144.154852092352
-201.380501443001
-148.730357072398
112.675182700329
-204.527777777778
-189.635309568903
-53.125881442776
1.198691011679
-34.501873506268
-28.88437950938
-89.681019176136
-92.206980519481
-174.012474071068
-94.576651701163
-183.779318717307
-96.724837662338
-189.999466624955
15.349276103671
136.597304659316
-36.964002468885
96.139628356669
-31.546446608947
-135.626886188898
-100.141774891775
-37.861451428346
-150.453545640557
-210.544212352318
-185.207431457431
27.38273569963
-32.147374272863
83.976453288465
-39.061049248061
-34.434343434343
-50.211497649486
15.848304473304
-32.60170341811
100.716999092487
-88.311938441333
-161.262445887446
-130.24226430037
-2.262966579861
-156.244859307359
26.181887936282
-27.165105294012
100.771624588519
-84.589806406701
-52.85370797822
9.823039265422
-161.81718975469
-157.24688465289
-31.535373968479
-143.503787878788
-37.910616347628
-109.887716450216
-168.395021645022
-98.602563723169
-189.082771774666
-192.360237418831
-32.917638297033
-29.847866217983
138.46022480666
-40.039855164367
-176.34508590368
9.414079410173
-195.534745121415
-127.644302610367
-219.160082972583
-106.433261183261
-162.615592306999
-177.829725829726
-45.87509018759
-52.256034818047
-145.678210678211
-31.489989177489
-36.665043290043
-195.767869825487
-31.628326724274
-33.997364126759
-108.713231646825
-145.852646160263
-39.345848975244
-58.509101196113
-109.175525483631
-202.177136177624
-195.929140737734
-85.108405483405
-159.142246262852
-173.55590855542
-26.371281875676
49.496925871438
-195.063664688176
-168.044101731602
-121.928550995446
-111.722570289953
-208.164401760349
7.990522552534
103.71052601912
4.012497674851
-38.410353535354
-32.306720243732
-180.229797979798
-147.291305916306
-158.488275613276
-112.961407461896
-103.730978168966
-26.36534992785
-198.535082972583
-42.302386307269
-181.740419682314
24.260904947917
-98.316287878788
-163.36103889058
-139.857351415945
-40.156122469111
-183.974595283189
-178.266226015738
-198.719877344877
105.481153259718
-74.829553205041
-183.957632265738
-41.826499509605
-39.375332566739
0.718143347538
-168.197441068047
-31.832341269841
-48.939852627841
-175.248286435786
-74.342171717172
-28.930027112644
-185.76711520901
-23.756132756133
-31.647304518398
-116.42028192077
-148.339095122542
-80.605088975694
60.29625848327
-30.178550995446
-163.561758066153
47.401715959821
41.476092538104
32.758928571429
-26.762195757801
-159.084034400929
130.023178210678
-71.481524226641
-92.107140391076
-184.477551040539
-158.971508471997
-117.593003838609
-176.937798746392
-35.963326766549
-90.153200532107
-142.683614183126
-78.645542337437
-153.864780618687
-80.983593609082
-135.982155539773
62.533858746505
-136.46539614899
-167.55841337482
-39.865883302895
-201.637056953463
-98.132998511905
-102.986652236652
-36.128489132395
-49.091532653544
-91.210948773449
-145.6730826682
-175.527667157062
-29.134309754915
-179.726911976912
-82.678190245085
-159.58181282693
-40.87032292794
-74.717511682111
104.312131499143
-161.023080272592
-29.008096449991
-70.704205137311
-34.278020156926
-25.801837431232
-27.02226858428
-155.282099031611
-38.568743376849
-107.823572640467
-176.524781154176
-116.590429969336
-26.051837431232
-13.996462250857
-90.80372362013
-193.389007260101
154.036525974026
-178.702373201885
109.156192223575
-144.866730925325
116.040043290043
-192.143869639475
-168.814844877345
-143.088015337527
-150.61335805037
-158.849456478851
-50.419580853175
-166.405753968254
-24.693885351844
-193.533377158865
-159.690396219449
-61.828360333243
-38.754517130005
-92.531663594652
-38.069434227881
-30.082624515242
0.233315295815
-211.731127894458
-36.980076293065
-29.229609854122
-32.529408904897
-158.061907087054
-150.440386002886
-72.93003486314
-101.774087837076
-7.870843620355
139.880168876263
-149.273469206575
-186.079823767812
124.585407647908
-174.417638297033
-159.103548036165
2.707062956575
-146.78345959596
-77.337572150072
-11.747176001082
-180.380300634695
-145.522887214782
-85.187311874324
-160.500340317235
-144.743686868687
-194.742055741567
-188.815283132666
-77.669490665584
-25.710928340323
-78.433150562545
-36.632936507937
-30.891622700216
-189.787796350785
-159.31050812252
-173.217524717036
-117.908848529942
-111.535152727047
-4.615161802174
-86.586420144526
112.4136002886
-0.597472351867
-169.796905297394
-107.00009018759
-32.876082251082
87.662780849793
-84.968802844291
-63.852824069377
-161.895122049175
27.117978050595
-38.208034586941
-30.473817415224
106.930555555556
-32.877332194715
-201.364816552805
-177.028978400072
-91.601030534136
11.019758832747
-31.63047325938
-41.698433131539
-165.553571428571
-173.976363100875
-172.993235930736
-195.740891053391
-39.694161199044
-192.603416982323
10.899633894751
-39.605707606196
-29.380749106579
-169.26174481985
-106.899280894886
-101.963592397186
-89.277955686891
5.562672624684
-203.363185425685
-39.332702020202
-51.279408904897
-144.689241747836
-30.687340057946
-184.410435972448
-76.375110620716
-32.948240073728
-71.30859375
-10.977715914728
-166.45001564191
-81.33963871415
-40.127463248557
-127.463924963925
-154.438159496753
24.875040866252
-210.85866829568
-144.151834683329
-32.074662642045
-160.317488501082
-92.163682725694
-106.623294186282
-161.965978845373
-89.761801891685
-140.936209190115
-27.387798887311
-95.291486291486
-165.686397315792
-152.198655077561
-28.122593118687
-105.768821022727
-40.103154170049
-30.758735513618
-157.315767186373
-78.623556998557
-116.494781802399
-30.792576293065
36.943099381088
-161.237095424107
-196.418568356557
-154.036976911977
-202.535886910399
-150.922160359172
-94.299062049062
-129.323474702381
-213.262634013122
-24.991244053256
-95.11257454568
-159.028331585949
-155.460317460317
-14.642055671108
108.22590723079
-34.551234301723
-40.045183982684
-154.750708818092
-175.442468067956
-222.981691919192
-28.462283620243
104.946979913533
-80.476904226416
-77.714736652237
-38.175386679293
-36.177128427128
-149.87195405506
-179.107503607504
-183.642664085047
-187.25343734499
-196.396083462978
-81.478452916441
-83.591991341991
-28.688610434704
-87.05503486314
-169.914411976912
-153.49321549761
-37.552419423025
-131.796549479167
-24.648920144526
-40.244921311328
-61.339728901741
-87.254957851393
107.682080994093
-42.269307894796
-163.560126939033
-147.660443722944
5.055838800956
-39.678731370626
-40.07118619228
-94.570088440206
-90.592251688199
-135.363636363636
-36.346111787518
-197.4395947477
-100.226378601867
-162.99252218051
-145.219343969832
0.100007820955
-78.377136318543
-35.400432900433
-184.979715542704
-76.747464530912
-203.215720965233
-78.92498435809
-35.903682119747
-34.793101917614
-152.742805425911
-36.499749870355
-39.142037704049
-27.728004444557
-128.578200391189
-151.945825441919
-29.829004329004
-126.82233044733
-187.86266473327
-164.815656565657
-179.897997835498
-157.089917027417
-170.871121933622
-140.363644114132
-147.00199187748
-175.369227994228
-75.112353304248
104.6675065386
-198.890622886228
-176.266316203328
9.163710909316
-35.384941068047
-39.815829190341
-191.956980519481
-151.561778499278
-34.538801096907
1.696776639159
107.388329796289
-32.307176466112
-180.046088324653
-162.821699134199
-139.745949308938
-35.052228831282
-182.172972047484
-26.70966571406
-170.487283549784
-39.101461038961
-34.079336895743
-38.060077617695
14.966097216586
-76.091908904897
133.208866708378
21.790826794733
-82.724829911842
-174.238337617244
-169.809606246618
-163.064512310606
-72.174402366297
13.735992739899
-29.41762808047
85.875290995896
-202.623183565566
-165.917810921717
-106.542277546672
-135.307982869995
-31.775252525253
-144.851288414277
-121.948593073593
-0.144057765152
-170.890241702742
110.157016594517
-166.033160849567
16.911616161616
-39.545892800776
-169.594173811215
-179.355949985345
-129.254231066243
-163.344348901966
-29.204246708153
-163.744220243732
-192.955808080808
-32.734750546762
-149.501340131223
-199.483503421492
-33.20888220937
-210.948474702381
-42.721590909091
113.211046711535
-174.895915770427
-39.197851139746
-152.73261422822
-97.832070707071
-33.051865614854
-173.033619538014
-94.242321372204
23.833784271284
-30.612907112419
-159.799956174468
-29.086129148629
-28.278437274531
-192.60406872858
-201.00487012987
-148.252607689619
19.811425499414
-79.989989177489
-152.431818181818
-56.231962481962
-83.750541125541
-33.110770793876
-173.844967532468
34.727272727273
-108.391496578508
6.195678887085
-36.590656495198
-190.201932480497
-175.840195340684
-31.816530257937
-139.562229437229
-39.49523274035
-33.212682770788
-122.284291717397
-120.542305730294
-201.866071428571
138.672057488952
-3.699023578418
-33.495382465841
-109.372487430105
-15.778151210768
-193.037337662338
-104.367687054699
-156.954483450577
-29.363636363636
-245.721521154627
-185.251435250947
90.098214285714
-184.611343273697
-202.937930504825
-143.191648629149
-35.350587346681
-102.28712875124
-106.143578643579
-186.312159682765
-31.472685842803
-85.563492063492
134.619055369544
-177.123675369769
-166.872925685426
-29.849497345103
-207.577561327561
-40.65567153116
-149.841638342127
-189.593011589105
-29.219364402958
-175.381854256854
53.62014255276
-29.100759971365
-0.123203998692
-189.437538400185
-165.845779220779
-187.071067821068
-31.930104617605
-75.477904040404
-35.393287647682
-170.455009075126
-32.611915048927
-93.157475282964
-38.427249264407
-95.973492598981
-57.184523809524
-151.043643043155
-132.885129193723
-50.869838874233
-137.294823232323
105.612373737374
-33.032557720058
-97.062147000135
112.665383607278
-74.731060606061
-139.654331399937
-25.909078226461
-1.551664806548
-160.491434644999
-135.041326349432
-175.946255946744
-32.884289321789
-75.56737012987
-210.167187359082
-140.265520016008
-92.115509869904
-25.293310476416
-94.236621586963
-149.995312711377
51.971340779446
-99.698302077697
-143.20670995671
-108.143929177376
-154.692821067821
-163.590857303504
-193.680756363862
-165.854998788104
-109.441357633252
-197.743887676993
-36.102380881922
-30.721562725469
-150.121552438447
-2.063471630366
-175.748544315927
20.673348298837
-30.056444748828
-180.771534400929
-191.927739307134
-39.740780432675
-95.36064749053
-186.527695340684
-41.502337126849
8.725025788014
-69.672008167614
-30.288968789457
-184.347935972448
-158.717720593209
-155.814636318543
-88.770214702832
-4.980269350875
-39.269923706935
-101.076306451795
-71.456988269977
13.134219567325
-210.593985685538
-148.019748616184
-160.503890749008
-35.481212797619
-47.948142135642
-41.559982497971
148.355269350875
-108.272018454636
-35.241883116883
-28.432178932179
-30.686417748918
-191.308441558442
-171.363017733135
105.817872855226
-104.04825036075
-148.209686147186
114.931256623151
-99.404060837166
-39.371572871573
113.043021946586
-207.022907647908
-36.91215482109
-16.961129148629
-37.071067821068
-21.11266473327
-187.153471094877
-150.862012987013
-140.194292252886
-179.826999768894
-28.382305194805
-108.78823953824
-96.141496578508
-53.904192595599
146.77893753382
-189.973415094021
-90.028380907287
-43.027056277056
5.390880766369
7.738455988456
-39.604700041712
-200.181387676993
-138.660062539457
-97.780470722854
104.738102988591
-33.523366336355
-78.904741471636
-205.917901109307
-181.545343924738
115.971157938199
-74.771436462843
83.843897964015
-94.112734487734
-127.099378973891
-33.128870315882
-36.479625355114
-30.695887445887
-150.895903087798
50.193730694219
139.356068356557
-123.595418470418
-141.529470908865
-154.080599522006
139.283722408234
-31.486291486291
-80.363275613276
-158.880792438898
19.346959409948
-161.695887445887
-191.318091630592
-38.113023017564
-173.373724691108
83.430627776087
-33.307650303256
20.149899525388
-32.76424963925
-44.664321789322
42.514991573097
-161.032480215097
-153.810157588722
-28.653478845373
9.30292743281
-35.49722461783
-174.335600705718
-205.502242007125
-154.690824258207
-17.102891357774
-186.957431457431
-34.339654215142
-20.174172669778
-159.86325518015
-32.541138223755
-13.71130952381
104.963285900298
-152.478813666802
-4.225747288736
-59.322490389385
-163.037899221005
-112.859570171582
-91.992764559659
-178.603605108
-180.445735254329
-35.513708513709
-170.746843434343
-47.022103710092
-202.781753782242
-168.059534026087
-38.883014012897
-202.488706118101
-30.673520923521
-33.537760416667
-0.358516104122
-176.91656872858
-35.706238585633
-175.582098890693
-174.837780708874
-97.111569799558
-184.139597706981
-77.133104200487
-36.991875366387
-37.709124588519
-167.000708818092
-101.127267372385
-185.624458874459
-28.949585137085
-168.437340057946
110.106604197669
-33.646222267316
-41.979138483045
110.909271284271
-134.803293115305
113.090089652101
-155.313582251082
84.468253968254
-163.545426361833
-186.931720243732
46.269382581394
111.196941513348
-139.720495975379
-30.150896521014
-173.135649886138
-30.580730575848
-137.909822626375
-42.173348298837
-149.181818181818
-145.273010518128
-111.39690783392
-191.979978354978
33.812690591743
138.106872294372
-34.384302004419
-135.731851861246
-32.010531514926
-194.736013173025
-34.485680606286
-191.647665268759
-201.598062094156
-158.11361593051
-203.608127170139
-33.722021413916
-27.991960621843
-186.89707552647
-95.983405483405
6.948843203238
-188.245490620491
14.998727157174
-198.752144069039
-39.005411255411
-170.033660404266
-176.644598890693
-40.44237012987
-37.184060188943
-164.004517130005
-25.720330748895
-181.200487012987
-36.231841644683
-193.137363450352
-171.227571473665
116.650260275749
-124.061119002525
-161.417867288961
-156.914344688515
21.867493996889
-79.572080317686
-147.892857142857
-162.184371617965
-178.978257040269
-180.855589234984
-101.347485034497
-152.677311268376
-152.179120304609
-26.179395799513
-39.473477097989
-114.902687590188
120.477182539683
-179.326479076479
-32.543498602092
24.003097027755
-40.015672207567
-30.228645974251
-91.446255946744
-114.844627215233
-32.305104617605
-154.817161571068
88.698425381043
-157.811791181908
-96.687221686733
-178.877948006854
18.594776940724
-85.6617887863
135.343704906205
-51.549693362193
-28.977515106421
-204.602213189371
-106.373745124233
-72.230852047258
-156.946047387942
7.64315588925
-95.711678024666
-30.735951169057
-31.579194920748
-184.943911069399
9.095438903544
-2.03849741838
-192.614004864493
-37.606171226777
-32.140331890332
-33.578713333108
-144.703213073819
-194.955058396465
-17.338466275478
-34.815045685651
-177.697954009966
-120.666916796311
-160.089208209325
-32.073149886138
-102.740378111472
-143.966011961129
-174.767156427557
-86.3284529869
-166.573575106534
-149.00009018759
-201.238976680871
-143.537489853896
-86.452478890467
-194.93279756268
-50.424783549784
-174.554112554113
-104.195977633478
-207.325930200442
10.865357678346
-29.944444444444
-31.248569681187
-35.687760346208
-28.691388282941
-36.793908673791
-27.826270517677
-144.145480333469
-41.885101010101
107.693001443001
-83.468060910444
-169.593913465007
-170.281663594652
-34.381776751894
-42.765599987036
-164.779671717172
-33.835039147051
-165.850912162924
-48.645194269706
-3.652785528274
-198.10274409835
-103.996232554338
-24.396923334912
25.638909322015
179.905390751826
-153.324404761905
-117.743596681097
-36.74331836783
9.731331168831
115.031934157422
19.606699669688
-25.212301587302
-150.86734180533
-95.934413188808
-34.188401875902
-166.665854978355
-84.384822696834
-83.222570289953
-202.485951169057
-192.96357196406
8.233297328756
-30.399219595509
17.312327375316
-89.403689870243
6.904970463564
-167.959698829816
-165.114705932089
-91.811154936643
-87.348997790404
-157.102280477769
-84.886912512401
-92.39603414164
22.329906204906
-194.835317460317
-265.121655308667
-29.600551412563
-177.181457431457
-31.931199551317
-112.905746217758
-37.842192150298
-188.04119529559
-78.772706839601
-94.087301587302
-28.639999323593
-178.597575222087
-42.99531024531
-143.473226968344
-173.520910838294
-138.724399407017
-88.994769119769
-2.087750059186
100.245921125316
-45.756243376849
-132.591159220554
-82.378066378066
-83.617756809163
-132.459067516685
-73.383668225221
-149.672701484713
-100.291215728716
-185.840367965368
-96.345140157152
-39.017787388393
29.255521876127
-86.593323722718
-41.353326794733
44.050976421582
16.147286551339
-36.841290274396
-153.536366031971
-135.559773939168
-39.111131544237
-148.749196062184
-107.848013477408
-202.110722177128
-75.175605454658
-33.344614532603
19.524280894886
1.899814269931
-0.64756979674
20.241612554113
-124.992694805195
-99.6587174761
18.522575081169
-37.023608715503
-92.625811688312
-163.452311197917
-173.984315109803
-150.204164271059
-172.0238997114
-179.9175065386
-160.725891729798
-179.491411745806
-199.191640878653
-141.218965252413
-30.869047619048
-101.199036261048
8.008740445752
-88.134039192145
-36.497662873151
-33.53155790607
-145.404303216315
-157.807650303256
-91.04357328869
-176.084603710092
-143.220348715954
15.489388514047
-171.469037472944
-28.534000721501
-158.233413233902
-34.740099798205
-39.6709879205
-174.601620981016
110.256513939619
-36.731720102814
-38.949773262762
-152.196158008658
-167.300803796898
-104.170434112329
-128.111409857504
-192.453213073819
11.594246031746
-155.772206580312
-103.18377412518
45.60101010101
-195.049041615936
-93.534459409948
-84.637445887446
-39.099935600424
-159.34431578621
-35.522915398404
-86.031323277417
8.164883347989
-160.629800375406
-185.933712121212
-178.064283318678
-36.526883652372
-84.507916074811
6.902496998444
-87.527757344652
-37.358134920635
105.136195943813
26.545737790855
-160.675221805105
-108.579094516595
-196.242055741567
-141.245379999774
-35.400154587166
-34.150974025974
-35.30303030303
140.508848600401
13.22590723079
-26.058158313041
-76.962670088158
-171.162788600289
-28.985688356782
-34.920351675234
66.888154705538
-183.418900923295
-44.17297979798
-35.787510287022
-27.894648212031
-72.748023623512
-38.201651701163
-173.481052855565
-30.097049597538
-159.504349437455
-159.723214285714
-193.495830937726
-146.645364428323
-134.337051457657
-149.73747167546
-30.40116215165
-33.175595238095
-64.158897851281
-147.590718499166
-95.149510591405
-52.153970649576
-144.972923289818
2.272386955492
69.912267907873
-98.667741167253
-31.643959827065
-37.725087791982
-221.217519784903
-31.370969742063
-32.748479493597
34.761822324811
-81.016233766234
-155.845140157152
-39.494227994228
-128.891323953824
-116.229146233541
-31.171786926181
-84.476448356331
-202.622397242514
51.212038775027
115.849304287293
-90.266707603378
-79.326731672191
14.559145092104
-97.997016059028
-74.521735209235
-163.986554298566
-41.673312364719
-108.696346134334
-160.918130101236
-109.608134920635
-157.108302613185
-178.657003911887
-44.228195036301
-179.012445887446
-188.541494041982
-28.949585137085
-44.714834590323
-92.497564935065
-152.090916841405
141.588041055082
-33.354875484758
-132.542285297168
52.066295629284
-27.895861516955
-163.223652541035
104.715167157062
-101.605692105204
-31.445797258297
17.753336940837
7.775721430262
-75.75774838226
-180.320887445887
-174.999258066153
17.458505958018
-150.929530024012
13.100371037383
-179.716429783324
-167.158127029221
-136.406475468975
-47.283008658009
-26.730509263957
-85.826381138393
-142.127517502029
-162.116939836422
-33.290847227859
-86.670261487644
-180.573433131539
-144.434523809524
5.798713981331
-171.882575757576
-189.07493813695
-199.218447026064
-85.659910347899
-158.987000304383
4.546459291576
-139.193202251308
-36.94715007215
-99.458315366274
11.352715914728
-166.245490620491
71.794663290269
-31.659529164412
-171.895993275388
-93.05275974026
15.572771168718
-81.718975468975
-158.180215238321
-39.822851139746
-35.930194805195
-37.938229251218
-27.993936998332
-155.785922844517
-49.228527603039
-28.552499394052
-189.08676046176
-149.19705988456
-150.644923706935
-35.285065005524
-152.423611111111
-51.068985755997
-32.440739002751
21.944972887356
-145.176767676768
-161.66838023088
-48.630251313357
-169.120871803977
-99.372364126759
4.240007144548
-129.362283549784
-32.012085137085
102.953746448864
-155.28832972583
-159.842073779086
-200.375159942054
-101.641955266955
23.978262324698
-161.514790764791
-189.684704184704
17.809090838632
-131.666736421131
-96.670925916531
-98.496995625902
-39.449873666915
-159.471201975108
-200.66351010101
-161.12480694219
-142.943083880096
-32.527486781881
-41.906447285354
-90.634108946609
-187.376726246843
-91.944993320482
-188.822518573007
23.250360750361
13.147456709957
-84.773255715639
-79.226092538104
-163.711317274306
-92.911082786571
-34.29998435809
-172.340097402597
-30.33170995671
-158.194021690115
-35.623266002661
79.657665874707
28.542851787969
-149.555125050731
-88.13483044733
-178.053834240846
-110.049492553887
-174.943985755998
-169.245588558577
-163.691661311778
-155.766836895743
-172.96167027417
1.286067285579
-97.864698181593
-35.635170764565
-136.184786621798
-39.477391098485
40.132457386364
-210.187762812274
-37.780192409587
-91.22809216608
171.859730113636
-106.306715311598
-148.139277822872
-34.200138945256
-190.654491341991
3.079267141279
-182.253176998782
-36.27388702877
108.085075081169
-44.853264790765
-157.547716985705
-159.54624580064
-94.686167619273
-33.637536075036
-119.544830982819
13.296176046176
-1.298701298701
-28.7883170432
-155.77235877187
-171.128414445797
-37.743308151267
42.5645947477
-153.682782061688
-72.490883302895
17.658451845464
-200.525785900298
-44.66514122813
-137.537239724251
-88.87299543989
-16.466532653544
-30.649703649215
52.552228831282
-30.835866336355
-143.884629639024
-88.68281024531
-119.560515873016
-186.668150886657
-35.779852092352
-31.524350649351
119.392516825622
9.713293650794
-134.755022321429
107.394217707206
21.619158239764
-198.246059929654
-143.806387676993
-184.672778989674
117.008748196248
-176.625922309028
-80.895013894526
2.760892265287
-43.24054298566
-204.761391819986
-186.275252525253
-168.072601010101
-42.116620304609
-85.673368731962
-169.351661847267
106.752886002886
-31.990149119544
-161.213015337527
-90.563594933712
-98.061126753021
-152.112744704297
-79.905545409452
165.919573102679
6.319637502255
-84.004058441558
-30.974927849928
97.086219336219
-92.401252339241
-65.801156796762
-126.229638037744
12.04912405303
-105.145755828373
-36.791826608721
-111.351641414141
-64.948876318994
21.661719031836
10.500533375045
5.263876206259
-159.469627215233
-91.019570707071
-159.661443536932
-70.589453406836
-161.520673391279
-37.079086766098
3.414832265174
-94.63733526673
-106.451396639385
-153.232413419913
-86.100489408595
58.963141459235
-104.205635456124
-104.594779406791
-35.960760647772
-26.629980750586
-93.71634734623
100.366432178932
-87.180888122294
-157.384108946609
-139.645755828373
-16.457140461535
-28.341888471771
-94.68252699991
112.836660057607
-99.983204675099
-202.910333102228
14.115432364944
-12.566738816739
-194.59154040404
-141.891053391053
-150.151203370198
10.260281385281
-66.411075036075
-32.115870620265
-170.54988148787
-30.702839640828
-172.506333564439
-176.379176812771
-196.619650748557
-33.667748917749
-201.286046852453
-190.944521949405
-154.387376132982
-38.549693362193
-30.910533910534
-150.845969812523
-161.056748427354
-185.443820881809
-195.378947820842
-151.16847041847
-162.289453195459
-144.104818412924
-96.134088513483
48.909459409948
-169.415120795004
39.760732323232
-198.935237559749
-195.838100592983
-93.486922799423
103.946939047281
-33.990919237013
-208.404852092352
-15.955148584055
-171.3269173318
3.033828096816
-163.818993506494
-38.921639666757
-27.710788831394
-72.628537749143
39.547521109533
-38.283189033189
-161.28373015873
-201.327811457206
0.075368641775
-30.962559467442
-162.642032771916
-142.3511002886
-146.479707792208
-195.536082786571
-135.298332797845
-147.064404155957
-103.620490620491
1.46646289908
-90.547266047754
-37.269668645157
-85.835825117808
-37.843975468975
-28.15681578621
-190.331106827201
110.276347458965
-104.563943001443
22.532858932517
-130.609647676542
-134.870302494814
-36.38047325938
56.157738095238
-32.212128962617
-29.221931226326
-40.671897546898
-64.981331168831
110.372933435922
-35.847853535354
-68.437507750496
100.049080016121
-160.543661010214
-135.765803261409
-20.097124284136
-132.229805730294
-53.313048876037
25.387175324675
-137.626345063357
16.794573102679
-138.932338874233
-164.303571428571
-120.489705932089
-90.564767372385
-28.207320836715
-30.174415048927
-31.342171717172
-43.763548571654
-108.670163549558
-26.157024345013
-158.866890867379
-40.300337357955
-56.862796491703
-101.379419191919
-83.576298701299
-154.268300330312
98.602295626466
-84.981949799333
-168.961149581755
-93.685355930961
-156.248397056503
-165.124451123963
-93.304862238456
-22.640233952246
-162.994769119769
-41.800476866883
-105.33658008658
-38.81059831011
-168.714187776199
-25.361193548205
-27.251012496618
-191.801747243642
-192.492403809298
-73.788121167027
96.377886002886
-90.710698643804
133.550747429654
-142.947392451299
-157.195869478828
8.853635757688
-162.597472351867
135.705996206484
-183.255321067821
-189.365780432675
-154.332361702967
-182.484299608811
-172.832820391414
-164.910345784858
-257.754058441558
-105.885309568903
-34.830357142857
12.174435482053
-165.295995670996
-33.850010287022
-99.410533910534
-85.869838874233
-33.375007750496
-192.324618605136
-35.856253663871
-180.764422263934
-26.805924056412
-78.841733461851
-105.600801542208
-84.467996088113
111.488378483496
-50.741141183036
-200.542058066716
-143.846681096681
-112.825507446113
-159.897714590097
-30.187229437229
4.593253968254
-151.628890749008
-154.197601010101
-100.937299191694
99.848116347628
-182.229597171492
-25.24207124256
-145.965646278635
158.92171470565
-158.307178932179
22.843975468975
-92.413087346681
-39.926164547258
-87.500097938086
-29.740009610615
-37.224739724251
-33.99522005772
113.634341109195
-149.762175324675
-197.887518107977
-95.250528442911
76.32619054665
-145.932261369273
-179.987644300144
130.382784316378
-32.542658730159
-11.187239653792
-157.727174789186
19.15204852656
-79.32216275478
-78.60589291351
-176.63664194963
2.083160708649
-204.477154356061
98.315646349094
-143.361762857368
-95.748626753021
-90.755599381088
148.410283780889
-1.75218493529
-100.745490620491
-30.862103174603
-106.568782481624
-36.620067866162
-53.608302613185
-29.718496347403
-41.830627705628
-91.27226858428
-32.542207792208
-186.218156030168
-157.621773679879
7.97115265377
-172.029208096591
-38.216630591631
-23.029504024621
-157.822580576975
-189.169024226641
-0.880689568678
-202.55599874301
111.325329536999
-201.542588975694
-154.866965553977
-152.991903550009
29.340548340548
-161.820609132621
-160.957709770698
-27.941197691198
102.229354792343
-153.952027952516
-157.101130938289
-178.221951659452
21.250438255321
-106.858327978445
-39.562659942054
-205.910874227769
0.992153679654
-176.294653073706
-40.015429828418
-44.421516363411
-34.539702972808
138.660794256742
-189.079553205042
-166.473103664998
-104.548077736066
-128.412587791982
-152.974845412834
-179.061147186147
9.284722222222
-72.189200881584
-187.258297258297
-46.641594516595
-51.440836940837
-74.820103941198
-178.166957662563
-52.704246708153
-37.58362432923
-205.820096190702
-38.039120981016
-39.524100519706
-26.924262857368
-176.551046176046
-175.766246448864
-160.772719522231
3.687209004104
-99.196899942505
-37.60004622114
-50.647817460317
-41.756104572511
-138.320784575667
-134.740189985795
-91.310959060471
-181.953976145382
10.571869292817
-106.857052669553
-133.407266724161
-170.263868455763
-36.998745124233
-186.946871758883
-136.730310921717
-155.446170691288
-178.475378787879
-92.130784688402
-130.787087532693
-167.72952495096
-122.549853304248
109.338937646555
-149.289862914863
-184.839626031521
111.357843924738
-115.375799005682
-184.559676001082
-156.788502350514
-38.83314274159
-118.236000490395
-99.185814619408
-32.491043244949
-25.584304963699
-122.185683565566
-152.046779175685
-184.172245614628
-36.234307359307
41.629509379509
-84.656823536706
-83.700584951073
-127.052239047845
-56.366411745806
-185.186848253743
-35.52026402417
-172.518320763438
-38.924360795455
12.570604200487
-28.385624168583
11.032848715954
-36.94235744724
-171.363899175911
-93.033258787653
12.154852092352
-146.119707115801
-171.549603174603
-133.152798210904
-184.20670995671
-184.274252711264
-34.357421170409
-174.674770867154
91.282668340774
45.655282597177
-135.271763745152
-185.026404530799
-37.218256434321
9.149981962482
-38.926406926407
139.040847227859
137.419372294372
-99.135912698413
-39.525072150072
-171.710698643804
-89.902597402597
-212.534078226461
-36.341983591495
-190.627803565792
-32.60387567077
103.620302494814
-99.21331408392
136.541305916306
-177.484848484848
144.853903854392
-96.0971940386
-26.035964415359
-23.673979611968
-194.485209235209
-26.956509148404
-189.555207487825
-167.472041847042
-126.205184518173
-196.000520692415
-36.529774587392
-179.013257575758
6.220779220779
-93.911636594742
183.790035539547
-34.021173650568
-174.287961224973
-35.922188542794
-191.731704601822
-63.945719753337
-29.79528192077
-110.955537518038
-158.638507705402
-45.368416305916
-27.060724431818
26.463543780438
-199.919753830154
-34.125360750361
-70.769660894661
-193.082160894661
-75.738262930646
-161.101110505163
-168.233065166171
-179.659098659587
4.981789857278
-163.720598845599
-52.050595238095
-76.978535353535
-158.195998066604
-153.287788600289
-39.512744633838
-32.201950447556
-117.959693897682
-44.000541125541
-144.268606827201
2.092692409587
-13.754321253833
-96.234639926046
-33.826479076479
-157.049492553887
115.764460664119
18.954906204906
-161.810327747339
-96.652118281025
-193.400252525253
-29.178571428571
-187.395743145743
-194.663788414277
-88.007938974003
-180.749376437365
34.401216405123
-40.081328773223
-37.501615626127
-177.626332380727
-103.384449263844
-95.896727458739
-39.436237373737
27.498577431683
-36.51521351912
-93.586871082477
-195.070498511905
-158.209345829951
-12.33954852656
-29.328254644661
-203.647907647908
-209.48825518015
-159.330808080808
-45.814754689755
-181.135642135642
-147.443965322872
-199.293019480519
-170.6415120795
16.745222523787
-207.134912884425
-192.689365755772
43.082789741725
-31.857864357864
-6.018591326209
78.237566795184
-186.699675324675
7.503627936733
-41.176767676768
-150.807531932044
-192.609008612915
-99.744235744724
-32.322871572872
-59.51712789164
-154.737927545545
-175.834796767902
22.630112509019
-151.584853839737
-163.58944565634
48.545827978445
-153.291403854392
-29.812950937951
-46.515963203463
-143.888528138528
-165.61229130028
-188.932990620491
-105.935724431818
-82.861291486291
1.544279640715
-32.342622655123
-43.372196434208
-19.244949494949
-37.725198412698
-0.393328513934
-32.845769004216
-39.297438672439
-42.433364053481
-176.199404761905
-162.203040449134
-83.091970908865
-171.621753246753
-114.089015151515
-34.409925496595
12.362263116658
-132.828380766369
17.158348975244
-196.263868455763
-98.113623681006
-214.944972887356
144.399981962482
20.504867663803
-157.963912281295
-194.932609437004
-87.550927804834
-35.18054780506
-99.174159987148
-41.908369408369
-152.914953102453
18.201471325983
-26.025773217668
-96.578450520833
-179.820366753472
-203.63864650974
20.015782828283
-160.937311874324
-40.673430735931
-137.962198717082
-173.87213443024
-12.217171717172
-170.073495135507
-78.587559467442
-35.380841760236
-141.60370797822
-76.210399897412
-173.25018037518
-95.080980705492
-182.881833823728
-84.030844155844
-87.776056463068
104.81097702753
-80.563311688312
-30.442993692505
42.079282642271
-91.986291486291
-152.049533420139
-184.032176536571
-36.116702741703
-93.677489177489
14.033629754577
-39.210247705853
-109.52093127142
-142.259768443362
-31.017225829726
-32.398448773449
-144.612541429924
-79.387999695617
-160.28058134357
-156.788767981151
-157.618403623286
-25.267849392361
-97.23347523787
-117.179050550144
-173.265331890332
-90.84660887615
46.708513708514
-82.639999323593
-197.545696924603
-40.466380461986
-107.820096190702
-157.954081833965
-185.487005236517
-160.592594471501
-31.099837662338
15.78380766369
-40.159188847177
-25.708160708649
-57.631764069264
-91.054826304338
-68.609856235345
18.063484312996
-81.066287878788
-173.607856607368
-178.997034026087
-26.303378370761
-33.914702972808
-116.795835728941
-44.223858281475
-34.583616578734
-197.592344341856
-91.922168109668
-166.921820041937
7.237365986878
8.19524838226
-129.982856607368
-155.688762626263
-187.604810662428
-83.095217662112
-190.059253246753
-34.899280894886
-169.250971630366
-156.548041801948
-193.051066609172
-76.116439929428
-26.166223479212
-80.596799467893
-173.373549248061
-194.40691865643
-36.144500952606
-29.818284688402
10.739731297348
-141.484204489087
-36.288863100875
65.858946608947
-154.10378548318
-37.464979031385
-175.196539192145
-102.06440168989
-38.080467763573
-100.493519176136
-49.721779034767
-38.130050505051
-168.642599262716
-205.365280173386
-187.851170043065
111.986832611833
-31.124389119995
-179.798139740034
-192.872897501804
-179.790945165945
6.262355699856
-28.574757761769
-169.319807660872
25.886966765873
-33.587579900568
-189.256583694084
-88.099316969922
-49.065857373963
0.137085137085
-73.715736466225
-180.080287388393
-180.434876809389
-52.593434343434
-164.544830982819
-203.443833564439
-87.671266233766
-95.052579365079
-34.247953869048
-36.759580317686
-28.134297072285
-91.681124864719
-157.132204790652
-33.034070475965
104.407196969697
-32.845508658009
-184.944743190837
-35.401522902011
-193.847312409812
-98.224734792118
-147.82989845441
-26.229638037744
101.876443001443
-136.23347523787
-36.839208209325
-164.785686102092
-91.429834054834
-92.249340503247
-93.477185005749
-200.847603405709
-208.74531024531
-11.228146419553
1.964466089466
-147.642316017316
-199.173180606286
-54.366272236878
-170.826937764926
-81.911969161481
-92.009407693001
-25.092594471501
-191.950499695617
-79.431990806503
-163.371552438447
-123.515131082026
-183.561409998422
113.766975700081
-31.446248196248
-196.070624633613
-191.797459105565
-150.909181096681
-73.12020737509
-143.647825210814
23.630403504915
6.463285900298
-32.039244284361
-29.126082251082
-49.66857328869
-32.828385698503
-35.814664502164
-43.78076171875
-46.974657287157
10.931465181953
-179.461690707296
-101.729617604618
-37.451569264069
-136.518315831304
114.306256623151
106.842900968389
-168.913141600153
-83.734487734488
-183.280831473214
-146.818730694219
-170.286082786571
-90.886806823819
-24.49713443024
-166.928849741838
53.772825210813
-27.207331053278
116.300497300009
15.557269119769
-158.293310476416
-191.779228529717
-166.56257750496
-184.471328096816
-162.98547979798
-39.627144069039
-36.854006724612
-125.26452020202
-28.754267000361
-36.041326349432
-87.988997113997
-97.278138528139
-101.587652121099
-79.884810014205
-116.416653984037
-147.596480288375
-158.714666897772
-194.314033189033
-33.774342898855
-153.769269494611
-158.829094516594
15.020645207657
3.61527242289
-239.229638037743
-186.667305730294
-78.869650748557
-184.700937950938
150.797711701276
-178.408910533911
-37.885371572872
-1.645921054857
98.272005772006
-73.757328093998
11.042620329974
-192.935868872881
-57.65116215165
-88.233573175956
-35.867506679518
-174.942530071925
-85.760814760326
-52.552398989899
-138.006583694084
-30.637564258658
-198.321449004554
-168.418761414367
-157.458032120874
-42.628336940837
-184.621753246753
-92.833132525027
-167.676850113862
-162.768045268534
117.600128658234
133.378146349094
-107.17566499256
-99.700126262626
12.111569799558
-40.229506983902
-37.80781024531
-83.779872525478
-93.191259695166
-33.136273448773
-185.833353766459
-167.749188311688
-77.565033003021
-37.396817646329
-94.381120073503
-116.179645929158
-190.609647676542
21.418091701051
-158.022005772006
-179.923340548341
-205.294490665584
-37.10491635101
-192.176566868461
-88.636822324811
-85.682088744589
-179.016795324901
-157.88655176204
-32.352904040404
-159.354978354978
-89.106413605925
-135.718913465007
-31.676657056052
-176.571080503698
-154.209214776109
-148.5002832454
-170.563422309028
-96.551226551227
-167.635920448909
-100.503697691198
-150.305382930871
-112.825687821293
-86.26911976912
-92.609766047754
-184.191926942415
-99.17134867086
-86.727555972673
-174.396755642361
-32.719233349116
-25.698330261319
-32.347410347899
-81.544184168696
-84.495240490846
-178.727932224026
-189.056727994228
-122.18462174761
-163.080024576118
-140.313311688312
-159.124200994318
-32.517676767677
-175.04634867086
-50.525683030078
9.904942279942
-156.212301587302
-34.142045454545
14.311409998422
26.533972537879
70.576687635281
-90.617978050595
-23.437950937951
-120.647456709957
-151.626651560245
-188.155274846681
-164.455529767542
-85.205635456124
-35.41082490643
-98.386195943813
61.503079060696
-1.586940836941
-92.680362497745
-73.06248731737
-198.169482915088
-80.454334429676
-145.408619538014
-73.399428154311
-192.482405669417
-202.379058441558
-199.007305194805
108.320616883117
-111.144400548453
-35.57405176204
-181.573515568633
-92.036474186621
-183.043748731737
-167.184142626037
-41.714473839962
-32.542457921852
-108.944366939484
-86.27398989899
-29.273348369296
-29.456882581394
109.052751989764
-5.804645929158
-143.756751386634
-114.088564213564
-37.549139554022
-94.204913955402
142.852373131426
-166.782099031611
-51.208722267316
-30.824855699856
-184.480441975559
-35.755841760236
-187.061958874459
-109.413579855474
-190.328130636724
-166.490182235299
-117.819604386499
-91.245199624594
-79.983106737013
-164.575515196609
-169.231040172935
-33.306810431322
-90.127357559975
-40.669282106782
-140.447851139746
-31.472480102363
-14.618207747114
-37.756493506494
104.124250315657
-148.315566378066
-35.051697922303
-167.875992063492
-28.541576479076
-143.958255828373
-40.996364312771
4.576729206124
-201.26234794936
-186.558699438582
-141.956910765016
-70.996384745896
-33.530483405483
-93.141774891775
-182.057088744589
-189.700224200712
-194.751906622024
-41.070645066739
153.146096145608
28.269660894661
-34.769763764881
-102.506022135417
0.521366708378
-192.358688728806
-19.262023133117
-35.455658355317
-91.815107689619
-151.326138759244
-33.416576479076
-30.652785528274
-171.338924963925
-43.670807545319
-84.913778197714
-93.153491528003
-87.514942956349
-193.125922309028
-173.536546407152
-179.960886769481
-157.199237069354
-32.053223360841
14.277958152958
-174.120580808081
-40.693181818182
-95.229269536887
-32.196158008658
-37.041769536887
-200.319354256854
14.845889841495
111.830086580087
-33.141622700216
-166.523458990012
-188.76435250947
-109.78642803594
-87.4740055409
-159.084423334912
-108.86831836783
-191.351723851236
-140.618949680961
-174.595065470554
-36.90375715864
26.018318297371
-200.550533234127
-96.688319438808
-35.970418470418
133.999188311688
-173.232513824067
-35.653880461986
-28.110922985435
-194.465638528139
-196.387363450352
-75.365682494589
-99.790767256832
-175.466089466089
-153.281315526921
-33.187427779469
0.220320532332
-200.502615440115
-37.61743199292
8.060544056638
-81.070686637581
-157.89898989899
-150.119859307359
6.083784271284
-188.824072195166
-180.640442511048
-194.688873246979
-29.282627474522
-150.57961520901
-64.845238095238
-30.634719826614
-129.349809478716
-172.662054064642
-41.717331659226
-139.38935250947
-138.903318903319
-194.055444934839
-35.208415770427
-155.471250591856
-84.097773564326
150.990280173386
-163.460678210678
-117.318993506494
-116.21913541103
-1.098685656791
-198.655746217758
-40.706377389971
114.028867779356
52.001443001443
-28.455898268398
-172.681220336738
-35.230591701051
-109.032655658144
6.294580853175
-33.862033420139
-153.230707606196
18.477002164502
-161.293630360525
67.248659868777
-166.584944027327
-131.339285714286
-180.584054834055
-166.66611779063
-46.124085441468
-205.551847647795
37.688950751939
90.829385512491
-38.093606968119
-149.438471630366
-191.513278008883
37.934585813492
-145.908029091135
-45.258588254194
-177.185453869048
-157.140775077787
-24.519918774802
-46.37976725965
-85.020730463113
7.725095542478
-153.631661199044
106.048989828531
132.854238887198
-31.525149655032
-113.393037518038
-132.879517130005
4.694173881674
-155.495921125316
-152.840535657918
-33.108204675099
-93.391233766234
-34.041847041847
-34.889089697195
-153.638437950938
-163.26444269706
-177.416055786661
-197.648891960904
-97.617493996889
-27.455735860277
-173.02120183419
-187.258748196248
-179.420524299919
101.255841760236
-34.342061096456
-3.69924481985
-86.664141414141
2.98585323097
5.648345903229
7.661969161481
-74.154122841135
-119.142576363524
153.551747243642
-152.520712496054
-118.383575571564
-34.159799727183
-102.963654401154
-192.412816783911
-121.62281506471
-131.532758528364
-192.879509379509
-162.808990434479
110.004249033302
-171.130321067821
-108.123438627345
-29.556186868687
-163.017065887671
105.216277591766
-147.013540821158
-31.26892671131
9.204014545567
-166.497667805285
-32.422536610525
114.684273679879
-31.286657027868
-43.067730880231
105.510191197691
-35.764852768759
-106.996843434343
-40.226370851371
-161.545462295951
-119.413961038961
-209.074765512266
-82.995954241071
-92.995864053481
109.04502404063
-94.985469581417
-38.81298158764
-149.822248010236
-170.480499047394
-154.398018268624
-39.574044011544
-167.987747170364
29.551607734713
-155.67603842555
-145.226620981016
-36.827852323458
137.062402061914
23.668570822624
-35.477264976777
-170.356251197804
-93.969426406926
-73.691017316017
-158.274162523674
-35.355769610164
-201.129068658121
-183.502234256629
-184.626352813853
-192.443181818182
129.899683216089
-28.318931502525
-175.510399756494
-178.51173213722
-192.896915584416
-187.212190966586
-29.249549062049
-33.247093563988
-152.17566499256
-151.950298887311
6.891844646239
-24.909714471726
-177.109770979888
-180.180854301948
-35.484467301362
4.250839871934
-23.960678210678
-158.488726551227
-0.15367965368
-13.81031506471
-166.466700346095
-206.517488642
98.64422263934
-144.649822020428
-185.03345959596
-191.922791672303
-107.791847041847
-34.204176953689
-159.940566378066
-117.963100592983
-39.179493737599
-191.707251082251
102.617965367965
-31.502976190476
-34.161497790404
-148.940865124459
-181.941310777981
-31.149961529356
-65.318735626353
23.019462552422
-30.477994227994
7.329174487622
-39.879231066243
-27.756416001533
-32.875412537766
-42.028762090774
-156.161886724387
-178.05554780506
104.264540635146
-187.434323001218
-40.086461715368
-32.850185730069
-190.906204906205
-181.86943655303
-167.625340317235
14.86735448796
-158.096750851145
-105.791014920409
-36.626332380727
-164.418650793651
-128.002873320256
94.467364774982
-147.510551948052
-153.195714821203
-32.029233461851
-183.878689940702
-203.147997835498
-158.045176232188
-48.234377113772
-83.006751386634
-134.868235930736
-35.449876132982
-29.833526391144
-198.222582972583
-144.425943305826
-135.047008167614
-76.503525066513
48.85108760597
32.106400923295
-163.458235395247
-150.738262930646
-101.222291976686
-37.736762857368
-36.146456895969
-195.327463389475
-144.609730113636
-180.621830751714
-54.863844922439
-196.657439348846
13.374827375316
-134.02867965368
-113.155205092217
-175.412906971501
17.764241888754
-102.03869047619
-101.274919958514
-135.096771284271
-165.636874112216
-38.486943232549
-144.605241167253
-37.42106542546
24.307800028747
-143.122634689529
-82.522276334776
-140.867604617605
-202.417839105339
-169.390171948277
-29.833874458874
0.166916796311
-63.627344877345
-184.756251127345
50.695964950848
49.652417027417
-133.592512034407
-30.491952871347
-184.028035657918
4.398350835363
-0.55772005772
-162.658258787653
-130.167486105474
-89.460760647772
-176.727543290043
-174.984487734488
-127.685904806999
-142.493526926632
-121.961219336219
-206.940947561553
-175.603958107864
-77.6826171875
-39.5588695972
-79.184343434343
-149.168101917614
-89.14725590165
-34.669694644548
-195.389540635146
-26.448134385146
104.275244774756
-173.565406436012
-36.033196783685
-82.80342170308
-33.689020506403
-187.34117965368
115.257936507936
-130.611721991117
-82.521485079591
-194.29042447353
100.698121702516
-30.665055972673
100.043039913645
-175.969405973801
10.358495670996
-38.161768353175
134.862742238231
-160.919302539908
-182.395111832612
-169.608315295815
-174.80295279807
-5.990383043606
-90.607501141437
-30.101272913285
-157.779950030438
-139.392037704049
-198.107954545455
105.05303030303
-114.611090677985
-192.68558562748
-25.659639785128
-80.819083694084
10.99425617785
-166.305194805195
-155.335345643939
-97.933178746167
46.480269350875
-27.174500304383
-186.744307965255
-198.608142671131
-91.077679698773
-199.117985801091
-170.264680144075
29.201556581439
-42.173500490395
-36.491792929293
-34.300046362058
-35.709345829951
-37.377053881448
-29.229006724612
-87.605519480519
-191.927025556908
-147.703455452967
-153.768578643579
-141.926775427264
11.761724386724
-39.883650258162
-34.915674603175
-33.887523392406
-74.6204004329
-30.239280359398
-145.592442279942
-33.980429292929
-13.193833564439
-25.504050691062
59.662866105249
139.367852281182
-148.735271239178
-38.650440650929
-166.331550014655
-32.018197460092
-40.33926528116
5.308732554338
6.507503537045
-108.196949263844
-35.998917748918
-164.481990665584
-43.116952871347
-67.208181141775
-41.466127866274
-200.074044011544
-2.639229206124
104.177842177354
-92.451860259966
-226.338002654897
-25.999992249504
-29.314386188898
103.86533724522
-147.747085813492
107.742181863276
-85.621773679879
-34.229527417027
74.509199134199
-32.758658008658
-199.890713073819
-46.540293419688
-29.788157101145
-0.660874227769
-181.539780477769
106.3988997114
5.908199249752
-37.385662568768
-104.516233766234
-159.180112368101
-37.972603405709
-202.431186868687
110.944524415472
-83.352785669192
-192.200667388167
-168.106782106782
88.981679236562
-35.324113766008
-191.400239842623
6.560848439755
-156.454926638032
-100.952762135868
4.72095959596
-141.928661616162
111.468156030168
-201.367604617605
-175.420712425595
-199.499611066017
0.135933131539
-36.784864197218
-91.60787210836
45.321260878878
-42.808441558442
-97.315226060832
-31.028831845238
-38.056547619048
-103.682186682675
-181.049255106872
-34.835776148764
-200.361291486291
-85.485938486427
-177.801053926542
-125.340277777778
16.826040821158
-116.716081715593
-161.474657287157
-89.80772005772
107.846763533775
-191.784825092442
8.576597447691
-172.641496578508
-143.847332842938
-169.650355395473
142.113726551227
-187.567738630727
-172.848505281611
-145.962502395608
-28.775953592848
-181.216983591495
-101.645299958288
-39.750922309028
-190.590909090909
-70.125
-162.507333378427
-3.588654401154
-182.64621451682
-87.28164809366
50.636817040381
-162.583341083829
-31.404589280078
-97.797425989809
-104.612582296176
-31.997667805285
-90.164291139633
-150.287899221005
-28.554460621843
90.698072381178
-24.574785945391
-36.771284271284
-35.563852813853
-34.99722461783
12.132547573954
-144.392065887671
-82.397907647908
15.293540172935
-179.403118095013
132.297807173295
-48.819153448548
-153.585317460317
-142.236304168921
-143.314115626127
-33.899793836806
-192.121843434343
-95.282980474387
-106.304924242424
5.465756899351
132.071237979685
-79.341978659361
-204.85091991342
-110.303553461512
-44.956439393939
102.028669437117
-164.890171948277
-99.434225063131
-192.527417027417
-231.088203463204
-98.214313897908
-49.467352092352
-86.202852323458
-29.74016955267
-29.1847119352
-29.764602639114
40.047528860029
-173.483516104122
107.721129754577
-41.188865496483
-41.91611779063
-96.78832972583
-36.699888815611
-177.356882510935
-126.502615440115
-121.578643578644
-173.841019711625
-24.200293955177
-36.346943908956
-149.955156334551
-31.169282106782
67.411435786436
-29.750360750361
-136.355900664006
-185.239337431232
-50.957251082251
-208.6875
-76.937672624684
-89.785636780754
-156.935696248196
-38.000803937816
-120.207132711039
-35.685814619408
-33.041736421131
-131.380481009876
-92.567300375406
-180.783098845599
-169.693174067686
-58.246660593096
-31.720155658144
-99.606949799333
-94.129030257936
-109.141491646374
-157.242973118461
133.747662873151
-39.4740055409
-28.577360519255
-47.083181141775
-45.359766047754
-188.296820041937
-94.768418701524
-191.003545499639
-90.333243145743
-80.411525974026
-189.414702972808
19.949234603287
-110.055284992785
-86.677038239538
-157.170343924738
-175.62031024531
-80.13943001443
-166.322248010236
-178.742256549874
-196.499291181908
-39.159722222222
-166.307367057855
8.623654936643
-161.850018037518
-160.565025252525
-37.408086162969
138.740099798205
-30.869686682675
-173.79157401301
-84.165203232098
-204.584423334912
-95.166218194783
-157.255398572781
-25.861299236788
-127.145853766459
48.242784992785
-29.176246984352
-62.261897011409
-0.133840849905
-14.436307128202
-29.997111531047
-39.82683982684
-34.197052134064
-91.666867474973
83.036783854167
-104.200749825262
-186.532480215097
9.095951845464
-19.122925685426
-185.87403612013
-144.423340548341
105.441378066378
-22.84535646645
-166.813754875767
-40.919892986788
-83.623028555646
-192.607135106647
-37.196871758883
2.035353535354
27.640301240643
-72.867416491928
-40.493336334889
-171.175206304113
-98.083255828373
-198.457952149847
9.210956523945
-35.321255946744
-201.082379670026
-135.193071197466
-194.992875180375
-186.286075036075
-109.660366217983
-104.819243636138
-189.12490981241
-153.887548757666
-10.676955802444
-25.472291976687
-31.36717411278
5.800685425685
-30.446260878878
0.817120000225
-149.014319393714
-86.537510287022
15.93748731737
-35.935237559749
108.82187950938
12.652860214872
-181.590527907422
-179.936056998557
-34.433601500496
-27.959866522367
-192.911082786571
-153.335776148764
-89.379522062139
-10.910796722808
101.779421587527
-83.020951704545
-30.848685656791
-26.635010822511
-192.834595959596
-146.417555859939
53.630052971117
-34.716810966811
18.509371758883
7.926386493281
-83.362020737509
-92.107503607504
-34.854367474973
-178.997634689529
-34.143125239561
-72.796634734623
-159.257575757576
142.000270562771
-127.913038729933
-78.484410229527
-176.496830751714
-177.060716681322
4.229957921852
-39.92335323097
-175.75983044733
-94.123183565566
-148.366354673972
-189.700293955177
14.380132942145
-131.114107734713
-170.795642671131
-203.45384438695
-72.953115135732
-33.732114673521
137.837662337662
7.40645503585
-159.626693131088
-82.13436682675
-207.21654040404
-213.012466320572
-89.374847808442
-41.4087174761
-9.731158544147
-183.67775974026
-73.628705441694
-103.857934112329
-143.196621629239
8.464814157197
-79.580717893218
-99.80025492086
-171.978998974116
-172.987373737374
-164.757485569986
-127.294630174513
-99.811237373737
-36.264783014295
-174.343191964286
-42.006792252886
-34.949306823819
98.648366336355
-99.292097171492
-85.222394846907
-89.404859842848
-33.734405297394
-177.685946377841
-22.270459900343
-168.280656030168
-36.731091255749
9.376270376759
-62.611304168921
-29.162427849928
-27.627242007125
-54.19705988456
-205.073843203238
-207.408369408369
-136.409541847042
-81.250450937951
-146.417650979663
-212.828924357977
-204.427829494724
-35.995748500631
-82.285456405574
-165.967705092217
-156.652589652101
-32.10550679789
-179.334936276831
-161.959886955492
-146.868526926632
-40.826007705402
-32.978272541261
-172.013105384199
-90.544462481962
-183.349734792118
-167.696060070572
-90.244887490981
-75.226849972944
-36.085598239651
13.318903318903
-87.385551948052
11.065754503743
-197.089118021735
-8.355179163285
-196.118083739178
-158.670441862825
17.053130707183
-138.62518037518
-165.027605153093
-75.099103478986
-178.164484197443
-89.056617373512
-132.138860705267
-30.289489481872
-42.194805194805
-182.248827561328
-33.75659144458
-164.992236116748
-193.069817877435
-32.675214054609
-191.658882350289
-158.796085858586
-99.866785178797
-101.025314529221
-139.747585368191
-67.22409572849
-145.434884559885
-164.804736116748
-155.486680420274
-40.565357819264
-53.832804890422
-64.737824675325
114.229437229437
-73.921106291712
-38.782926220915
-186.701306451795
-186.59892803594
-98.388718730271
-41.147206580312
-139.338564213564
8.624028369634
-135.356761673656
-85.034271284271
-96.948765698277
2.384629639024
-163.081820577426
-30.050497300009
-26.663149350649
-77.736562049062
136.418050130208
-148.535714285714
-145.264151701163
56.158098845599
-162.701757389746
-158.156565656566
-86.30275974026
-38.130328818317
-151.220951845464
-98.034098659587
-141.858856421356
-139.915945165945
-152.137105570211
-35.860417794012
-27.043991110886
-202.316378066378
-155.325765326254
-38.837572150072
-136.592504283911
-30.771977588384
193.820346320346
-161.764089697195
-33.330808080808
-7.699502699991
-25.956771960678
-193.25765819467
7.896296953914
-151.088371155754
-89.358766233766
-163.179653679654
-111.880230880231
-73.019959641053
-116.683268933757
-146.23538961039
-170.175226737238
-159.790654170049
-36.794671040765
-33.139687894571
-84.374118557224
-103.366272236878
-158.492326304338
135.319647718818
-175.801677489177
-76.912087532693
-200.481712352318
-88.90404040404
-27.768676581665
-142.57354410455
-30.19897425708
-37.051865614854
-29.679965813267
-98.345967346456
-198.220168340774
-40.347250405844
-39.952741702742
-86.201937764926
-35.382727949134
-88.957140461535
-161.229777546672
-173.945879695391
-91.29624580064
29.384848414389
-139.701097892992
-34.424152236652
-94.576118326118
-71.954074083469
-32.119859307359
66.849567099567
-180.830890517902
-155.738984431367
-28.786626378179
-38.201499509605
0.424074731692
-33.948773448773
-89.316189940702
-190.477453102453
21.039654356061
-102.898559394165
-43.33161976912
-182.439947747565
-91.428238861833
-36.530560910444
-199.006215193227
-108.038169783775
-193.07865132914
-125.537169969787
-185.206161080673
21.411878973891
-35.73357810809
-182.996103966563
37.282487965593
-145.152499464511
-149.268508889114
-126.872023809524
-155.843947285354
-32.708964646465
-43.250523158482
-42.054445120851
-188.614357864358
-159.76747595937
12.111842828396
-99.814275568182
-51.858585858586
-72.178952612058
32.957771774666
115.33306523663
115.055112368101
-93.883124633613
42.63846613456
-178.657016594517
-97.746732813627
-152.031385281385
107.271763392857
-17.260260952155
-76.50983044733
-80.984286926181
142.722222222222
-163.753136132531
-178.672356235345
-24.413066913555
-70.480630101236
-152.795266419778
110.561889119995
-168.292901109307
-108.701832076344
-158.266885512491
-161.794031977137
-130.498819810832
-186.844454590548
-190.807331123737
-199.903125845509
-45.537587791982
-89.068001443001
16.038121167027
-38.777847532242
-162.186409998422
8.979444979933
-149.366341991342
-168.006063001668
5.307101427219
-113.879411441423
-143.712474211986
-184.103375411481
-65.51911976912
-76.767496392496
-99.451278268173
48.92804298566
103.874811874324
-159.856240981241
19.471258342352
-99.295434112329
-154.424873737374
26.431297489403
14.50494763483
-143.97085672574
-95.466872970779
-101.071441254058
-191.931825932314
-183.640061327561
-88.446608946609
-35.412358095464
-89.032980474387
-199.842552900658
-36.578082019977
-83.336842898855
-175.518606827201
24.84822203621
-82.325479262491
-5.170106477724
-115.432359307359
46.625450937951
-183.075577200577
-183.313110880005
-180.387064703959
-27.947250476303
-51.486131544237
-93.856511544012
-145.711301773314
-121.07215007215
-32.3770947477
-160.111652236652
-31.451499509605
18.376783318678
-36.788262437432
-182.85379816581
-21.604700041712
-31.671626984127
-185.689762440251
-152.642697200803
-186.746302308802
-205.049144486156
8.071711816829
-34.958977329095
44.301948051948
-195.138458384064
-179.20193001443
22.547258297258
-39.332599149982
-190.657738095238
-207.054563492064
-41.220230344742
-33.856539727633
-185.019748616184
-141.681880185786
-48.746732813627
-158.798458919553
-70.643017084912
-181.924783549784
108.043851601957
-187.071737534384
-35.804190059073
-29.664329539818
-187.277958152958
-2.018931643443
-172.07302376443
107.87796843998
-91.247745310245
-108.82875419936
-162.493756623151
-191.617091675685
5.99703156002
-159.990680028522
-27.20652958153
25.53572203621
-135.878615254104
-145.914682539683
-189.781065749572
46.830545268534
-31.097119352002
-189.733516104122
-201.173062235074
46.317702696609
143.542650979663
-159.431359493371
-198.082353952471
-161.945438974003
-117.428772236878
-202.856892727498
-40.567821067821
-159.726108039096
-141.643558210453
-34.08935546875
-155.789662106557
-139.317841500947
126.233936392384
-170.304009683892
-163.05284992785
-199.954176953689
-184.643217893218
-104.977334731241
108.599636854031
46.621289626172
-99.613919609037
-39.929535308442
-91.087925149937
-93.17804298566
-182.934696434208
140.503620186237
-102.176476680871
-91.474128844246
-114.845967346456
-34.800226737238
-77.889582205988
106.606699669688
48.241341991342
105.540125727137
-68.806720243732
-42.590720965233
58.852362914863
-181.256944444444
-36.170073361968
-36.429084370491
115.494867057855
-144.651515151515
-0.747364126759
-36.120670995671
-152.578733766234
-40.033480029086
-37.674152236652
-157.405596492266
-97.826195831079
-156.2913883534
133.440504374098
-146.814303751804
-159.62204424265
-182.543029697082
-81.690986666328
-163.99541311553
-194.280962527056
-148.656586089692
-105.015582019977
-28.777687590188
-32.60797497858
140.152126031521
-167.58917509357
-155.925324675325
-30.338141459235
72.995768933757
-33.532287157287
-187.534451659452
-36.934984964038
-175.426206118101
-31.303370620265
-85.14133170432
-96.929182308577
-198.007034632035
-191.194797444309
-31.218111993258
-38.608683796672
-186.800927804834
-33.363927359533
142.746663059163
-97.812940721388
-31.866009424603
-43.451028138528
110.803202927715
97.34604978355
-157.094184027778
-207.313860564349
-3.871232554338
-28.25449669688
-75.046717171717
-151.001172438672
-43.031856652462
-148.347132034632
-158.36479083525
-209.206702206214
-27.002262440251
3.158467346456
-86.202393635011
-234.263618326118
-170.346237909226
-157.277084460678
-39.928398803887
-167.080557951163
-137.909804659316
13.017669017181
-189.086010777417
-37.913149350649
-68.610106364989
-33.825566984014
-101.751102684208
-41.173811919417
-69.698134385146
-30.590007215007
-71.565746753247
-173.644751082251
-94.953122886228
-162.334338079455
9.397366522367
1.728264790765
-165.642037704049
-80.952280548228
-145.273108456214
-144.797619047619
-96.467192150298
153.525631242672
114.411546407152
-194.760003072015
-43.794560420049
-32.484320041937
-95.765221269616
-29.804903809298
-139.091810966811
-147.338834776335
-180.714834590323
-179.231138111021
-37.696158008658
-197.024531024531
-44.156405714511
-84.209047083559
-170.404942279942
-33.617063492063
-39.081521831034
-153.699146881764
-157.101849972944
-195.781016780529
-29.281805569647
-26.501254875767
-41.316087070482
-36.202388702877
-60.555457617469
140.079282642271
-181.520652958153
142.474909882869
-34.216610158505
-187.271735209235
52.736118861607
-194.596562725469
-42.64030370671
-149.231960015896
-38.154151024756
68.765873015873
117.718514314462
-149.088466275478
6.087649655032
138.341527721411
-163.692259509154
-164.193813131313
-40.99340855542
107.865419682314
-87.58629684118
108.560057184569
-30.118478309885
-32.895923520924
-135.669635106647
-184.772469392587
-35.137896825397
-148.103375411481
-31.437100849454
-161.370843620355
64.894408298949
-151.548964110976
-44.082702020202
-33.989705932089
-98.103465599071
-165.378434878923
109.858253291847
-176.194784761679
98.27895021645
-160.246843434343
52.433011053617
-36.896013708514
-44.910533910534
-166.474283854167
16.337564399576
-146.651793464782
-171.65854978355
-59.967712842713
-169.882325627931
-42.679395799513
-166.090440185899
-199.886203694309
61.175878483496
-193.832508962392
13.646394892
-186.340720965233
-145.300677675189
-84.114157056052
-34.09039614899
-102.815128122745
-163.060668064574
-167.293823418335
-76.229506983902
-145.782369594381
-30.632846320346
-24.49529756268
-138.372647372159
117.674520737509
-36.93481480542
-153.556068497475
-72.518308080808
-32.195915629509
-45.314213564214
-146.924090232684
-158.111209049197
-165.823801632395
-114.467331659226
-180.9712174761
-115.608704229798
-186.588633968028
-149.624250315657
44.169392727498
-35.309704184704
-82.45193001443
-38.140429828418
-32.736000490395
6.107503607504
-162.634108946609
13.63846613456
-119.532099031611
-32.782356911751
-30.92278674017
-38.43787871742
-136.824765512266
-170.886716636228
-4.965298210904
-161.358696479302
-173.341630591631
-89.583083203689
-166.923992294598
-29.414682539683
-111.968406159812
-146.252963507846
-169.297459105565
-46.264589956484
-40.460747965142
-135.246783896442
12.6252832454
-149.804202741703
-45.513528138528
-91.416192829523
-80.22688379329
-83.330960272367
-39.102280477769
-185.647173464556
-101.254161311779
81.525350463339
-30.577298515287
-42.447892005997
-126.148268398268
-195.710317460317
-34.27417027417
-155.924724011882
-38.694702324585
4.886100824089
-198.452569078057
9.847763347763
-42.201208513709
-33.191370315882
-110.335227272727
-31.9788883534
-181.147825210814
-156.623366406814
-94.103625541126
-152.373003190386
-207.617777242289
-175.58189033189
-121.41036128585
-199.015873015873
-116.681305239899
-161.683268933757
2.810544056638
28.248454128337
-109.967331659226
-31.698240073728
-27.989911672529
46.66207731613
-150.76911976912
-73.971402783414
-39.912706163194
113.052120676632
-114.417686913781
-164.804473304473
-97.951639018534
136.018300330312
-136.737255366162
-158.575487012987
-126.181215052309
-37.260031255637
-187.094689219201
-193.181970373377
-95.050963738952
-25.272637085137
-40.66714578824
4.85119047619
-160.487025669643
-174.693813131313
-182.500631313131
-133.706869898764
-83.393738585633
-33.042741167253
-185.359967208356
-141.738303796898
-26.421835542929
-33.919802799197
-147.350265701096
-30.272386955492
-160.729950171356
-98.829888237847
-161.539522597628
-148.251275308893
7.229790229302
-106.455254272637
-99.99331836783
-76.124556812545
-150.80945405506
-33.59758543865
-179.189664502164
-35.279318717307
-168.779561096456
133.893478239425
-32.859660359172
-178.652785528274
-35.110369177264
-28.836780894886
6.430125050731
-28.731122610029
-103.041584229572
-172.913953288465
-20.733212425595
-34.456086394075
-196.950744893128
-43.939852627841
-29.02887271149
-49.24912630772
-158.139270072376
-90.016032957927
8.111273519233
-176.602543290043
-33.704365079365
73.38474025974
175.571356350897
-112.758305008793
3.949945887446
-33.59441865643
-86.87882874504
16.196338383838
-176.757202324585
-161.73825518015
-204.165965599071
-195.686389565296
-35.138728946834
94.656197155709
93.829622959506
107.242514430014
77.589568959686
-197.613025483631
-39.917269796176
-156.490968558351
-58.08963871415
-27.550595238095
-43.140574269481
110.261093073593
-37.052398989899
135.954122700216
-39.226752034858
-33.29788961039
-192.036152541035
-176.321797072285
-116.283389841495
-34.1537825239
-94.486209049197
-156.984307359307
-33.640494298453
-184.822851139746
-42.324044011544
-175.49800812252
-117.064914631809
-23.041334099928
-183.834263392857
-181.77686815138
-44.602424918831
-88.746815250722
11.659472092578
-107.953475886093
-135.112373737374
-19.675505050505
-184.235652422664
-28.21617965368
-70.225185730069
-200.448695943813
-25.275723896329
-37.674484803391
-166.096598659587
-165.753447561553
-41.171529046041
-97.884920634921
-160.536796536796
-89.718356838474
-31.569161199044
-113.565574128562
-181.803870174964
-29.885121443227
1.534021154627
-37.80493199292
48.415484011431
-66.500188125676
13.680395613501
-175.358204675099
-96.764958457341
-26.618586464534
-91.177210864223
113.594037472944
-161.746109250992
-165.793282292794
11.212219150207
-177.033910533911
-113.426948051948
-38.52217839669
-114.367965367965
-160.98825518015
-174.5863997114
-83.599489594607
-133.639880952381
-130.179202741703
-38.80772005772
-35.360209235209
-36.351468789457
-162.95480826682
-194.367153679654
-92.968045409452
-147.020570521059
110.894050014655
113.463474025974
-34.643398268398
10.877177184794
51.079357328869
-90.887634013122
-17.395833333333
-177.829455266955
-194.503594820978
-198.913878601867
-164.526404530799
-46.924861054744
117.905643347538
-176.069805194805
-65.666326349432
-183.924886420004
-150.026597588609
-180.704102267091
-31.039502164502
-196.48575036075
-168.049901920996
15.994137806638
-193.918032163149
-129.781032281521
-115.333165640783
-82.966097216586
-122.010711890106
-161.236832611833
-85.314331935426
-142.305375180375
-195.812311874324
-118.990628241117
-36.785152727047
-153.610459364854
-135.208165640783
-29.330545268534
-84.819614603062
-175.150154587166
-87.218107061125
-187.782988224883
-186.544184168696
-136.829104733157
-73.502164502164
27.781176722583
-131.949868382486
-168.807637620626
19.534564746235
106.672608831056
-25.857483174378
-43.871212121212
-135.253164316153
-179.841560837166
-197.198956290021
-54.304092120987
-166.619498556999
-23.944346506358
107.928450591292
-86.711842898855
-88.119498556999
-32.544372294372
-52.165233881787
-15.425156982774
-93.479700041712
-93.112554112554
-148.070155728603
-94.17612861314
-54.08475590165
-200.388528138528
-41.684150376533
-176.156393031881
-42.85253307348
-157.104437229437
14.044179236562
-34.485229668335
-38.306539868552
-36.079122700216
-28.46156740395
-173.37327868529
-40.256686564304
-32.384268888663
-175.400785900298
-181.419522019864
-188.405032467532
-159.754058441558
-106.464814157197
148.859286926181
-180.837662337662
-98.378795629284
-178.173873923386
-123.122848180465
-58.375471371077
2.066105037541
-170.700404575893
-34.461116465999
-136.164509914998
-166.159271284271
160.376803751804
-26.707168645157
-55.049582741477
8.890360073954
-147.367965367965
-103.291774821316
-34.905233275839
-77.120848904784
-155.839556277056
-90.171724922213
-158.278499278499
-140.729707792208
28.59354496415
-115.47305434366
23.177419423025
-162.062610620716
-39.142947330447
-164.323404947917
-196.779774587392
-177.074757761769
-203.882034632035
-22.318580968727
118.061085182179
140.88647425708
-191.890229020112
-71.136031069625
-35.573314760326
-38.392967763573
-36.412350344968
-193.428009869904
-30.890790578779
-125.869511239628
-174.448433131539
-113.518599076705
-182.781746031746
-187.731684168696
-37.582238399621
-160.114350113862
40.061327561328
-39.993338800956
-89.484778730384
-149.954032512626
-94.037801282918
-169.865447865936
-202.898621398133
-85.949404761905
-200.568550319039
-143.938319438808
23.92985448796
139.188492063492
-38.081910765016
-36.261822324811
98.014319393714
-189.92985448796
-35.550247170364
-152.292929292929
-27.476842222448
-99.932547433036
-40.403970649576
-40.117424242424
-33.073843203238
-28.900530838519
-93.824044011544
-191.662956292839
-34.818653189259
-142.793720548115
-113.411317415224
-185.225198412698
-72.924512987013
-187.013180070797
-113.30762987013
-147.328192640693
-165.10119047619
-161.379509379509
-177.068431947826
-172.013069450081
-191.500110620716
-166.767388237847
-157.965728715729
43.21463871415
-162.987623867018
-185.218635151741
-169.273649581755
102.708243145743
-200.465991528003
-36.813602684208
-32.119859307359
-128.735472047484
-98.017648584055
-85.09335190634
-163.50468975469
-79.935257992875
-104.463383838384
-36.204274891775
-164.884281571293
-27.533389841495
-36.134289321789
-197.016767141279
-97.48547979798
-31.641385957792
27.42946308791
-180.917929292929
-157.181637806638
-140.515935019841
-167.300853118236
-190.047549293155
-27.788059163059
-147.994310431322
-2.083977329095
-169.799603174603
-171.36734180533
-95.847041847042
-185.352515106421
9.114530489042
-42.702471139971
-177.85560966811
-176.473513032107
-80.196268629374
-138.14142189191
-27.186257806863
-28.963834776335
-36.449773262762
-34.174685611697
12.876533189033
-145.437151932269
-136.919011544012
92.759943534113
-183.184495625902
-40.732503607504
-176.624000186012
-100.694735440341
-34.017857142857
-196.40098177647
-87.958165640783
-155.265491832386
-35.258109132621
-38.828532957927
-192.459423334912
-101.245588558577
-170.960337893443
-38.841810966811
-103.035874227769
114.29825036075
-161.613734301723
-23.002976190476
-37.967865034271
-15.444366939484
-38.666839291351
-112.073745265152
-137.885943348102
-33.470495975379
-67.044109482098
8.579455266955
-87.991071428571
89.348284040179
-182.225801542208
-68.665051040539
-164.251893939394
-38.498930431548
15.342700160083
-151.356699669688
14.449494949495
-147.303648933532
-37.712384024396
-166.685856190251
-121.658036841631
0.41456416847
-90.63932714421
-177.734737864132
-26.002455498061
-31.633145066739
-135.481519294508
109.852182539683
-22.545276636341
-135.585297027192
107.649051902958
-193.684732720621
-40.335309709821
-151.343434343434
-33.613558858676
113.388427734375
-35.294745727363
-28.812770562771
-155.200396825397
-181.953906390918
6.113706118101
-38.294733044733
93.567661125767
29.396284271284
-23.870933807946
-204.321699134199
-32.361013173025
-156.424775799288
44.045457011521
-183.727244543651
45.270652958153
-38.347041847042
97.627427314439
107.173451169057
-30.398178210678
-93.134441513348
-195.369879740485
53.160276030393
-98.132727949134
17.649981962482
-184.470140157152
-159.67106542546
21.661894474883
-202.215378181931
-27.80628727284
-142.720238095238
-43.125430504825
-34.365239307134
-72.657447099342
-29.767323767812
-143.076298701299
-142.815115440115
-123.611283735795
1.155331213925
-33.829545454545
19.841713028725
-89.672737418831
-190.825937950938
-84.815566378066
-78.211129148629
1.979996322037
-82.058441558442
-37.33161976912
-159.839909276921
-172.647727272727
-202.651417213429
-97.565483940972
-36.435443652485
22.454803334686
-5.165494227994
-105.318722943723
-41.603896103896
-33.859134734623
-39.290326535444
-28.831431643443
-108.649538775027
-153.506063001668
-175.237311733405
-92.106449540043
-180.794392727498
-29.93223847008
-205.904318717307
-41.183248500631
-98.224193666576
-35.824876132982
-83.076479076479
132.458974863028
-181.355040358947
-73.960309709821
-97.193792698187
-144.438922568317
-29.230810476416
-163.682928616522
76.78668591608
-158.420642671131
-33.526703277192
-157.864545990034
-23.873196248196
-26.089826839827
137.554019900455
-156.971660663555
-148.55954424265
17.99703156002
-150.940004819399
-179.081506682337
-134.357142857143
-58.135649886138
-82.42938558295
-84.237012987013
-52.962008125338
-173.438790809885
-31.843802844291
-82.30764255276
7.882884720531
-98.162768167163
8.16133784835
13.823843203238
-30.812049062049
5.419830982819
58.135358890242
-160.493679118191
-173.309302215796
-39.255501443001
27.967421846816
-165.937028628923
-76.557982869995
-135.430174372069
-35.159438976822
-155.248665153206
-100.394279711174
15.168991110886
-187.543352047258
-162.721160404266
-37.089917027417
-78.398629148629
-96.747866147524
-92.367854747249
-103.714466089466
-159.99034992785
-30.288770447218
6.324695757801
109.5498941705
19.0386002886
-92.513430200442
216.876090001578
-33.909554529672
-109.526146650658
-134.152527648133
-41.752948006854
-39.273268398268
135.889991573097
-205.89449320211
-0.363177675189
-196.272263652146
-71.131916260822
-181.035533910534
-160.615251989764
43.135714356173
-124.656094285489
-27.722853535354
-137.463474025974
-155.467810780799
26.102445351957
-126.656377530889
-42.512703767587
-181.821949263844
-37.464937460543
-174.524162523674
-108.53002225097
-167.051657056052
-203.744580994093
-159.60301466112
-108.41838023088
-172.936119002525
-47.568653189259
-158.072711630817
-83.221410533911
-158.976210909316
-173.565025252525
-42.049595424107
15.708423520924
-32.477453102453
-170.670745541351
-122.20976858428
-92.19992545432
-131.655413651019
-144.663440346546
-187.836780894886
-169.564927314439
-170.431264373647
-196.658098845599
-37.274280894886
-160.357503607504
-118.696178441784
-142.386080390963
-186.314123376623
152.995961991567
141.097212005659
-40.062708558802
-37.461850649351
-173.437688125676
-88.409103591721
-145.497384559885
-29.678468558351
-94.994227994228
107.264880952381
-160.314553881448
-209.419753477859
12.060515873016
-157.276966089466
-33.21617965368
96.391053391053
-21.820998066604
-33.031836219336
-37.605088975694
-110.559794372294
-29.98347523787
-32.12309831011
-187.710575340458
-87.568181818182
0.260170764565
-201.082972582973
-75.998216681322
104.247294372294
-35.068692294034
15.113816738817
-181.193472814078
-39.736201298701
-33.998438627345
-145.157307590413
-202.699868382486
-104.396742959731
-109.506313131313
-94.685766002661
-206.28302944343
8.215610344517
-32.955988455988
-27.513450633568
-46.628156565657
-38.787956292839
-110.45690301452
-195.359217171717
-152.482774170274
-28.672098355204
-34.484778730384
-120.739530489042
-149.390610203598
-138.422459105565
137.063950751939
-29.478743912338
-192.773789090684
-178.177239047845
-92.002324444219
-196.966109899215
-188.165051040539
-186.279019970914
-40.507818136724
-121.247294372294
-186.265880766369
-62.093614718615
-23.499077690972
87.617895613501
-46.695444258433
-143.282655658144
36.806555369544
-85.121663059163
-40.056797748692
-33.929104803617
-77.688020692415
-29.09154040404
135.331970302918
40.983472771803
12.691127936733
-188.638450633568
-50.38056344697
-201.123286435786
-161.797237864132
-168.25018037518
-29.796987734488
-199.171364171852
-150.066480936598
-76.767316017316
-195.981609482098
-89.430916305916
-36.243145743146
-107.728605108
-180.930194805195
-156.36075036075
-40.512536075036
7.191447820842
-37.289760044643
-165.129890562996
-197.97608760597
-198.133006262401
-125.936397315792
-151.116973304473
-184.710206839601
-184.407196969697
-168.065123190611
-30.015221269616
-77.602605294012
-9.842259438695
-33.911997345103
-37.888517921965
29.196428571429
46.534152913059
-33.462322020427
-75.042756668245
-37.698162568768
-185.859229854347
-4.631050319039
-30.641414141414
-188.878094561688
103.841818717307
-83.489185239674
-26.217622655123
-29.554092120987
-107.627344877345
-87.548430735931
-36.791236161842
-138.397526464421
10.408490245648
-157.502886002886
101.851579410173
-161.723775844381
-84.165432224026
-43.343715122768
-52.878447561553
-136.2047053966
-168.447428385417
-172.726940160534
-188.335497835498
-195.886072640467
9.516844646239
-160.737747170364
-179.73175392316
21.736582482188
-40.194542382531
-45.527424777913
-34.287067099567
-134.181256623151
-110.332140461535
-57.107511358
-40.262203508297
-183.87509018759
-31.566530257937
-74.658619538014
-29.307109177715
-141.45001564191
-39.558704370716
-178.844758973665
-28.465798470193
-101.694972887356
-195.723685656791
14.609650142609
-31.700667388167
139.221119538014
-121.645753362306
-162.121760997249
-184.844779406791
3.783529350424
-184.047639480745
-145.397193897682
-145.236915048927
-184.174775799288
-173.980401109307
-178.372655122655
-38.590159406566
-172.602355164367
-172.402867965368
-182.580078829591
-152.734377113772
-34.332163360728
-167.267877575983
-191.568112063718
-165.87213443024
-198.423242610254
-195.717532467532
-30.85282160331
-149.401685310133
-175.458964646465
-72.566047965706
-31.17584536774
-27.471521154627
-43.685974561463
-97.864780618687
-194.888968859916
-97.42603842555
-34.3191943148
-31.259096263979
-5.667658730159
140.572969510958
-35.044544919057
-168.871745496257
-37.909992784993
96.461149581755
-0.527396594291
-163.786878973891
-183.11534992785
-120.998397056503
-160.484016363411
-166.25458688447
-35.575577200577
-43.351661847267
6.427370806277
-13.554493737599
-26.892607013212
7.83992724398
19.572441068047
139.958225178684
132.468617184682
-158.578089770473
-32.832972582973
-146.041929478941
-10.892666551114
-123.753336940837
-88.251192871798
-173.692730880231
-16.812340057946
-200.908611787518
-161.294823232323
-156.865891053391
-160.834054834055
-36.351989481872
-126.787718845824
0.320797258297
-113.378960503472
11.05046665032
-83.63005050505
-207.101914442979
-164.646562584551
-44.802205932089
84.089388584506
-152.819256318768
-154.100850158956
78.978532887468
3.673077736066
-169.2040120795
-102.518841455853
-143.402757344652
-102.678002119408
27.536778569738
-49.75945701434
-25.979256854257
-136.109655427038
-205.479700041712
-91.192079133974
-174.773170460182
-143.287940791847
-70.912087532693
-156.462093028499
-145.848026160038
-36.461149581755
46.281295093795
-91.130210447105
-128.299873737374
-142.906135151741
44.928751803752
-31.484495484984
-36.996490434479
-189.432789812184
-22.221119538014
-190.472853535354
-182.765622886228
-114.150683030078
111.247727343186
-32.572801818407
-72.873306868912
-38.481593981106
-167.849579782197
151.541458107864
-190.922951614358
106.088100592983
-182.04347041847
-34.186979307585
-92.246302308802
-100.856934298341
-37.327741702742
-147.297418239313
-90.431818181818
-26.943199785241
-82.184093304699
-38.291839291351
-158.047266047754
-178.964945211039
-34.324404761905
-86.25946969697
-199.956779711174
108.018918960814
-35.547188542794
-186.827638832522
-36.9827946034
-39.129156379645
-190.188602684208
-196.395390145878
-169.188123562635
-37.367334054834
-196.88733526673
56.45939515129
-182.574853233789
139.944555065161
-31.5238997114
-114.745490620491
115.010183447195
-184.645021645022
-161.021735209235
-32.829357328869
-35.607052669553
15.226551226551
-35.141676953689
109.380772005772
-35.634810014205
-180.455246522141
54.471841038736
-35.190947561553
-196.592254154266
-151.854274821316
107.661062353445
-29.339182844066
-92.379579133974
-29.633658008658
-92.798693548205
-82.960469651876
-186.173533606151
12.100268167163
-110.58523748929
-164.308629684118
-22.189123376623
-91.496410463451
-90.126796001308
-161.73487666847
-154.907918470418
-163.108938858451
9.636634199134
-206.646096145608
-137.82006800708
-106.352182539683
-38.876443001443
6.803739121122
-132.153130777642
-36.547619047619
-184.176136363636
-179.343344155844
-172.496760997249
-38.548791486291
-177.548410302805
-110.862456174468
-172.846951659452
-195.686758066153
-33.856501327449
-94.706730389836
1.88656444467
-34.129787692776
-31.230818226912
-160.441931874549
-137.166102641933
-61.60273141572
-169.163677793561
-90.326180330087
-27.761273448773
-81.261814574315
-86.128689940702
-127.080467763573
-188.068341760236
-160.081246336129
-31.765700391189
-182.462564399576
-200.712842712843
-37.065037935155
-40.846791717397
-194.835034214917
-118.021005958018
-159.460670460182
-145.980310921717
-194.641664271059
-86.472062280168
-93.396645021645
-40.535263347763
-162.843697155709
-37.031565656566
127.681083998467
-80.87804594494
-57.285165409677
-168.361000490395
-90.207513894526
-29.404248962843
-165.787587791982
-198.992493996889
-45.160874227769
-86.519820836715
-31.526445397051
-157.087038775027
-195.080988455988
-139.720135225018
-149.082320836715
-41.671866897209
5.662267907873
-190.318472814078
-207.563414558532
-173.324757761769
-119.03373015873
-158.440135873241
-142.609114301497
-52.664702972808
-179.126169972606
-201.272026205132
-167.964757085363
-68.791112858496
25.295897732909
109.312848067731
-120.020714962121
-107.891975700081
-119.832240865688
-34.418532422439
-31.794392727498
-169.525723896329
-163.920794862689
106.343815526921
-34.344454590548
-195.961121398133
-107.842274587392
-183.267947330447
-162.048933461287
-170.896624588519
-160.384289321789
-105.660082972583
-151.429671646713
-37.302246798341
-163.378599753111
-97.081952335859
-79.522797027192
-108.816638412586
-195.472299727183
-207.154032653544
-25.606441789547
14.103334545229
-39.489808802309
-38.366079179067
-36.06259018759
41.664391543786
-149.145743145743
-167.059446304564
-33.568251572646
-32.584075267181
22.913157101145
-27.990968558351
132.405764184817
-121.172278730384
-83.5645947477
-32.920286852904
-30.750250129645
-113.076270517677
-41.581862148268
-209.738927359533
-36.439471444354
-32.594856911751
-106.99044011544
-157.775543521149
-34.067931688537
-172.304210492199
-196.735930735931
-110.987012987013
-32.795606737013
11.968766910173
10.429383116883
-203.019640461535
-89.740538053526
-174.729354792343
-155.701937764926
109.560858656318
25.680916305916
-152.299582741477
-93.924172669778
-50.102383347989
70.327290764791
-40.638778268173
-36.403409090909
-3.855076293065
-153.914301356196
-27.867985801091
133.797047272389
42.990628241117
-180.30294011544
86.961930620378
-38.402937719832
-32.589466089466
28.835067330673
-67.63255532445
10.34805434366
42.436598124098
136.442570938176
-39.068833564439
48.426435110029
-156.382457386364
-159.202651515152
112.92706642316
-175.195985383974
-174.239378297484
-40.996392496392
-35.019112018624
-191.560994994589
-33.608573175956
-170.428391053391
106.709668180127
-97.286185656791
-141.176759926272
-90.801213868597
-44.579184704185
-154.52138220937
-97.996823001218
-41.128697691198
-179.131341314935
-38.033812595824
-95.128517316017
-88.130581414029
-147.092872784767
15.266130896014
-32.563731976574
-174.563041125541
-184.905921660804
-97.934253246753
79.900773217668
-58.92566499256
-33.08457552647
66.200396825397
-33.039752294147
-90.888986826975
-110.63724507914
-74.617604617605
-8.858413233902
-156.94993813695
114.057006307495
12.820719753337
-151.987714054609
-194.423783735796
27.135662568768
-138.86361593051
-181.749739653792
-32.410706535218
-111.211780894886
-93.808351370851
-28.371121933622
-177.500430504825
-187.258387445887
-28.978457848575
-160.488656796762
-36.54309698548
-156.511917444535
-137.088543780438
-30.182920866026
-161.366411745806
-31.37833447477
-92.925316924829
-153.13673213722
-170.727723665224
-46.823080131674
-78.616764745671
-92.679834054834
-78.678481240981
-129.862303982909
-131.89420995671
-29.308511312906
-28.332681587076
-41.140069078057
-183.100731787744
-145.805658425776
-29.50660412721
-151.32683982684
-157.086067144661
-154.407756062297
-86.390499582882
-182.935716681322
-81.688955684073
-108.755230880231
18.979707792208
42.250360750361
-143.021312454906
-202.369338614944
-39.625643995761
8.809987430105
-165.858114487509
-23.869148023201
-33.531593840188
-38.271263838158
-199.416506724612
-119.256764069264
-145.35778192077
-39.786719031836
-202.743354301948
-95.606253663871
-35.118777056277
0.473484848485
-134.720611528229
-142.45383170432
-159.015422077922
-160.066370315882
-159.091151470058
11.699615786774
-118.15316671176
-192.23816499256
-137.143127705628
-26.581161080673
-157.329004329004
-169.722520968615
-31.827852323458
-181.255501443001
-192.884449263844
-36.798500490395
-93.119220243732
-196.428468558351
-79.674430549919
-11.9115055409
-150.626525438537
-189.16838023088
8.01939033189
-35.59879381144
1.05111593051
38.065496623602
-135.675693176181
-142.404483591495
-27.14602145901
-197.167318412924
-139.693181818182
-139.664584601596
-38.036726782332
25.298513173025
-179.335297027192
-31.551123681006
-49.712379092262
-150.621745496257
89.094969998534
-26.604089161706
-96.706078643579
-134.450417258523
-34.333686333198
-155.732302799197
-25.184343434343
9.903045874481
-85.935724431818
-36.726017851506
-174.528236466225
-34.233217357729
-87.068833564439
-151.635562164615
-141.515775077787
-188.791112858496
-24.647567330673
8.391246448864
-124.06737012987
116.538448097042
-177.236742424242
-35.335399897412
-31.54912405303
-188.911103219697
-31.451569264069
-198.677308802309
-206.625200808306
9.602633477633
-149.611471861472
-163.372232368326
-35.886446073458
8.749847808442
44.101342667749
-89.384297072285
-30.972291976687
-25.276896335002
32.543723014182
-30.708263578869
-162.059516059028
-31.353826349432
-157.066738816739
-185.447670764565
3.745420866026
-159.020923520924
-36.484668109668
-167.165842295725
-169.127914186508
-80.781996161391
-186.155663780664
-93.618754157084
-35.631596376714
-159.765061327561
-182.237742238231
-165.148636899125
-42.711232018849
-101.847492784993
-151.417127821181
-34.594594099477
-147.033472278589
-39.800657242063
-185.524440836941
-178.997634689529
-40.613193176181
-26.461920403815
-97.299394615801
-91.195867012762
-33.725108225108
-151.897173464556
-196.919470232458
34.198033980993
-34.722693593299
-86.57388406949
-163.586600519706
-86.221147721636
-42.066447820842
-156.82875419936
16.831640202246
-191.395119583108
-8.305465367965
-196.327860073954
-196.412177720283
203.700487012987
-34.576290950803
-98.585547156836
-188.208250896239
21.838383838384
-167.425595238095
-201.488085021532
-160.732400737284
-19.369325932314
-90.833794487847
-37.646714776109
-190.75695219494
-183.725206163194
13.808714587279
-185.897624402507
-37.827409136003
-136.40568421379
-185.593151098034
-109.229437229437
-181.141061141549
-32.0670995671
3.731782106782
-174.814935064935
-37.874556812545
-93.702741702742
-171.324843017226
-81.734335542929
-36.391504329004
-37.508207070707
-32.299796232413
-83.627414631809
-28.350316783911
-158.374709004104
102.899433086445
-20.979880416892
-30.312582437094
16.433093490711
-27.333812454906
-39.071789321789
-137.248454128337
-37.966171903184
-195.282467532468
-178.942542754554
-165.471132220644
-35.744416119904
-92.209948959461
101.275543521149
112.507848786413
-193.670196665314
-28.213855209461
-50.333544358203
-32.485688356782
-98.64725590165
108.81735744724
-170.234766047754
-79.285835122993
-37.258124633613
-45.650716145833
6.217862568204
3.683441558442
-9.791826608721
-40.519558024441
13.104256854257
4.997552252435
-152.186881369499
-154.07215007215
1.684003117109
-156.48575036075
-43.464847272953
-184.99493681232
-91.214313897908
-30.676747243642
-34.531364848259
-36.273088023088
-35.478633291622
-158.714125772231
-30.546426175821
-37.458796953914
-195.962863145969
-34.090986595869
-34.642926897321
-161.499471557089
-93.835497835498
-104.712149395743
-186.040053506606
-97.042666480655
-185.739911672529
-33.936347994453
10.556459897524
15.688139063627
-128.146374458874
-109.097044313109
-187.742694805195
-36.119325932314
-41.43253968254
-166.33763415404
-80.12212174761
-147.569702324585
-30.062963620581
-203.330447330447
-209.858778916396
-29.662620907738
-141.587732092127
-37.143300330312
-114.542498788104
-144.906663594652
-173.891672021555
-166.254942350401
111.466339595734
143.543658544147
-140.83658008658
14.458972396961
-97.338744588745
29.422459105565
0.282570402688
-199.432429061824
-137.241174298791
-88.449747545207
-28.335595773584
-41.043359797754
-46.823580390963
-38.755398572781
11.502192685786
-199.877267372385
-90.410693852588
-76.846673346185
-141.162067099567
-4.118493810877
-84.429092120987
-35.122364126759
-177.535075222087
-188.007305194805
155.934696434208
-34.183982683983
-46.704442584325
-95.011363636364
138.534972351867
-22.188381442776
-181.913301542208
-52.084415584416
-37.368887676993
-42.347041847042
-37.421717171717
-188.454803334686
-159.378857633252
20.349025974026
-133.465896408279
-198.06449187748
-38.579074083469
-151.523657332251
-40.965826653815
-184.450306637807
-31.452741702742
-85.056740676858
-33.935335497835
-162.914120981016
-31.110598169192
-39.553581645134
-168.248536565431
-82.830808080808
-90.351267981151
12.732426102543
-84.566079319986
5.810064935065
-153.826388888889
-177.856230764678
-36.58848177647
-84.440393753382
8.64593127142
-30.587211399711
-179.499528628923
-137.272825210814
-192.9954004329
-168.292297979798
-27.721943908956
-32.285373968479
-166.190115440115
-199.734057229663
-145.898469206575
-168.72619047619
-30.759719826614
-33.840429969336
-157.191908975356
-197.181985874369
17.734951355069
-176.699793695887
-86.890331890332
-32.551497113997
-27.42115561305
-36.847394846907
-170.1920995671
-103.033431412338
138.184245496257
-31.234415513957
-195.988463738952
-30.776968555533
-29.984565239448
-157.899551457657
-34.2711116466
-21.857802353896
-167.949031328914
-28.323531069625
-169.866710492199
135.771632339015
-95.781843969832
-141.511023319129
-86.657377344877
-159.522346089241
-163.505228414164
-153.618859493371
-31.0020947477
-148.395542337437
-68.479256854257
-42.859405297394
-143.593135597042
-193.075384142767
-37.043089234984
-134.413502350514
-163.689303751804
-35.672987548476
54.720029536436
14.792187359082
-161.849950749121
53.24339587279
-139.66542447353
-185.458250896239
-143.29033428594
-158.046987734488
-44.267225829726
33.296103825645
44.620833403792
-173.4375
-34.355269350875
-93.998675369769
-187.421446608947
-35.106691919192
133.865468299062
-33.65090427151
-194.658341224747
-191.794975423882
-151.125007750496
-187.971688847177
-51.886343203238
-128.211649841044
-31.530733535128
8.301788109894
-196.397374272863
-4.651695526696
-36.767225829726
-104.466991341991
-38.576007705402
-133.306916119904
93.122124213677
-101.283016408505
-97.840388398494
-105.918733230745
-37.19237012987
-19.251435250947
-168.805277242289
-172.215888657783
-8.169733044733
-186.488533493416
-182.914030793425
7.806099147164
104.374799191694
-147.775425149937
-45.186598124098
117.074765512266
3.244318181818
-31.275182770788
-159.030241026335
104.532029277146
7.849935600424
-27.54816017316
-192.740648674242
-38.166596912202
-186.672791672303
-95.672528860029
106.007846320346
-159.497822815206
-33.267694734736
-95.975399221005
-173.776793464782
-188.721943908956
-89.82711038961
-87.959333147321
-39.199342757937
-203.51785467679
19.986672669778
138.470045037428
-64.933912929518
-39.904839409722
-32.281836219336
-155.5863997114
-33.676144114132
-31.275342712843
-35.598366477273
-43.676587301587
-178.158036841631
-164.747925685426
-38.56928450239
106.376234442641
-141.445343854279
113.445987850041
-157.999356004239
25.212211399711
102.593635151741
-207.153326653815
-40.442890822285
-41.55963443024
17.134719826614
-29.672278730384
-72.188332121438
-100.025252525253
-188.303579179067
107.705795398178
-82.559191242785
-89.330287388393
-149.043029697082
-140.689393939394
-157.805465367965
-50.178231111337
102.938299005682
-29.602966044372
-38.691836754825
-24.142336450442
-148.956880115327
-179.408279220779
-111.157307590413
-175.330156334551
-156.728442699878
-40.117666621573
-191.655040218029
-184.807727808216
-189.854769796176
27.617076174693
-190.611291486292
16.146361776245
-107.481359352453
-37.202991832386
-150.443563001668
-94.097062280168
-143.89202502142
-160.128169248286
-181.027527648133
-184.228254574202
-37.603084415584
-199.391517011634
-198.788059163059
-99.274350649351
30.23900733056
-30.717540218028
-174.059085554203
-145.315316248422
-37.7959879205
-138.21923828125
-175.515254385372
-182.570596449991
-192.585046897547
-37.812507750496
-124.570797258297
-203.223938252503
-87.465741398359
-65.776244588745
-81.150716145833
-87.232962295951
-183.320256132756
-26.59606246618
9.390602453102
-36.984946422935
-107.877254689755
-170.028056091044
106.432338874233
-32.679573708626
-150.562778313267
-126.107495857008
-98.671709421221
-51.952569078057
-193.200458829365
-35.4028059614
-190.916243912338
-82.763417517812
-183.817668876263
-158.306900618912
-33.710685961174
-23.017336450442
56.96700930905
-90.742436925054
20.415664386612
-194.892586580087
-158.387925009019
114.847312409812
-31.589989247948
-179.597771098259
-204.273817274306
-81.635183447195
-162.213273217668
-192.519480519481
-38.546085858586
-175.244789552895
149.998757806863
109.387203508297
46.817287692776
-159.016607199224
-101.46835190634
-26.511634199134
11.553391053391
-35.696165759154
-197.835781080898
-190.530143088249
-35.570436507937
-168.253146349094
-0.588935180488
-76.633325441919
18.422077922078
-181.24243199292
108.982302799197
-150.875458688447
-152.908557534046
-153.36456642316
-38.286255411255
-74.452901644796
-186.824036261048
-35.694777011183
-194.760018573007
-88.189484126984
-15.770144948368
-30.157364662247
-90.041236161842
-35.370663245175
-96.384121629239
48.62967707206
-208.757145252751
-36.41847041847
-97.651064213564
-175.070346320346
-165.623807128202
-202.544191919192
-152.330607272502
50.169835914953
-93.567653375271
-154.430555555556
-185.068099381088
-183.165666852679
-81.332812640918
-88.297626798115
0.275585091991
-105.152597402597
51.155310780799
-189.702543360502
-160.903048340548
-79.467905900523
-26.811500186012
51.222485034497
-164.570346320346
48.273260647772
8.432338874233
95.879529812635
12.103597357504
-44.321137575532
-34.362103174603
-147.669019294508
-28.785170694106
-31.897719522231
-177.016045640557
-84.053350187139
-185.051955802444
-144.28095477656
-165.549775799288
10.512876392271
-182.631050319039
-175.166929478941
-38.386020853062
-137.19533856985
-203.951131008748
-119.568184284249
-182.790416723034
1.847332842938
109.255689568678
-97.248273753157
-91.155282597177
-179.307609437004
-36.309876809389
102.398907461896
-51.412260157377
-129.332508962392
-191.404220779221
-119.338924963925
-171.508810200216
-40.346340779446
-103.514151701163
-44.156467718479
-1.604978354978
122.576992018398
-43.337572150072
7.99799543989
-163.292117604618
-144.149363331981
-28.692821067821
-26.272956969246
-147.989107734713
17.95592645202
-8.110758111246
60.359237604843
-164.265414327426
23.056524719855
0.435183306277
-157.258387445887
-174.25746513686
-50.897629334641
-158.673701298701
-182.05103842555
-41.228097098214
-154.309150376533
139.646196549761
-33.623840243957
-79.134281571293
22.304473304473
-102.878898499504
-192.057998370987
-32.847943722944
-196.085776148764
-43.252906436012
-165.408750591856
-36.571768888663
-92.654749222132
100.763790950803
-104.155753968254
-138.720807404401
-39.868707301813
-91.084866522367
-88.417290229302
-189.004968067956
-82.021727458739
-48.063484312996
6.656315526921
-49.939935064935
-38.382202324585
-144.393127705628
-40.162157287157
-212.286899407017
-165.64247595937
74.187700808306
-35.876430318813
-176.877435064935
-195.376963693858
-218.918359797754
-101.831065960949
-205.256284947691
-158.487033420139
-176.268197460092
-39.581521831034
-26.033992971005
-89.862734487734
45.284624284136
-29.551489363501
-197.263986826975
-184.944457127074
-151.873556998557
-139.974858095464
-167.855601917614
-193.834758367717
-145.157807849702
-42.440844691333
-12.919199669688
-42.953213073819
-40.396454429902
-162.908258787653
-97.748446377841
-194.559884559885
-144.900510405393
-24.296807359307
-32.693550319039
-83.601911976912
49.637533608969
-167.873737373737
-47.734946422935
-30.354968138415
-84.543802985209
-207.96358464669
-181.707709770698
-176.377517502029
-177.21159276921
21.305284992785
-103.462031024531
10.533181282693
-141.546987734488
-88.786984662473
-94.338667083784
-54.091968442799
-190.830787647682
-144.411587977994
-39.896013708514
-150.51156444467
41.877164502164
-185.987943046537
-146.87787825239
-109.95471807923
-143.220258528364
-212.252061631944
-132.800662526493
-72.477896289908
121.130779756268
107.91703763359
-113.841658775253
-96.341388212482
-142.626450751939
18.936886653928
-200.968967718479
-50.050082296176
12.472402597403
133.687868500857
-86.943264255276
8.559722151763
-173.257312945301
10.126352813853
-30.024703649215
-101.472840852724
-148.467089280078
-153.798979611968
-110.254128196023
-77.509621888528
-41.904068587662
4.283812595824
4.288489667884
-186.050394429789
-137.479625355114
-151.346771284271
-61.528200532107
-161.455635456124
-36.124561744679
-160.092872784767
-95.16723597583
9.333603896104
-30.444093910647
7.833415770427
-156.835018713925
-34.601994414006
-39.491161616162
-93.518217893218
-101.948843203238
-35.770031861585
-46.72392803594
-199.347320160308
-35.980862263821
-34.872655122655
-185.872667805285
-167.775695712707
-107.608155353761
-88.067308125902
24.977350232233
-161.022464460453
-185.756063001668
-95.654220779221
-30.127602757486
-171.405184659091
-192.189143809749
-170.905032467532
-198.563610434704
-158.741690059073
-39.623577431683
-88.80457124256
-96.793011730023
-41.145923520924
-92.096938976822
-158.904609713203
-28.893308080808
-185.293478168966
-80.621454500361
-32.059175741793
-197.341061282468
-41.282918470418
-175.839806406701
-36.604604921988
-172.818792698187
-104.746023995536
-31.137376132982
-164.653138528139
-202.312069495175
104.175955988456
-205.321449004554
-141.249889379284
12.499729437229
-35.789924918831
-141.830717893218
21.467962972358
6.958034586941
-31.081910765016
-25.336056928098
110.868478309885
-207.955455080943
-157.980519480519
-78.406114718615
-87.939455943362
-192.527749594156
-40.462391774892
-36.672237864132
18.669462481962
-209.261966765873
-45.06337369228
-34.351092538104
17.89782767688
-83.226628731512
-104.459338079455
-29.026347458965
12.702922077922
137.453192640693
-183.970766538149
-2.013347763348
-186.904589280078
8.568534818047
-76.258207070707
-182.880403504915
-186.262355699856
-30.54778674017
105.44715007215
-29.239267676768
-165.56737012987
-34.067821067821
-153.370470187365
-125.975559163059
-81.795516549423
-163.941275196158
-178.268468022863
-169.448211890106
-51.308101241207
-166.432970187365
-171.84414809366
-41.829344646239
-37.195867012762
-38.402659406566
-30.20670995671
5.356949799333
-100.776584905979
-101.368207747114
-103.579607458514
-130.796335988231
10.787520503585
-202.32195701434
-52.762698483157
-47.644480519481
-95.677296119679
-101.782106782107
-179.609307359307
96.808531746032
-32.933714587279
8.977883607278
-149.986950983045
-180.586747779131
-40.760642135642
133.037896754938
-111.294823232323
-140.51452020202
-81.807609437004
131.567017130005
-52.878517316017
-187.950458829365
-175.947157822646
-102.605269350875
2.350731787744
-27.687229437229
-88.540391357774
-31.025793650794
-73.181088930601
-189.892947330447
-89.569264069264
-85.641153795207
136.201937764926
-74.004787692776
-105.259268888663
-88.311409998422
38.098634573976
47.406114718615
-34.924721545815
-39.269730649125
-149.40405308667
14.346863937928
-136.937672624684
-30.592872784767
-192.588641718524
-154.527028093434
2.530947026064
14.582160894661
-55.715586740733
-176.097054529672
15.625891659339
-186.082070707071
-163.221972092578
-154.077318948413
-98.459956709957
-37.311868686869
-161.139360259966
-0.100649350649
-36.398801773313
111.406913724297
-90.240538053526
-185.909992784993
-199.937507750496
7.106411139858
-77.867243867244
-28.334477588384
-145.814193131088
-89.850301282918
-196.460289276696
-121.981052855565
18.104589420996
-165.075098079004
-97.624028369634
-47.541486291486
-76.638520388032
14.373709190115
-179.213285900298
-67.432519249414
-129.849739724251
-29.95174963925
-138.900370896465
105.233307545319
-167.010920448909
8.748987503382
-210.357225294237
-35.991143649103
-32.130972814078
-184.953254644661
0.776396780303
-185.099489594607
-30.992792743281
12.557740490846
-147.237987083446
-30.826847577336
-39.816661311778
-158.96817153116
-172.668843851461
-162.023067589962
-37.264971139971
-170.727535539547
-35.140331890332
-31.168918890354
-31.026502468885
135.166035353535
-36.560134689529
-37.796438858451
-103.767316017316
-175.371240304834
7.326569264069
-166.440726320121
-181.626332380727
-39.510822510823
-194.651126217532
-156.429653679654
-139.742243867244
-90.843135597042
-19.978715728716
-47.613726551227
-142.919212352318
108.91168591608
-77.854867734262
-125.404568846952
24.279032653544
-33.678870174964
-94.135531514926
-177.940836940837
-147.942890822285
-47.990357678346
6.778478845373
-100.718233535128
-39.713855209461
-150.918560606061
147.681387676993
-208.230437043425
107.202533143939
104.701922263934
9.208894892
-34.196670950577
23.145681141775
-174.566115254104
-186.1509944591
-118.373015873016
-35.430826118326
-139.999396870491
-40.125543591608
-76.870560374955
-151.773441022953
-32.333271329365
-140.34786128585
-142.473505281611
7.684511126894
-200.956349206349
-147.116620304609
-134.103182353671
-5.939102943497
-35.448863636364
-18.916584229573
-17.043769164863
-43.006493506494
-41.802128427128
-197.080545268534
-93.057171181683
-182.246663059163
-182.631846506358
-195.816800820707
-34.789334471952
-188.601481472087
-202.228457848575
-148.210948773449
-30.018148138754
-200.188381442776
106.123294186282
-198.448080131674
-157.406905973801
-159.328450520833
-120.015249453238
-36.192522321429
32.895743145743
-79.54111779063
-36.545807545319
-44.035152727047
-151.283098845599
-78.946887259876
-119.511482007576
109.974546666441
-29.245227808216
-164.390702857256
-29.357485640445
-162.842359842848
74.132034632035
-92.626450751939
-140.548422985435
-30.324984287631
-25.029669251105
-27.352801170184
-38.201651701163
-44.032168786075
-85.849226782332
-167.388778268173
-32.799781083717
-80.068091630592
-177.832313086219
-196.91559216608
-194.571260878878
-31.387278194895
-28.013700763212
-166.231691919192
-194.996851184839
47.574023578418
-34.899981962482
-135.061307128202
-101.621121933622
-155.173368731962
-95.433794558306
-141.786448469066
-34.022366522367
-148.745823187229
24.346853721365
-34.09154040404
17.918650793651
-166.196789321789
-163.99503968254
-164.649100519706
110.468233535128
-173.023095773584
-33.649322465729
-41.53555434366
-109.886703953598
-116.262736883342
-192.287157287157
-147.058163245175
-84.02884734623
-198.243957431457
-81.820787041734
14.130571197466
-204.320243450126
-35.510088327471
-45.057359307359
-149.573953823954
-38.457861962256
-177.246634875541
-37.597041847042
-97.040432224026
-93.997835497836
-113.737644300144
-41.02398989899
10.941898758793
-140.708333333333
-0.084936276831
-32.421106291712
-106.789883347989
-188.135351139746
-167.724128844246
17.084675930623
-141.61669252514
132.978354978355
-24.542207792208
-32.269217707206
-101.436147186147
-200.72392803594
0.040210982594
9.335768398268
-178.165854978355
-35.97132034632
-160.553501674107
36.203020016008
-188.484639926046
-176.600275917659
-175.206459827065
-45.800505050505
-183.572621443227
-194.860500231106
-1.756663665111
-67.917297979798
-112.288108132102
-87.234856235345
-139.970877158865
-42.867153679654
-145.824425195031
-34.291043104031
137.632132570121
-170.50668163217
-22.743083739177
-161.744596495085
-135.604339291351
114.000069754464
-206.1029117909
28.553293115305
-120.010925381043
18.395209770698
-187.163788414277
-36.660915094021
-33.592545150162
-139.974546666441
-29.154761904762
-190.802501860119
6.120921125316
-160.651417213429
-87.275986708604
-154.903311152823
14.906086534993
-142.780553159948
-119.905725784632
-166.60264122813
-179.337023274035
-32.019668645157
-115.314844877345
-151.237386420004
12.41132516572
-98.381411069399
29.544184168696
11.724489594607
-28.179493737599
-32.685876623377
-90.591532653544
17.510281385281
-107.249546595982
-139.775523088023
-193.169364543876
-83.62222461783
-100.957681587076
-164.174054298566
-167.768939393939
-193.34918591608
-152.934987430105
-94.674775799288
-33.811605874594
-0.220987779582
-101.337760275749
19.930452685335
141.214035584641
4.47133302895
-184.856589048972
-32.652334590323
2.035095655213
-83.065105223552
-35.933261183261
-155.825958384064
-103.053849741838
-106.376623376623
-184.6096061057
28.839937460543
-151.424956174468
-195.481601731602
-1.569173881674
-104.33858464669
-128.428190245085
-196.267406204906
-136.128947820842
-204.300443046537
-133.419810549693
-201.103736161842
-131.352793419688
114.815898944805
-179.331447144435
-41.238283363772
-195.352162106557
-157.16159572849
-36.202942511048
-25.840700532107
-47.960497835498
-35.586211585723
21.73852574292
-42.332812640918
-197.054022366522
-180.666638483045
-35.909028905123
-40.861992553887
-108.690656565657
-75.321428571429
-38.365419682314
-36.01569510676
0.323260506854
-34.433441558442
-91.908980288375
-159.217545150162
-56.418998861382
-157.446621629239
-56.471652913059
-34.501332380727
-194.356351601957
-162.820359002976
-81.695243450126
-184.441135687229
-4.687801212459
-157.61744467555
-152.815115440115
-160.912600474612
-97.92442526549
-96.63264551204
-44.455027042185
-164.705738326344
-114.174500304383
-99.804756549874
-41.447760952155
-87.185355930961
-32.515602453102
-203.495941558442
-30.113829421447
-31.961572336084
-87.479187099793
-86.582222898629
-204.699224386724
-39.078733766234
-37.33187764926
-94.391684704185
-170.924533420139
-151.834784085272
-151.123224431818
12.649420403815
-168.932748241342
-162.863636363636
-37.857843924738
-89.101543476055
-27.484487734488
-33.991993737599
-35.14202502142
60.744408369408
-53.772747705853
-38.623134244228
-29.539149164637
-136.259928385417
-38.952909395292
108.928571428571
-56.559003117109
-152.330336709731
-193.678128241117
-32.276863219246
-32.279950030438
-36.875631313131
16.073111485953
-201.97591991342
-97.88673213722
-36.126450751939
-62.980962667974
-197.084214776109
45.280413651019
-40.754522062139
-204.201020388032
-107.502783132666
-189.098603219697
-194.201007705402
-29.500278313267
-169.839375901876
-107.088321834416
-163.448863636364
102.942751313357
-41.853525136972
-144.855241167253
104.095591095103
113.019220173273
-63.565226060832
111.011892079275
49.837592583198
-198.172438672439
-28.137383883478
-107.462925149937
-34.22532946654
-201.064566564078
-155.315816507711
-189.359938672439
-77.846771284271
-237.218163780664
99.228164386612
15.679223174829
-47.048979611968
111.738808988321
-38.535373968479
-168.848603219697
-161.061056998557
95.352710982594
-115.619506307495
-142.956807894796
-101.253795629284
-180.044462481962
-190.713654401154
-93.248015873016
-36.488566609172
-36.197448818543
-193.35760154559
-160.794031977137
-186.860487548476
-37.731212797619
-34.732212611607
-84.448252756358
5.335740214646
-153.064386188898
141.187131499143
-32.796917980023
8.897005772006
-134.691295629284
25.074512916554
-34.398301514024
-189.976288414277
-34.30554780506
-68.486554298566
-23.932970187365
-36.125734183351
-167.668893172799
110.692648443137
-189.401146650658
-159.395542337437
-30.406946840052
8.299142020089
-80.164834731241
-79.889958457341
112.758034446023
-88.223637040043
-52.987734487734
-32.442883071789
-38.233052483541
-115.650605525117
-92.827491573097
-179.05476430037
-94.684523809524
3.565295815296
-165.618846810741
-12.335768398268
-146.598033910534
-28.069635036188
110.322160288713
-26.62023274035
-23.862185611697
-132.98287210836
-97.194735440341
-39.321691383703
-166.061056998557
-101.417315946857
-48.71617965368
-155.451180330087
-31.191298095351
-33.596570475965
-193.854630287247
-100.802205932089
-93.939123376623
21.004519596072
-23.031385281385
-98.503496882891
-150.869766653702
-47.696268629374
-54.130042754554
-154.496580622069
-43.434954314349
-175.339834590323
-213.186257806863
-150.079537704049
-78.091901154401
-59.827130822736
-151.675865800866
-38.215826653815
-49.573482452877
-35.673020664232
12.079365079365
-24.679903809298
-190.54634867086
-37.155400968389
18.594586348981
-96.090450402462
-194.860278989674
-30.075639204545
132.723567285579
-199.267504142992
-45.576507260101
-25.741530117018
-36.785562094156
-50.711732278139
-43.636175510687
-79.025432900433
-84.920524299919
-79.142163825758
61.377708093773
107.866321558216
-26.457619583108
-28.96932846884
-163.29024409835
-100.556457431457
-30.337461529356
-25.84786128585
140.64411976912
14.917380416892
-176.155241026335
-187.880493692505
-150.351440605835
-143.698863636364
-34.437327375316
-172.200409508027
-37.201672134289
-176.828373015873
-138.264151701163
-93.328110203598
-87.872925685426
-112.192107317596
24.321248196248
-38.0815168989
-162.922077922078
110.955256738704
-33.103818598936
-102.707820391414
-51.405586275703
-120.195506262401
-144.172807173295
-19.754058441558
5.505323533888
-4.625651746257
-177.750701067596
114.974649536661
-25.557361773426
-39.059626679744
-31.870843620355
5.93072818024
-190.019861702967
-99.392496392496
-33.679383116883
-91.221508471997
-177.176316738817
-177.812020878427
-167.267669017181
-149.982586044598
-164.603437415449
-25.695449190566
-93.967068846952
-186.46340427151
-35.147797027192
-111.022394705988
-191.026051530934
-19.970431153048
-177.081328773223
-86.690844691333
56.506712281859
-80.981331168831
-210.239525556908
-140.776773031656
139.349749940814
-160.745480403928
-36.352994227994
105.713724155619
-115.005132942145
-39.818722943723
-37.557441744453
-39.149342898855
-88.635732323232
-200.276806147412
-124.879238816739
-38.301234301723
-50.950345037992
-44.07196969697
138.201306451795
57.699976537135
-36.701035889024
-191.448211890106
-41.418581039187
-183.188770376759
-173.85073953824
-38.750250129645
-181.285373968479
18.041687099793
-48.569985569986
-83.229416796311
-36.794011544012
-22.454643392632
9.081431643443
-38.830066146961
-176.961969020563
-95.676046176046
-36.937402061914
-36.148538961039
-30.966457966946
-42.131411069399
14.983122238005
-85.990821298927
-118.217712842713
-139.565656565657
-165.317841500947
-87.765770145653
-129.604437229437
-205.47262419113
-170.814226246843
-107.586830216225
-30.708784271284
138.617573967916
-30.973484848485
-40.096861471861
-93.589626031521
105.109459550866
137.156233089827
-147.527945470328
-46.328012265512
-78.495289812184
-204.959145021645
-39.467602221997
-33.756313131313
-94.217970722854
-174.64717839669
55.379066192054
-157.337770492311
12.971150187703
-35.4653059614
-170.149891774892
-186.816566192054
-203.851842222448
-173.234377113772
-31.2327946034
-30.905823722718
-38.406385281385
-158.355872480384
40.114205672799
-198.349747474747
-158.849669969787
17.210850835363
-198.08667027417
138.819552599094
-178.336407461896
-108.970598845599
-38.391963017451
-32.814553881448
-40.616071428571
8.411997345103
-200.993063306052
-35.868424056412
32.173618861607
-31.009719826614
-30.790682353671
-87.196075571564
-140.728326794733
-173.306248872655
-131.696518759019
-179.739989177489
-158.404408904897
-161.024059653454
-164.568542568543
-155.571977447466
-34.991071428571
92.183163245175
5.713183030078
-32.316127936733
-147.277118281025
-12.394181773088
-200.88961038961
-95.029929597312
-179.231130360525
-193.171266233766
-195.083320650703
-37.275092583198
-120.308232999639
-33.036525974026
-106.347685842803
-125.418851601957
-76.534832842938
8.372216867334
-198.583956895969
-171.279110158505
-143.161263161751
-80.574868382486
-37.117625050731
-103.255702251308
-195.103437415449
28.28754622114
-42.822858890242
4.774531024531
-189.263175138663
-117.266594516595
-184.508047128653
-92.816821253833
-32.677226365215
-76.697801818407
-26.731081039187
-155.533369408369
-37.497564935065
-184.266955266955
103.714255064597
-26.880488760372
-90.694874949269
-184.931457431457
-60.153138528139
-154.694686823593
-34.722660477543
-165.4809831011
3.712211399711
-30.780143088249
-93.094689219201
-35.335657777552
-32.056374994363
-170.113455988456
-86.79538479099
-120.789702972808
-33.594508844021
-174.838023088023
42.518287647682
-154.630140692641
-36.00547325938
-33.161155007102
-41.789141414141
-203.361755106872
-85.976911976912
-159.876713564214
-95.297160359172
-166.876553622159
-42.963293650794
-27.020304890422
-83.301406926407
-100.199474516369
-23.219336219336
-33.721848789232
-42.650232092127
-150.220848975244
-37.271276520788
-192.202483822601
-180.672709235209
-76.289883347989
90.925206304113
-124.980519480519
-95.257277011183
-153.191017316017
-99.320276565882
-29.717831213925
-44.627442815431
-43.991251803752
-129.188332121438
-34.724464229347
-45.71427796379
-157.511752570346
-32.16123497813
-36.758748196248
-118.345779220779
-161.035263347763
19.219356652462
-146.381042568543
-95.455364893353
-173.226489222583
45.717163966676
-159.679210492199
-2.720616812658
-150.760830261319
-20.320985383974
-61.311056998557
-73.348845598846
-97.00650125699
-28.457874644886
-43.247827747339
-159.571706884695
0.821137575532
108.460505585994
-30.237012987013
-78.330287388393
111.274360865914
-34.31746031746
-171.509359076254
105.23384867086
174.484395080831
-55.73086754825
109.464035584641
-168.748807128202
-192.87985744724
-31.506261343908
-198.700203767587
-22.746763463316
-164.367937184343
-33.317911255411
-32.415924732819
16.390221269616
131.531217588835
-25.283660404266
-83.293761414367
-90.691045499639
-150.593253968254
-74.397248151154
-186.037358095464
-167.512203508297
-197.368235930736
-111.119380185786
-172.538973721591
85.301386493281
-34.072039451434
-120.972054529672
-37.682429061824
14.875172624684
-165.57874151673
-166.216171903184
-26.470779220779
-161.226293346411
3.423330331778
-179.867506679518
-139.921346204793
-37.593594285489
-196.961822465729
-129.505431688537
112.322268443362
-2.111008240891
-151.630491226438
75.248827561328
48.958230463113
-107.265942770337
-96.358057415675
-87.323149886138
6.933539496528
-166.713847458965
-34.759858630952
-33.393328513934
134.372626939033
-174.933253432765
-177.257818136724
-148.951388888889
-61.722142251195
-197.546438858451
-116.414399294282
16.965728715729
-195.941135687229
-195.073953823954
-32.355679422574
-193.536788786301
-170.396812714196
-147.338105525117
-187.772797027192
-173.278118095013
-148.468406159812
-120.75984312996
-38.988698367605
-173.575098079004
-26.894841269841
169.598033910534
-181.542748917749
-141.64908008658
-160.904581529582
-166.595328282828
-200.311889119995
-165.052336985931
-24.776775497723
-37.512417703824
-159.302689985795
-124.095418470418
-199.043818486201
-186.806990806502
-176.824778194895
-179.849358540765
-92.210879018984
-83.731782106782
-141.48756186305
-191.483335728941
-133.276875901876
-38.661185656791
-162.072407952291
-143.866514616026
-194.018377835272
41.573683261183
-147.910443722944
-38.694923566017
-64.578643578644
-195.900010146104
-181.350649350649
4.763716264205
-36.770936203553
-192.844696969697
-34.424765582725
-33.688943001443
-35.774891774892
-163.555756363862
7.785652281746
-146.609377113772
49.288066913555
-45.042568542569
-198.052050922168
-159.148829956935
-102.034812409812
-152.74443655303
-197.742091675685
-93.077942511048
-160.934446304564
-38.267037704049
121.639458198052
52.292019666531
-166.721951659452
-187.387716450216
-141.900100333694
-91.38395675505
9.839203277192
-178.801579551091
-30.897637085137
-165.336871082477
-189.724755225243
-67.667929292929
-33.739288109894
-37.733044733045
-35.846390100785
-81.183101241207
-91.977563723169
69.215388398494
-30.682622119634
-97.251283059389
-29.896936017541
-45.261453823954
-124.702762135868
-33.024330216225
-171.471783966901
-47.372773493867
-34.044539986923
83.976849972944
-33.367035308442
-148.601914442979
-199.64612432923
-149.99981962482
133.379218383613
-191.342171717172
-18.772616652011
-155.772979868439
-39.563610434704
-175.856593981106
-30.187672624684
-39.873909998422
-32.390074010191
-193.134642321654
-125.573121702516
-38.043297793786
-173.227453102453
-97.1491829568
-43.513770517677
-186.851363100875
-148.592344341856
-98.380841760236
-154.798247894683
-195.02895021645
-123.867493996889
62.94019787721
-70.237914862915
-179.563644255051
-35.086510332116
-161.954553205042
-146.590826653815
-184.476453288465
-157.931998556999
-165.218344155844
-168.263265326254
-157.856949799333
108.493153493642
-187.862033420139
0.963183030078
-17.275816549986
134.020493016098
-104.411546407152
40.458894892
-139.755761789209
-33.094805124346
-185.359577922078
139.444472628066
-147.554723434118
-22.944972887356
-34.487804242199
-44.784709539592
75.050587487599
-136.605241167253
-99.118055555556
-86.156011848395
-150.597771098259
-93.938824630231
-161.9761002886
-160.132395382395
-138.932261369273
-42.161348064913
-186.19974507914
-179.921995484984
-185.982413419913
18.308642366748
-41.725115975604
-199.426595052083
-203.690586811192
133.887466320572
-186.808732554338
-181.210337893443
-29.045995670996
-83.492272050866
-201.662971441536
-36.931650489268
-35.834928526335
-44.61822818024
-192.801226551227
-39.74722461783
-189.312852999865
-152.451832076344
-35.254316321699
114.343045409452
-51.621462250857
-37.732392986788
-95.910423289818
-0.071067821068
115.541014920409
56.413870851371
-28.824342757937
-84.550505050505
-76.067923938041
-178.541687099793
9.322760952155
-122.825126262626
-107.730761859668
-0.009490130096
-74.127795815296
-154.237734487734
-28.603174603175
104.937028628923
-32.381292698187
-116.970591095103
-28.078262395157
105.307281802399
-28.644558024441
-39.745761183261
-37.446781571293
115.066269911729
92.610930735931
-29.349288786301
-79.73270441581
4.151056463068
-154.467442279942
-169.28536128585
-39.060044501939
-170.000819438808
-132.968627401245
-38.767738771645
-179.645312640918
-173.391303520698
-41.248366406814
-42.367707487825
-187.554292929293
-41.190684749278
148.306519435426
-113.793643043155
5.229519666531
-174.399871341766
-164.588023088023
-147.471513404131
-109.348817415224
-185.523255715639
-79.222500535489
-27.78573471884
11.778870245423
-28.943480564574
-180.368686868687
-49.142885326479
-109.061958874459
-32.996745496257
-88.314692685786
-179.204344646239
-138.748757806863
-70.008670691288
23.957985265602
-1.88935250947
-37.410546593164
-143.893107272502
-161.988298512468
-170.018496206484
221.633650258162
-185.382998511905
-153.558912929518
-87.53383302895
-2.02120183419
46.393759018759
29.862193362193
-156.865429898877
-36.43054780506
-187.703373015873
-37.097062280168
-178.246655308667
-155.255431688537
-193.256841574224
-176.420704675099
-164.259629639024
-89.22897854099
-87.034980102363
-190.056367243867
-116.952553577065
-31.076832076344
-170.912407416802
-158.354076479076
-44.486992553887
-30.94888406949
-29.582091140197
-177.393586394075
-183.275613275613
2.890171948277
-134.844787157287
-167.289120981016
-203.24503968254
-93.385642135642
22.039218919102
159.275541055082
-191.470689033189
-46.772969651876
-36.366050995446
-26.666097357504
-199.558539496528
144.029292999752
-36.72688379329
-78.299706044823
-184.069694574089
-155.94713738952
-159.502736277394
-157.438680189168
-192.883047128653
138.064141343682
-160.528527462121
-100.949695757801
109.122745310245
-171.355048109443
-137.632944258433
48.092261904762
0.089716219111
-193.782099031611
-37.466880721275
-9.667259579613
20.050976421582
-40.661095469201
-179.043720548115
136.753947820842
-116.757866753472
-25.44497781949
-91.219529277146
-32.80945405506
-189.111721991116
-131.627914186508
20.147837893443
-189.636737069354
-53.011822324811
-179.754066192054
-29.068640506629
36.909923030528
-155.286874041757
-202.580357142857
-190.288157101145
-152.93453156002
-201.202769886364
41.272608901515
-205.726901760349
-147.267607013212
-134.22132034632
-169.334242959731
-139.422430921943
-37.997502931097
9.279228529717
-125.468965252412
-32.431457431457
-36.002455498061
-65.528532394255
-176.147706839601
-36.426468930375
-156.941648629149
-193.68272005772
-101.119318181818
-86.141955266955
-102.654934529446
-168.245470187365
-40.399531024531
-134.81100309738
-157.742957617469
-31.236574731692
-91.761162828057
-45.453914141414
84.662816783911
-47.508116883117
-33.991174298791
43.724386724387
-156.258998325893
-148.308601500496
-137.833505958018
-156.414682539683
-76.154980680127
-28.704172021555
138.181555369544
-198.138986826975
-94.894009148404
-38.46637271149
-26.57694269706
107.505952380952
-153.453852137446
-33.974567099567
-147.400412467307
-35.443341760236
-91.502948006854
-161.468877530889
-201.455274705763
-28.614185239674
-167.748556998557
-159.184052438447
-130.991682308577
-105.07224025974
-31.06936200735
-97.987914862915
-149.699502699991
147.555114834168
-126.009026509515
-144.929280246663
-192.51061395202
-39.660992598981
43.481060606061
-161.963757271374
-138.391156261273
-29.476579410173
-202.007194574089
-99.095495975379
-177.723963970058
-183.557006307495
-2.425033679428
-157.04416373557
-202.730429292929
-163.753599753111
-96.438749943633
-32.067029812635
-179.88255532445
-31.375894125406
-89.788267721861
-41.821699134199
-151.674430549919
9.466352278364
-26.246364312771
-137.146266304225
-169.776883652372
-41.761245265152
-29.595516408505
-199.435064935065
-27.296729854347
-59.920176232188
-98.538309292704
-148.313590001578
-28.003587070482
-178.780511589105
-35.732954545455
-35.406135151741
148.111943232549
-158.639077014565
-171.148907461896
142.089996998444
-189.812311874324
138.656397964015
-163.030380535263
-87.719717402823
-185.919725294237
-97.509371758883
-171.897186147186
-35.513798701299
-189.027519897637
-75.255674067686
-182.151584905979
-115.261080390963
-191.440025252525
-35.649330216225
-40.705557951163
-33.492722988817
-194.927579365079
-34.630341500947
-31.145660708649
-165.234848484848
-206.092151284046
-136.953262395157
-194.930084184479
-36.462121212121
-19.592424312883
-100.122564935065
-33.555256809163
-213.924783549784
-39.650350463339
-188.166596912202
17.515429828418
100.420572916667
-95.83314274159
-163.945506262401
-191.317282408347
-109.184142626037
8.866514616026
6.423709049197
-170.699876132982
-30.854519666531
-102.458044803504
-27.777777777778
-155.752893753382
-207.691836754825
108.051427359533
-33.759088513483
-43.453192640693
-118.982472957815
-158.834513522502
-74.504968067956
-148.741952871347
-29.681637806638
-95.675262671356
-156.700868196474
-181.130140692641
-49.063935250947
-158.746552438447
-38.012564258658
-40.859286926181
-40.028983332206
-117.716262090774
-48.2653938943
21.977896289908
-177.421369103986
-147.949507632125
-184.015568985051
109.26920995671
-32.633276825171
-125.704184704185
-51.482480708311
-32.544892986788
30.245843620355
-142.66169859871
-184.331246336129
-33.438492063492
-34.79547497858
-161.62490981241
142.182289552895
-122.117674372069
-33.970779220779
-187.509928385417
-28.031836219336
-39.827432739786
-91.350190662202
-95.724394474883
-164.113005050505
-173.282557720058
-138.428022552534
-169.284549597538
-32.556921052038
-90.809516059028
-36.67028192077
-174.432622119634
-147.941628196023
18.258575571564
-202.568640506629
-32.914502164502
-162.114275427264
-174.132047314664
-189.138139204545
-43.342810780799
-35.369518990124
-164.726530793425
-162.904852092352
-95.930617559524
-35.384567635056
-138.152409276921
-33.987103174603
-165.985312105429
46.218516780528
10.814185380592
-107.479006724612
-50.698953823954
-5.866001674107
-119.024731832837
-155.546426175821
-179.344508844021
-148.618957431457
110.489360330425
-110.309425871438
-27.541596912202
-165.441669062275
-183.687778313267
-92.912530720148
-180.464466089466
-179.178293115305
-159.705730575848
-30.361840362329
-37.991875366387
-168.293019480519
-167.262183075171
-152.86064749053
-34.679645929158
-103.123938182044
5.183523995536
-195.085399897412
-87.939296001308
-42.128599753111
10.495500837054
-48.406114718615
-97.050865800866
-191.430563306052
-1.801296305691
-174.600559163059
-33.499760086918
4.107052669553
8.504336754825
-28.601981731376
-84.226852439011
-196.968426592938
-117.803932178932
-227.351571659677
-201.36536261048
-166.671704489087
-82.964826839827
-113.181277056277
-97.547972047484
2.112984617379
-199.507998511905
-201.001996809614
-183.489357864358
-160.719787157287
-37.332119323819
138.156627660534
-64.974567099567
-42.182609437004
114.390775077787
-172.085075081169
-144.603437415449
-201.764097447691
-157.436430431548
-175.261696203102
-40.301414676903
-195.515251919305
-199.375701067596
-36.625582344088
-89.731323418335
-32.508034446023
-102.67783724522
-158.134567635056
-90.196699134199
-40.535090723079
98.000953663307
-30.572889539931
-34.022124143218
-147.640339640828
-0.763089883207
-201.954387978558
-208.818782481624
-28.217429597312
48.013798701299
-190.551525297619
-106.531926406926
-18.300242238231
-26.932501282355
-157.942558255546
-96.99304780506
16.162968975469
-201.398538961039
-176.649440836941
-156.420183982684
-172.871392496392
-28.147005772006
-94.083616578734
-140.530934343434
-115.426427359533
152.856622164728
-191.896482613524
-182.12997300009
-38.945514012897
-34.870302494814
-86.440684749278
105.372183751578
3.42777242289
-26.294823232323
106.477453102453
-158.669913419913
-185.024680750023
-160.488906926407
-33.617722988817
-26.978777732684
-43.01452020202
7.41151822353
106.018488455988
-34.373917748918
-154.515151515152
-174.859737864132
-152.433441558442
-140.539509914998
-33.754426942415
18.406957056615
-165.614726365215
-30.455996206484
107.44418163217
-169.290162013551
-165.667941975559
-165.781052714646
-152.272175930623
-33.768308080808
-211.227543290043
-63.232052669553
-35.464994532377
-2.491509683892
-164.140782828283
110.847771098259
-29.593975468975
-83.182178932179
27.42028192077
-32.648636899125
-86.599554416937
-163.034369222358
-35.730949985345
-17.366341991342
-93.2886002886
-190.866764745671
25.609417980023
-28.562848067731
-32.173721731827
109.052301051813
-35.612845108451
-29.581988269977
-168.262536075036
-210.260551948052
-137.418137851732
-162.31153612013
-191.588125958243
-89.59117965368
67.530024717036
-181.887175324675
-84.356581298476
-136.61840855542
-32.554019900455
-97.247294372294
-76.86381427275
-84.818632756133
-130.291506724612
-185.324044011544
-1.008670691288
33.654110158505
-159.747642440025
-173.736484544102
-80.027334590323
-195.719516594517
1.868797489403
-28.61562049062
-178.485487548476
-96.21645021645
-41.013958643353
-184.943460131448
138.973224502277
-81.676414676903
-36.599456478851
-192.654782337888
8.347833102228
-38.535997531115
-181.637543825532
-132.911263161751
-180.478097098214
-163.903138528139
-67.462404457522
135.188321904875
-162.360131730249
-176.32215007215
-157.882763883252
-169.593766910173
-155.142955080943
-203.301948051948
-62.583977329095
-38.02112432923
10.481691919192
-30.385363822376
-93.656898223304
-146.63150125699
115.760121443227
-32.504808125902
-100.524981962482
-147.588141459235
-85.950847763348
-142.737824675325
-11.318104313222
-200.426878297484
9.005481009876
-163.472881718976
-99.777437460543
-39.118797489403
-35.441898758793
-29.790481545364
-296.775883838384
73.151146650658
-208.438492063492
-77.196809754915
-161.864280359398
-35.091262090774
-200.252615440115
-175.783008658009
-68.641844646239
-162.10597041847
-88.51990327381
-152.791556045951
-151.368686868687
-95.556256623151
-39.711219336219
-38.030413651019
-160.635711890106
-98.867604617605
-39.912345412834
-139.459686147186
-36.955557951163
-172.966019711625
-29.529481125428
51.340267561215
-33.45203288465
-187.751401782896
9.141504329004
-147.694153448548
-52.38914676903
-97.024801587302
-31.518648398043
-30.951028138528
-115.335776148764
-189.554772050866
-34.645214702832
-37.022719522231
-85.878689940702
-40.572593259605
108.043552855565
-88.632575757576
-95.740522552534
-35.038167317708
-169.235742610254
-37.558864312771
13.149999929541
2.954756479415
-33.109570171582
95.691999162946
-178.997495180601
-140.455980705492
-31.360049293155
-30.950098079004
-141.951035889024
-31.324126448638
-105.646173650568
-153.105539913645
-51.907307590413
-27.273358585859
-156.175886233992
24.338412022006
-44.752447747565
-172.102071918966
-50.701028138528
26.349657287157
-172.609299608811
-36.187249870355
-125.291937229437
-192.08161976912
-198.259268888663
-30.252615440115
-33.112020737509
-161.49044011544
-98.960034214917
-36.825319320437
-32.604617604618
-37.747474747475
-35.364999394052
-103.194526881539
-157.798139740034
-34.659279034767
-111.603805916306
-32.41082490643
-154.772735023223
-138.635392005997
20.457444140061
-38.959956709957
-176.622626939033
-72.505591630592
-181.869769119769
-30.841638342127
-132.8357063943
-40.65882034632
-78.446941513348
-153.152295837843
-78.161809219426
-166.497987689394
-151.487935296041
-88.667929292929
-26.795655353761
-167.428584111201
-93.908201715819
140.006222943723
-33.602813852814
-105.181898152845
-70.548701298701
-183.149518341901
-83.583874458874
-40.497946118552
-41.7998941705
-157.237353304248
-29.752234256629
-176.723116347628
-113.307171181683
36.729009190679
-147.986812178707
-154.05313317325
-37.490099798205
-127.499680468186
107.500471371077
-185.653671903184
-95.210546804541
101.369596495085
-115.998106060606
-27.586031210543
-93.862345553752
-143.358593609082
-154.065774936869
-164.769021831034
-207.636265698277
-203.806289738907
-26.821480358834
106.343003838609
34.039089626736
-82.492604617605
-90.825855513844
-32.639811197917
-5.468885281385
-42.164489481872
-161.484217171717
-200.15473372114
2.925134083581
-36.957521645022
-175.97866394131
51.922729668335
-194.110139480745
-98.397629334641
-169.099497345103
103.663961038961
10.92028192077
15.302336985931
68.486471861472
-168.627808497926
-75.109868917974
-188.159008471997
94.918261859668
-89.050873551362
-69.326661917726
-1.895021645022
11.700515196609
-160.894931457431
11.848587718705
-79.963015337527
-190.167207792208
-176.245490620491
-148.260544197556
-172.386191011679
-87.613074804969
-139.351378601867
-98.768189709596
-34.70462789164
14.480346855835
-178.55066499256
79.605421542433
-173.967790347673
-127.769660894661
-36.496059929654
-144.228257040269
-187.828893708288
-31.336559653454
-33.60588023088
-176.128066378066
-39.671724922213
-30.514492018398
-79.793462667974
-128.029573779086
-38.355872480384
-28.98252404063
-140.309245496257
-157.1482063943
-41.777785528274
-171.877533003021
-120.502545685651
-28.918671226777
-204.615189985795
-39.433433807946
-29.265870549806
106.788417447353
-168.467552900658
-31.970147907648
-28.246585554203
-34.038036263866
-160.448240073728
-164.983856421356
-37.703561141549
4.035286246956
55.145104082116
-207.161997345103
110.753878066378
-149.353633291622
-198.133289507801
-119.5836116466
-33.529754154266
-159.13472757711
-155.968885281385
-158.280831473214
-146.852994227994
-155.716548154536
9.423804168921
-14.278208282603
-192.901306592713
-54.895361962256
-44.600268167163
-166.828914141414
-106.971570475965
-156.951507260101
-133.391261949856
22.646704559546
-51.950298887311
-129.867957617469
-28.730408859803
-195.99304780506
-38.222876434546
-27.390422077922
-192.829537704049
-34.286165223665
-99.74740499301
25.96636002886
-26.449023578418
-26.549262857368
-34.510211630817
-38.540105294012
-90.232485640445
-184.361033606151
102.803393519458
-80.236992553887
-116.903499278499
145.530723318565
-143.116424428436
-83.16438379329
-181.915522411616
-33.516872829861
-86.121129684118
2.393849206349
72.894488269977
-153.720199695053
-162.796995484984
-158.21826171875
-154.902708023314
-178.317620259515
-28.123887099229
-82.604194850289
-30.443009193497
-78.887536075036
-167.79146585836
-159.816849437455
-108.590909090909
-157.48538961039
8.258026695527
103.687520433126
-38.776806147412
-193.938131313131
-146.295712425595
-150.159348789232
-33.270099149982
-158.573683261183
157.345067936621
-181.145743145743
108.85370797822
-169.16072203621
-175.791596912202
-194.422008167614
-81.007956941062
-150.432792278251
-30.260191197691
-201.522366522367
-169.110126798115
-201.996392496393
-198.16323953824
-96.094496161391
-88.149087837076
-38.327589511183
-192.45461520901
-98.391426824044
-91.658521599928
-132.889589956484
-152.62987012987
-70.669733044733
-99.871871617965
-145.528298470193
4.531586089692
-154.792658730159
-38.735098614493
-102.721652913059
-156.784750405844
-39.908910533911
-160.468815526921
-161.87489712978
-91.305112368101
-78.626172438672
-31.585567589962
26.686958874459
-142.463023088023
-147.587389308825
-198.847229972718
23.485510447669
-76.984930921943
-35.606691919192
-109.855341571406
-38.238788555195
-87.508387445887
-26.501254875767
-170.008755946744
-110.033279220779
-30.259289321789
-145.66332972583
95.95509679665
8.862401920996
-27.655241026335
-149.374731903296
30.271735209235
-140.666305916306
-98.779573779086
-139.983134920635
-81.825298887311
-196.02950930905
-32.573482452877
-3.477174789187
-33.087662337662
-167.094446840052
-40.37718493529
-160.091081715593
-199.561216940611
-36.429362683757
135.161075036075
-65.974324720418
-72.540223665224
-177.009387259876
-163.108315295815
-25.28938379329
-179.916153724747
-55.190087256494
21.671619233631
-87.504135946519
-24.279749222132
-143.937811781318
-136.965195340684
-30.841901154401
-35.449286390693
-196.64428746167
-114.616182049288
-155.444707256719
-166.170536982549
-165.46931578621
8.937950937951
-210.3541642006
-76.360840548341
-158.580545268534
-147.4329004329
-28.10264122813
-31.56231962482
-101.104256854257
-161.951597447691
-118.675214054609
-45.280962527056
-171.616694991207
-33.686688311688
-40.303779987374
-191.703463203463
-165.642336450442
-83.329725829726
-162.018947144435
-202.216913837031
-145.892408670973
-182.410340852724
-193.171959550866
-138.589806406701
4.264319393714
-100.890782828283
-82.553481240981
-164.510922914976
-196.361111111111
-86.384178701073
-202.836940836941
-163.971779034767
-39.817009379509
0.79519173318
-41.033266538149
-114.965847086941
-32.044733044733
-185.288517851506
-173.255251313357
-169.6877832454
-203.809163059163
-29.778220965233
-173.519681327787
-170.089917027417
-35.0625
-153.43002218051
-159.643127705628
-161.42804298566
-36.514700577201
51.951206047642
-99.830460013077
-98.847464601371
-114.814664502165
-161.59327440138
-101.379579133974
-174.216929338023
-181.554896058802
-185.321601196113
-122.006854256854
139.726752034858
-195.399829770924
-102.249757620851
107.06268037518
45.726633663645
-91.763084951073
-100.919294789412
-189.936147186147
-176.616694991207
-148.5480826682
-32.948753015648
-31.13474025974
-141.538079596185
32.626020247114
-147.905586275703
-196.399142090548
101.325229132846
-185.971681096681
-179.260399756494
-161.505862193362
-191.915654170049
-177.64125419936
-18.610642206101
40.359590604708
-33.322871572872
-88.618436739042
-176.260642135642
-44.755661385056
-33.764159451659
-170.088842526831
20.947791601844
-29.560876623377
-188.039752294147
-37.804305611923
-33.512175324675
-180.657307590413
8.054272496167
-92.535185842803
-121.447248010236
-37.814664502165
-177.375
-202.651522902011
-200.017045454546
-144.140790578779
-150.19054594494
-94.902409276921
-33.229096912202
-25.529068587662
-142.335776148764
-27.324953637942
15.34145021645
-152.978354978355
-173.212301587302
-174.280934343434
7.289862914863
-35.172139926046
-182.299693362193
-147.246565121077
-94.627066564078
-179.512536075036
-198.167285297168
-36.000639063627
-36.67506186305
-195.801399175911
-66.489718614719
-188.853254574202
-188.016316203328
17.599685470779
-202.016213333108
22.807447028883
-101.058614183126
-32.097582972583
-33.78363997114
-36.161976911977
-35.973923103806
88.27217839669
-133.686569940476
5.502432598868
18.349907416802
-24.815226060832
139.537448283054
-35.787427849928
-132.563303937816
-39.344163594652
-171.59116697105
-92.569153448548
-94.611391890445
-159.824933204816
-148.708436203553
-162.10875848327
-156.574036261048
-36.207604082116
-162.47332490643
-188.793740981241
-80.426046176046
-87.565767186373
-205.969676536571
-176.730248917749
-82.262556508162
-72.55277242289
-88.39841812376
-202.422077922078
-175.122675555781
-146.146673205267
138.397606435448
-98.568011659564
-101.480171412789
-82.992243867244
-1.864197922303
-37.245240490846
-31.969704720193
-90.032307590413
-26.500062003968
-32.143107272502
0.583140275523
-62.873196248196
-151.879148629149
-127.934443838497
-191.181297489403
-90.610196552579
-133.363296046402
-23.683962250857
-40.946088254194
8.096590909091
-93.585588023088
-179.86753486314
-37.936487503382
-186.496863867469
-179.752823998918
-99.588806592713
135.994325932314
-46.247655122655
-91.333784271284
-31.246835683847
-34.087953333559
-145.613095238095
-149.134990389385
-151.92028192077
137.330063680894
-162.365177303166
113.631112323007
-3.164973535579
-155.638991759109
-130.152216219111
-27.159152913059
-38.123286435786
-33.231503793516
-157.758755946744
11.102391098485
-199.225298816852
-52.110820115215
-151.608122238005
-29.92297979798
-115.008928571429
-28.8770947477
-181.207964832477
-33.22601010101
-157.013249825262
-172.048783735795
9.693604572511
8.653045874481
-158.448049481985
-153.669274356286
-143.897186147186
-156.743333868822
-182.430826118326
-79.913448097042
12.277174648268
-158.748737373737
-32.89707552647
-186.005882626488
-160.313845063357
-199.951360705267
-133.365981240981
-31.5459879205
-164.999719220666
-92.691045499639
-26.677025556908
-167.024178024666
43.845398037293
-121.386904761905
-31.966522436981
-152.018676581665
-169.207722453328
105.652314157197
-95.918310476416
-88.759108946609
-37.716988875924
-157.575667388167
50.652257085363
-38.128496882891
-24.156988410895
-32.107946794959
-101.292117604618
131.036343132779
-181.245011498918
-148.197503072015
45.735459364854
-31.447412884425
-153.168158637153
8.909443908956
-32.330607272502
-40.879316321699
-188.057359307359
-148.586018527913
-30.240710678211
-204.182547433036
-85.743444489538
-163.875218775365
-42.104970604482
-29.603292974387
-83.38961038961
-154.626633593186
-199.99791793493
-119.069972887356
-93.673312364719
-22.748737373737
-166.872724877119
-94.07014551204
83.92766955267
1.663530534136
-195.521825396825
-36.09623015873
24.203721083604
-39.90126502187
-96.811237373737
-51.511335452742
-39.326458643353
-37.724920099432
-88.409201529807
-180.048819669913
-90.792465672348
-172.736644486156
31.361930549919
-31.613935110029
-156.859848484848
105.853813666802
-150.863989363501
12.641081574675
50.179272496167
18.351290880344
24.23240320335
-40.333312900207
-151.738337617244
56.578442770337
-80.80132695538
109.888788484736
-88.777584719968
-134.000541125541
6.01729558419
-30.760814760326
-83.550082296176
-194.456439393939
-25.789120981016
-141.731531977137
-119.966298024892
42.103084415584
-95.070456941062
-47.204074083469
-155.269923706935
-83.942537822421
-89.681269305781
-33.063685121302
-95.084402901786
-53.135454009966
-36.300507516572
16.586281340188
-42.772637085137
-83.186056998557
-185.734479983992
-34.502254689755
-164.434704184704
142.929042799648
-191.260559698548
-181.406122469111
-26.056805499188
-109.385170764565
-36.640143764655
-103.891135828148
-165.433544428662
-30.420274170274
-1.203344832251
-43.487373737374
-181.775072150072
-210.145222453328
-175.3357063943
102.681970373377
-36.108585858586
-93.998938182044
-80.854499233405
-80.959317646329
-118.625548876037
-19.305202555691
-35.322320230767
-189.562700808306
95.979895917884
-35.970057720058
-76.966159220554
-31.095869408369
-100.771657704275
119.756024601484
-23.643828773223
157.450729392136
-30.811958874459
-163.129218383613
-188.02694565634
-41.513626076614
39.439656751668
47.164744543651
-103.434704184704
-32.573600824089
-183.24683321778
-154.704455266955
-140.059954314349
-180.458346015963
0.62769787721
-135.166048036165
-97.510634385146
-156.278249148855
-145.934642180736
-29.334047083559
-188.565393753382
-40.362997300009
-84.423693548205
103.083967112532
117.006503723056
-151.357676232188
-171.914309106692
-42.588502209596
-29.838855209461
-140.501380997475
-35.716200086806
-34.799072265625
-41.188762626263
-169.101551226551
-89.041756854257
-19.128406695301
109.671807359307
-44.339556277056
47.666205512153
-43.606629915224
-31.781676277282
-120.001615626127
-159.747016059028
-45.391233766234
-167.867846996753
-89.597763347763
-100.042006983902
-200.667027417027
7.094897778003
-174.993403623286
-155.629321253833
-85.566017316017
-38.319354256854
-162.854970604482
111.505854442866
49.515582019977
-194.871753246753
-154.045905483405
-33.177398989899
153.295176232188
130.457902828508
-33.792548109443
-121.57979558419
-187.398276148764
-94.181578268736
-155.289571918966
-159.302391239403
103.412435600424
-194.200138945256
-155.893328513934
-181.455795398178
-152.614981426993
-38.071851325758
-185.958160708649
-32.231302985209
6.224268353175
-158.641594516595
1.556655773697
-157.001881256764
-7.52388702877
87.296696738591
9.783657938199
-86.743145743146
-95.675497300009
-28.220758787653
-186.374737187725
-94.559606246618
-96.930292743281
-33.335490085002
-121.635940882035
-176.462399525388
-38.490189985795
11.936085182179
-159.793372480384
-101.149610995558
-138.594779406791
-98.780212842713
-173.199855699856
-41.501180189168
-154.694998252615
-177.871933621934
-201.239628427128
-7.613455988456
73.976272913285
-38.499737187725
-34.369336148877
-33.80102574292
-197.208235395247
-30.160415539322
-42.493666435561
-42.521575267181
115.808271399824
-2.891983450577
-32.986020923521
-177.347242655348
-149.772977402372
-12.775974025974
-21.662788600289
-36.675984172078
-179.45661976912
33.623737373737
-202.841079249526
-99.425512801001
-147.502164502164
-81.236471861472
-17.209616392722
-141.016594516594
-157.310165339218
-198.030483405483
-161.208263578869
-26.558810059298
-94.262368382486
-184.808163245175
-81.780553159948
-151.217622655123
-188.370498370987
-29.050123867018
-37.882215007215
-138.672180792298
-158.727551040539
-163.989185239674
14.704267141279
103.983044733045
-105.280511589105
-193.485541801948
-36.081509148404
-182.821518759019
-93.892955080943
-169.407557720058
-40.474219031836
-36.987386420004
-19.4613997114
-206.154942279942
-38.52676528116
-159.035263347763
-33.737275799288
106.41533428594
-31.242805425911
-172.659188847177
-94.548167923656
16.76173213722
-160.115419682314
-176.994671181683
-36.087043707161
-37.040772541261
-200.038989222583
-30.259080762987
-179.748003190386
-158.242875180375
78.677228831282
-154.253787878788
30.171820041937
-106.107426102543
-29.875430504825
-184.8336116466
-189.363517992424
-86.967823463429
-33.597783780889
-149.074404761905
-148.30562531002
18.585485152868
-195.630300634695
-40.3323592369
-154.331978053414
-99.154290533685
-28.114651326321
-31.094725153319
-157.531836219336
-184.224755225244
-162.030643347538
-242.526334776335
12.90298633658
-39.778401340413
-197.64880952381
-193.185057184569
-144.644771515377
-39.740447865936
-27.310307314214
-40.173979611968
110.940947561553
-171.740793115305
-158.895575453193
-159.199757761769
-182.1017936057
-193.130341500947
-149.140233952246
18.953823953824
41.203365265377
-162.32006800708
-175.294635106647
-28.788247288736
-26.200216450216
-154.277164431705
111.630313317325
-120.040404040404
-137.150175020292
-38.516517011634
-98.062832566739
-93.419011544012
-158.750079971027
-79.56230694219
-74.016865079365
-116.684461805556
-112.91838023088
-182.16847041847
-36.284389655483
-32.685889306006
-191.131145438763
-27.962121212121
-32.813943001443
-171.347394846907
-91.617396058802
-177.675407112419
-200.855810476416
-56.684716867334
-83.436307128202
-120.885482193588
-144.839819089331
-155.1829004329
-94.08658008658
-117.414950636386
-146.353347227859
-50.827463389475
43.349386724387
-37.283106596095
-212.270833333333
102.331431643443
-127.298783735795
-144.033251037157
-39.105150979663
-30.780212842713
-150.134900201795
-81.857475423882
-146.999265816649
-29.9241113704
-126.750110620716
-163.276133968028
-26.8770947477
4.793387981376
-94.229096912202
-198.561520619138
-189.754329004329
-51.107683982684
-157.367050809434
-29.751412351754
-167.633658008658
-117.772067775974
-29.663339942393
-35.729555600649
-167.005230880231
-151.672160359172
-151.47095959596
111.814865310471
-35.042831354843
-155.327283014295
-72.275633708739
7.751641343682
-154.014458198052
109.102252294147
-195.15892321654
-158.745580808081
-203.140782828283
-86.972132034632
-27.498203998692
-90.303182494589
-40.635904947917
-107.86812531002
-174.560253060741
-100.081349206349
-39.076097892992
-28.773059839466
-96.751893939394
-249.452749453238
-177.469877344877
45.239736581778
28.832140461535
-163.782807849702
52.647263652146
-143.336136899125
-169.72800197849
-179.877086997204
-83.012167574179
-98.301226551227
-42.186798932404
-150.486845294462
3.464203277192
-155.652777777778
10.190566378066
-34.67528627514
-162.181818181818
118.62691437252
-97.5278059614
-40.936786249775
-166.069534632035
-101.357635013641
112.4069059738
-199.256145438763
-35.978723479212
-154.096783966901
-29.46817153116
-36.937528183622
-36.38455988456
-89.721673346185
-35.625721500722
-34.747294372294
-36.004398758793
9.014790764791
-86.352994227994
-66.522394705988
-140.03841991342
-133.112992367875
-106.078893708288
-31.256325813943
-191.592705092217
-178.297807173295
-30.073490203373
-180.77876984127
-134.240357678346
-158.455024576118
21.577270331665
-34.625250129645
-37.155836405348
-90.368248613366
-152.717983405483
-179.045073361968
-84.375971630366
-58.058802308802
-38.430707747114
-141.348484848485
-42.720398037293
-182.125463620581
-137.417109854122
-193.967885467397
-105.955063680894
-93.160977097989
135.784341038736
-175.909729972718
-70.28651822353
-73.193001443001
-188.825098079004
-27.542720734127
-96.980256668245
-82.057601686508
-176.968331473214
4.801919868326
-182.437347808442
-73.639319393714
-82.265991387085
-182.392614763708
-40.573400015783
-42.451589697195
-164.814566564078
-40.098284040179
-68.936798932404
-34.418841385394
-139.046335988231
-26.864568889227
-36.172361167478
-192.034021154627
-158.847472351867
7.335487618935
-197.548603360615
-195.672861426768
0.704553205041
-150.906447285354
-153.455287388393
-191.020194269706
-120.872835497836
-159.210768398268
110.871583088136
-156.539329539818
-199.154594212211
-160.258214821203
-87.822317764701
-158.56087415731
41.94122587482
-112.515602453102
-68.608114487509
-111.570609132621
-160.885003072015
-15.105998602092
84.164141414141
-106.394217707206
139.350087791982
-181.453282828283
-146.96645021645
-42.271194083694
-153.613558858676
-97.874376437365
-105.702373201885
-104.974366291261
-159.809363867469
48.828373015873
-88.420266419778
49.750881442776
-35.95471807923
-196.36144367785
-64.916416537022
104.068653189259
-45.72717232312
-164.454816017316
-82.053300865801
-197.870941558442
-39.366821112915
-28.07673695662
-35.733946608947
-191.806374994363
-26.671619233631
-195.085580272592
-181.739816552805
-32.916563796447
-153.023165528048
-193.730339105339
-89.261293881899
-3.687667692551
-44.083325582837
11.872446563853
-197.22106246618
-79.723775844381
-29.423969395405
-154.901056463068
-161.987824675325
-152.48269173318
-22.247466996979
-149.37174303019
-178.27685546875
-83.053939929428
-191.688672438672
12.151873435809
-29.18760287022
-196.965375715864
-168.012355699856
-176.336330309231
7.186224691108
-31.580269421334
-55.210670460182
-48.536054602949
-166.9356884977
80.610770793876
-165.725468975469
-157.656475468975
-71.124098124098
101.434315250721
-34.639790764791
-185.61744467555
-131.302107994003
22.128156565657
-46.209856305804
105.395794933148
-27.83954852656
-152.828852137446
-139.482024485931
-31.166215728716
-154.032106782107
-20.943083880096
-42.040494227994
-26.721972092578
-42.084235209235
-36.709327862892
-154.998556998557
-177.891872829861
-82.83170995671
-199.839375901876
-26.736590232684
169.546709421221
-173.60264122813
-15.973472165855
-93.775064399576
-36.246951588993
-71.945867012762
-145.877357559975
-149.357581112464
-191.242542613636
201.400502654897
-196.896923334912
-183.416859724477
57.604166666667
-194.233147603265
-97.680978309885
-167.42602574292
-78.015033143939
-81.722840852724
-199.313409626398
-184.769001397908
-35.214007401019
-184.152674907558
-29.438793275951
-36.542207792208
-160.384359076254
10.869658499053
-81.853354978355
7.199095798949
-100.039940419823
-189.038670043065
-92.399000115553
-142.367334054834
-95.804715683622
-40.638700763212
-97.535624098124
-144.888979076479
-170.715540590052
10.280303030303
-180.630498976935
-77.716159220554
-157.521575267181
102.259088513483
13.296075642023
-46.322613692731
-42.858676046176
-162.850897014227
-155.385469510958
-32.649719150207
8.052481426993
-150.801218800731
-32.69199669688
-145.293823418335
-209.137587510146
-170.03851010101
-30.127234256629
7.44933500744
-33.213092842487
-31.728715728716
-46.568534818047
-81.693911069399
-62.613185425685
-97.195075757576
-97.544274356286
-40.457091140197
-156.193449914885
16.678491457544
-151.973304473304
-33.353264790765
-187.992076174693
-31.730351787969
-195.746552438447
-82.655282597177
15.975185730069
118.006575943588
-201.572663014069
-102.292357517699
-80.218635151741
-27.206640202246
-168.477071918966
-170.389167202155
-33.731503793516
-144.573773448773
-38.784799727183
-139.316656379645
-183.941620445527
-42.130161125767
-158.422368917974
-36.837842712843
-38.600649350649
-29.770410579004
10.57347998681
-101.848505281611
-202.155643347538
-87.961700923859
105.369671181683
-160.050046362058
-200.614836985931
-200.5483585154
-157.494408369408
-158.204295324901
109.105269350875
-40.960206839601
-89.85761422822
-181.425512801001
15.235021109533
112.223103664998
-38.068810665246
-148.170603918651
-78.69914194963
-83.562069495175
-144.457781991229
53.549783549784
-36.600497159091
-99.793089234984
-159.299672929067
-100.822954009966
5.343246217758
-172.842913651019
-100.595848975244
-42.076115860051
108.1941943148
-162.922778989674
-98.96148989899
-54.960428081034
-27.49809831011
-96.436577690972
-84.231343851461
-34.972312409812
26.530403434456
-173.142869825487
-42.482225294237
-193.294635106647
22.842179467668
-34.824966320572
-145.705357142857
-94.957624515242
-144.145794933148
-170.092073779086
-29.241522366522
144.606591515039
-173.779298284181
-49.035874227769
-146.338994718389
-44.921877113772
-33.037956292839
91.833243145743
-146.595230344742
-165.283127029221
-194.013631008748
56.162718845824
-194.592011775117
-155.278306220689
21.591089466089
-125.947420634921
-181.392774705763
-44.299951242334
-41.215200272817
-171.877352627841
-171.470709466315
-199.902417027417
-146.577483822601
-98.966519970914
-195.042498788104
-92.241153865666
-183.499709004104
-142.6204004329
-38.360216985705
21.420083578531
-124.187708558802
-180.917949726055
-39.327671948277
-144.643751268263
-152.200417258523
-96.894021831034
-36.677246798341
-30.402785528274
-24.987301516843
-170.121663059163
-158.919011544012
-117.008768629374
-101.543228039322
-29.456099076705
-195.950306637807
41.886162828057
104.759810014205
72.25765819467
-164.244758903206
-36.529068587662
102.714386118439
-132.041403854392
2.578112669665
-168.62908662518
-168.010371572872
-40.206898082386
-41.570957200352
-200.200737142632
-136.120137620626
-103.010461760462
-23.655393217893
-154.199417444535
-33.450368641775
-85.306346810741
109.289424659542
-37.857163290269
-148.662358095464
22.179834054834
-2.639229206124
-113.199384328779
-157.948843203238
-98.817648443137
95.936966624955
-29.68462174761
-177.140262135868
-167.112193362193
-164.491001674107
-25.854785297168
-48.310626493732
-96.251623376623
-92.263278008883
-158.565648815161
-147.463736838249
-155.504120445527
-33.318452380952
-180.528409090909
-200.29455513562
-144.189963248557
-37.075479262491
-172.511072640467
107.529383187342
-187.866264486382
-39.059884559885
-132.685863940747
-159.19897425708
-39.640151515152
-161.853746378405
-28.031643161526
-198.226017851506
5.336118932066
-170.695346320346
-159.041408786526
-189.856622164728
-170.289690290179
-100.632575757576
-37.880591630592
-204.105421542433
-39.073322510823
-156.820083508072
99.084964460453
104.749077690972
136.014540635146
77.419282106782
-139.752726060832
-182.729687359082
2.251360564349
-41.539301356196
54.693021876127
-87.250270562771
-56.738443305826
-194.470696783685
-152.234217171717
-153.995851370851
-195.818542568543
-94.476932410038
27.616813362419
8.800837617244
-28.786956478851
-141.761433390828
-102.992957617469
-154.581702206214
-40.873196248196
-23.309794372294
-33.418101917614
137.107977444647
-9.166854792343
-29.065007285466
-38.485111297123
-79.137085137085
142.486049107143
-111.438139063627
-154.090089652101
-5.919892986788
-65.218606968119
139.909152913059
-31.456681773088
85.55744949495
-121.376713564214
-203.611819929203
-87.498397056503
-39.743153493642
-175.332611832612
-163.602966044372
-175.890422077922
-44.347389914773
56.092068846952
-157.676406926407
-41.054834054834
-151.400510405393
-56.356782106782
-37.243887676993
-177.16133784835
-181.770851300392
-26.616043244949
-29.687151932269
-26.927839711287
-27.89926046176
-90.265983636589
-39.051406926407
-32.121920939304
-31.625062003968
-180.943805380817
-39.823703694309
-149.758367012762
-97.63637138686
-30.194243636138
52.18894546751
-200.769853952471
-39.07892189191
-34.547070171582
2.30945405506
-100.88083400974
-157.485840548341
-151.133495600537
-195.603896103896
-93.155393217893
-35.435696248196
9.397263652146
-140.083575712482
-37.897214330808
-159.030024717036
-182.721480288375
-205.316538008433
-160.656184473079
-51.562582437094
-140.378697691198
-155.101017851506
-38.775695712707
-41.073314760326
-26.825667388167
-37.451639018534
-147.91323953824
-94.737914862915
-38.355138297033
-39.251443001443
-157.587670088158
-43.775461084055
-162.951028138528
-189.264893635011
-152.950048757666
-139.343947285354
-97.924435482053
-68.846132220644
-184.12022005772
-180.348575036075
-189.375350533798
-36.940594561688
-188.539301356196
-35.636912512401
-196.910652281746
135.514981356534
-135.277667157062
46.22314453125
-39.062502466067
-81.876092467645
-169.305207487825
-92.566087070482
-39.658098845599
100.279694616365
-154.695243450126
-182.746191688086
-127.591019711625
12.506596376714
-162.1847119352
-92.937381628788
-33.150072150072
-31.765775077787
-39.369408369408
-30.98844823796
-179.046446608947
-33.723366477273
-102.845668600063
-38.125110620716
-205.980449726055
-37.416859724477
49.952749453238
17.801296305691
-38.714466089466
-153.555924056412
-188.572268443362
102.515404110863
-33.184626679744
24.942341946248
-97.978715728716
-156.384206884695
2.64811620671
-39.345426220915
-188.255591630592
20.065187660647
18.334956709957
-110.684065121077
-165.487270867154
-143.810876623377
-40.860938486427
91.691468253968
-122.08370183419
-165.403208282603
-150.726752034858
-163.626505005411
-140.49235448796
57.376074500586
-55.836618486765
7.889672393579
-131.305104617605
-35.759810014205
-9.993424056412
-144.090007215007
-157.91133784835
-166.457714702832
-10.286263161751
-196.375971630366
-99.3384944591
-196.559085554203
-28.772144928639
-80.523157777552
14.206361888979
-93.659152913059
-195.204926638032
-79.99981962482
-38.935716681322
-202.84414809366
135.279852092352
-145.477162106557
-157.296426175821
12.484217171717
-179.355617418606
-160.314102943498
-34.238296046402
144.918568356557
-170.713195712707
20.600731787744
-31.303210678211
-27.909972351867
-176.541305916306
-194.727260044643
-185.675427545545
-123.985039076592
-34.629697505186
-36.535353535354
-198.310856190251
8.28763640873
-183.212870896465
-170.303040519593
4.843413910308
-74.467815712933
-39.324654891549
-90.734029046041
-152.14202502142
48.229625355114
-47.762688266595
-146.9616829568
-154.885101010101
-159.902146464646
7.484848484848
-139.420003607504
-122.595869408369
-68.669372294372
-204.086842898855
9.890692640693
-142.357475423882
-38.585650027056
-192.168831168831
-105.19887138686
-99.18252699991
-179.92792743281
26.458894892
22.852633477633
-29.86335805037
-28.940205627706
-33.412005095599
-187.200036075036
-100.147657518263
-83.307547433036
-29.242043058938
-47.51103142192
-36.8490055409
-31.840736466225
-29.597763347763
132.878267186373
-137.346583158595
-33.48374580064
-60.373299118416
-166.267426638032
-168.934892310381
-164.029741471636
-36.116780246663
133.487435741342
-27.124278499278
-170.255439439033
46.767937113884
-147.3770947477
28.075108295567
140.946719567325
-92.634580317686
129.404741471636
136.179084370491
-110.235938486427
-189.65951366342
-39.944173881674
-180.095500907513
-177.085407647908
-32.590277777778
-91.790834545229
-156.455279637897
-124.262827070933
-198.500894125406
-34.636286131403
-175.763888888889
-177.379030257936
110.390512265512
12.663507634943
-37.779102408009
10.177509610615
-36.560064935065
-91.614628427128
-173.968504097899
-69.994490806503
-39.892926897321
-32.119130056142
11.664489481872
-25.085920589827
-102.11840855542
-34.324306823819
-100.258755946744
-181.868965181954
-199.989628427128
-150.724587532693
-121.493346551452
-160.915757040269
4.49990981241
-163.456627519616
-34.222201789096
-176.282647907648
-32.258588254194
15.917027417027
-189.534111342217
-198.378027977882
-166.375020433126
-73.610459364854
-30.195645066739
-136.045614487509
-47.98635349026
-88.896554834055
-184.12012987013
-142.58074607684
-100.484155167749
-156.299332611833
-33.195707070707
-165.345209911616
-30.458632079726
-198.968787343299
110.101038284632
-150.953213426114
-34.325327070933
-94.868789738907
-176.426685239674
-36.405192409587
-183.140811011905
-155.622124213677
-34.734778730384
91.866883116883
-39.599054157648
45.818369943858
-202.396742959731
-37.561245124233
-139.763778268173
-32.669129915224
-35.241014356737
9.658098845599
-171.079074083469
107.989440301452
-70.962600333694
4.751976376488
6.541133291622
-93.003324258207
-139.253759695166
-148.724105945053
-153.493576247971
-144.513610575622
-189.011093073593
-21.054563492063
47.356589048972
-114.704968208874
-195.644758832747
-188.23366829568
-41.503164316153
42.917921542433
12.889069264069
-161.483044733045
-43.768869639475
-38.416187545094
-124.24304780506
-88.866141183036
-35.738553926542
-174.852445351957
-170.499278499279
140.676489363501
-171.678460807855
-91.657106782107
-187.148608715503
-45.792395917884
-200.857405669417
-31.069444444444
-131.536067285579
-83.35101010101
-159.907918470418
-187.255931947826
107.861221731827
-44.256751386634
-35.991883116883
18.646665454771
-180.169011544012
8.376904155957
134.684585813492
-41.378169248286
-30.641692454681
-164.484377113772
-172.914038543921
-33.314463693858
-147.689463693858
-33.21895503585
-186.174775799288
-191.600476725965
-112.467364774982
17.630393288352
18.424623607729
-160.164352439011
-163.850546480429
-5.068151168493
-183.413940605835
-115.6681998557
-111.741862683757
-146.810044501939
-167.203184890197
-38.079081833965
-168.535435972448
-167.810515873016
-35.944812945301
-60.953311011905
-177.545212166306
-155.931645557134
-36.791638483045
-96.896374458874
-94.183531746032
-35.25487012987
-178.501643809749
-132.836768212256
-142.998466810967
-204.392483709866
-177.187888933983
95.488824489313
-78.552226365215
97.30838202054
-197.036095469201
4.633650258162
-86.259407693001
-159.263257575758
-146.628344691333
-88.298783735795
123.567821067821
7.063311688312
-41.108232858721
-93.462752525253
9.632104386499
-163.385363822376
-55.663858168741
-136.055888122294
-130.781016780528
105.527610085227
-139.024342898855
-129.609577922078
-132.183691688086
-134.984134734623
-33.721881904987
-177.179681863276
-147.590187590188
2.217058630389
-3.321140041599
-168.919823232323
-166.665161661255
-43.018217893218
-107.392316017316
-193.088474025974
-178.556387676993
23.881944444444
-28.916576479076
-36.062111066017
44.957423706935
15.630431688537
-28.889409581304
-186.656385281385
-194.933905179022
-34.160353535354
-40.614648860254
96.256055251172
-85.776813897908
-163.437930504825
129.511634199134
-153.07664676903
-99.015520016008
-168.174603174603
-163.868338800956
-165.607766419778
-194.142316017316
23.142975514069
-142.341478400072
-92.57320413961
-146.416236161842
-153.511023319129
-38.944812945301
-143.02538393139
-190.875370966924
-174.466622841135
-189.950396825397
-162.326757389746
-34.444547314665
-192.058232999639
-31.596111787518
-155.847111601506
-36.819341574224
-39.025731646825
-33.628014590661
24.772649767767
19.400059467442
-100.700855513844
115.178329049423
-18.647789276696
8.407926220915
-171.236824861337
-151.000811688312
-187.715187590188
-34.877512569895
-150.74532292794
-160.446779105226
-42.96339158888
-20.747835497836
-94.110549552444
-151.948600824089
-35.477703232098
2.282217402823
-33.913038729933
-187.006944444444
-111.410173160173
-39.575389074901
-74.418934039051
-170.601911976912
-201.091708096591
99.919161269503
-201.515504515016
-200.52426046176
-110.314664502165
-177.278970649576
-26.042380416892
-36.215048081259
-33.60969629329
-105.662435600424
-36.749577245671
-172.812659942054
-64.248113811102
-183.034021154627
-24.874180561192
-117.084436017541
-138.677321484939
-143.800484617379
-94.487033420139
103.726649164637
-194.974033724522
-190.515602453102
109.797881859894
-206.938492063492
-38.977375597493
21.180717963677
-32.656898223304
-145.555846551452
-152.058544428662
-176.843995902101
-136.588736838249
130.860397360886
-77.40558134357
13.930928988546
-31.069985569986
55.969704720193
-30.57224025974
-188.591983591495
-120.850657101145
16.20020869972
-164.91341991342
-90.990079365079
-85.478084415584
26.543620143962
-61.547049738456
-40.982039986923
-114.173688616071
-95.750713750225
-92.418490851596
-190.595786971275
-191.195186378292
-22.861479611968
-182.716658775252
-176.632596190702
-77.239898989899
-208.275252525253
-183.895833333333
129.116432178932
-32.153978400072
-33.80312049062
-44.184351184839
20.438734442641
-177.102100102588
-33.412309478716
-29.720160590278
-33.174693362193
-152.022907647908
-155.445284316378
-87.894006682337
-166.580460013077
-152.654880275974
-170.909714471726
-73.966367779356
-28.076479076479
-55.465007215007
-17.716818717307
-32.435956594404
-110.188131313131
111.875200808306
-200.515241702742
-30.949507632125
-146.317079133974
-44.289695222312
-24.662530720148
29.578996578508
-29.898469206575
-176.78938379329
106.719787157287
-109.460046897547
-5.997634689529
-164.881202510597
-107.921356421356
-131.017483709866
-69.933511312906
19.432367057855
-41.018225643714
-165.924340362329
-186.756320881809
-144.058273865891
-170.167027417027
-159.092372877773
56.102071918966
-33.602515106421
-177.112726737238
-164.29050197849
-26.695359002976
-37.227182539683
-32.150716145833
-183.726523042929
-142.205467763573
-168.629517130005
-37.921204229798
-187.508485383974
-13.702731486179
-170.376963693858
-30.929916491928
81.514172134289
-171.640983636589
0.841617909001
-177.473484848485
-200.48288479099
-36.63638406949
-163.968413910308
-200.500118371212
-153.019918774802
-40.365793115305
-152.680375180375
-98.935966810967
-136.184134875541
-89.255390822285
-35.858523854618
-38.917568542569
-168.010031255637
15.71617965368
-33.977445351957
-74.1875
-6.202311197917
-34.963904530799
-39.080517084912
-31.875280779334
-23.999188311688
-127.216470649576
-33.93759018759
-29.785345784858
-148.375984312996
-169.357990831868
-39.034729972718
-119.5337174761
-173.902888398494
-1.971771284271
-209.930743681232
-116.731671486066
-33.916403854392
-88.40873015873
-183.322781385281
-184.808101241207
-88.691841686959
115.730179163285
-192.816375600311
-24.959242959731
-36.803875107098
6.525683030078
-165.146374458874
-204.149461270067
-29.728535353535
-76.198232323232
-183.249286249774
-49.387162642045
-33.857753737148
-45.661719031836
-152.056916119904
-171.513064165652
-155.050041429924
-36.826556581439
-24.662067099567
105.015061327561
-162.072088068182
-159.149739583333
-39.30467411278
-162.348402411391
108.659113808284
-154.316656379645
-73.803140923746
-41.815012569895
139.491081645134
-95.868936998332
-153.080004142992
-37.684240564123
10.495753432765
58.207972582973
-157.395645207657
-115.224324720418
51.536443536932
-146.077741702742
-195.626435250947
-152.968627401245
-147.760551948052
-34.723745194692
-40.794740795229
22.671979983992
-80.035984848485
7.564195597155
82.133395196383
-193.905553159948
-149.308830492424
-33.475930129983
-75.426767676768
-52.551406926407
-153.401883652372
-47.146825396825
-175.624015687004
-207.632284761679
8.839133522727
-36.875118371212
-170.4568001443
-153.625
25.124188311688
-143.763288225446
-192.907727878675
-38.676845181728
-175.129329004329
-31.366099612193
-32.642736305578
-81.386170578553
-148.619859307359
-126.867050809434
-61.304104803617
-195.232335914953
-49.362582296176
-98.262966579861
-177.427829494724
-114.992764559659
-88.852362914863
-86.69533856985
-43.646492830087
-91.71732390873
-168.827203043268
18.468867314326
103.403048340548
-182.863185425685
-152.307101427219
-30.038309292704
-39.618256363862
-29.525363145969
-162.619235744724
115.666223479212
-50.697989944084
-155.235147231241
-157.407449565409
-203.885482193588
-97.130042754554
-89.332140461535
-163.51842645202
106.151432714421
-152.787587791982
-120.10482616342
-27.764350043403
-137.558781875676
-34.829998858563
-153.722394846907
-30.600551412563
-39.441777216924
-133.761100824089
-168.393730835137
-36.489087301587
-154.58172263934
-158.860057043651
-35.590280243845
-94.2040120795
-143.465179839692
-103.065102757486
-99.019673577291
-41.030753968254
-180.653687404176
-196.934253246753
-47.348644790539
-154.109335542929
-175.660366217983
-183.678669366658
-37.181269305781
-164.232753737148
101.337149395743
-165.162149536661
-140.5818001443
-157.418588789683
-197.605720288826
-144.593697155709
-197.698051948052
-194.488746984352
-189.497384559885
-26.224036190589
98.911062353445
-37.251705813718
-165.470689033189
-157.491272236878
-192.164702972808
-203.324196203102
-39.424672929067
-157.884629639024
-183.654859842848
-183.580635456124
98.75268519458
-91.307281802399
-81.614185239674
101.25946969697
-93.781848901966
-40.70221325983
-151.566115254104
-170.553661616162
-36.35406872858
-30.957070707071
-158.640865265377
-28.827721269616
-98.147546897547
-195.02677796379
-102.119879740485
-72.834345829951
105.605769610164
-97.684974747475
-119.796987734488
-163.130681818182
-196.803293115305
-133.263540821158
-160.769467836851
-29.917470604482
-203.47008590368
42.797428455876
-151.118839060245
107.042375484758
-160.827491573097
-32.422459105565
-107.001270376759
-144.432740490846
-163.848193852588
-195.9519173318
-140.950708606714
-89.258477633478
-35.152667157062
-129.943354442866
-102.331189264295
-152.004529812635
-45.031212656701
-98.101370851371
-4.610201484713
27.372536751443
-31.806284806773
-106.345980029085
-29.679022366522
-117.92594823796
-153.44992545432
-83.947052134064
-185.983315295815
-31.669635106647
-24.717905900523
-176.585247705853
-80.360500231106
8.565774936869
-55.520485265602
-35.150621026109
-87.009281571293
-28.725468975469
-171.720078153184
-86.645202020202
-87.390494298453
-158.74618393759
-95.998719406678
-92.129968067956
53.959047083559
4.56422131471
-171.332369453463
-30.306735744724
12.149889308825
-86.118526926632
-75.048623793741
-36.305284992785
-212.028326653815
-170.188360657355
-46.219854445685
-89.741169366658
-29.106338919327
68.695959666419
-147.996011312906
-46.354326608721
-97.030114904627
-191.252442815431
-157.979416796311
-40.361260836603
-154.1636002886
-189.30313317325
-39.218434343434
-49.377074314574
-107.72906872858
-162.862451242334
5.575917517812
-39.89917027417
-205.852973794868
-183.427231297348
-36.27190783392
-97.600649350649
-186.493777056277
-170.598817415224
-179.750381183487
-175.089273031656
-158.873796911639
-33.895665640783
-156.376164688176
-38.632756132756
-184.848415094021
-154.93739712978
-30.334846089241
116.473322440363
-29.322260692866
-34.360397360886
-170.895021645022
-148.537448283054
-82.783722408234
-80.026966089466
-203.178501674107
-116.782758528364
152.534361471861
-32.0259944591
-26.418733230745
15.221823071677
37.848402411391
-197.748106060606
-156.247093563988
-32.265955452967
-106.414571918966
-99.578535423994
-162.626069568452
-35.103535353535
-42.016414141414
-155.531493436034
23.677128427128
19.577540894435
-115.823072381178
-128.612492108586
-30.964924777913
-171.9767936057
-140.158897851281
-80.004236350672
-156.122732627615
-30.129210633117
-87.324855699856
-35.018668831169
-39.036082786571
-144.989077085024
25.071158008658
-150.419913419913
-38.313873246979
-140.24042743281
-95.376249943633
-160.542949726055
-175.076721455628
-144.008309940927
-180.697961760462
-20.965646278635
-40.63359600469
-152.007854070842
-148.900334962347
-104.834595959596
-34.666105108
7.763089883207
16.276875901876
8.523567144661
-157.094246031746
-160.40367965368
-198.376713564214
-100.779380721275
-27.42403386544
33.325293955177
-169.669532236427
-151.738102988591
-192.096430967036
-35.770853766459
-25.93559831011
-101.186848253743
38.492133246528
-128.769181773088
14.262987012987
48.390790578779
10.584776334776
-99.16323953824
-157.661984662473
-124.431457431457
-82.252102498196
-153.136621516504
-103.009449263844
107.920183982684
-85.089744402733
-33.219065656566
-164.794630174513
-72.73729130028
-178.941189940702
10.748536565431
-37.327540894435
-157.357511358
-135.37976725965
-199.918678977273
-33.878053695437
-88.962314269931
-34.926525297619
-87.69409144458
1.495031932044
-88.804215424333
-164.930166621573
-155.640692640693
-96.701388888889
-121.874430690837
-148.574384328779
-30.538066913555
-161.62029756268
-100.771103896104
-157.771652772141
-29.59039614899
-38.074123982571
-153.856138111021
-148.888528138528
-85.062690591743
-148.132498252615
-156.88283856985
-99.033828096816
-170.50191437252
-92.243686868687
115.201208513709
-195.04903386544
-163.649378832973
-95.952561327561
-176.891692454681
-157.258498066604
-194.789321789322
-191.836247519841
8.777216219111
-53.141053391053
-137.756841574224
-33.280934343434
-189.714626031521
-33.908542033054
-30.279954962572
-34.635742539795
-30.631653448548
-6.015362540021
186.476079855474
-98.024371082477
-154.914301356196
-101.916785037879
-85.881375135281
-186.485201484713
-27.277625586219
-158.662899221005
-74.689484126984
-93.027770027282
-150.974755225244
-113.757397848462
-91.265594702606
-95.977182539683
-37.088023088023
-193.229146233541
-183.191385816874
-42.410812223801
-34.155290347673
0.666498974116
-169.346639878134
93.770395078012
-40.014721010326
43.632673695662
-188.808565214083
-141.297348484848
-29.623745124233
-32.940574128562
-63.797250546762
-32.159443908956
-37.292937043425
-157.823340477882
-30.591970908865
8.172910043516
-160.285521227904
-106.470586162969
-30.437028628923
-70.615432364944
-191.411157473169
-36.863005050505
-177.770111832612
-194.6920995671
-39.982330982819
108.557116928211
-187.771083462978
-163.247023809524
-96.590728715729
-144.781573407062
16.517604547146
-24.472670694106
-153.33083626443
-148.737041170635
-7.615419682314
-37.313409626398
-63.364981426993
-34.069645252751
-85.770472582973
-196.163940605835
-193.667014734398
-91.154323649441
-174.726744284361
-39.102342481737
104.429001933396
-188.077762135868
-86.235291672303
-114.5670995671
38.857495857008
-143.422098355204
-118.189373506268
-27.037768167163
-196.41619529559
-32.037345412834
-80.245470187365
-1.502893753382
-161.339757085363
17.439553881448
-55.041305916306
-180.991960621843
-28.252602757486
-189.922791672303
21.688664688176
-61.787580041486
94.696639596298
-27.29300151346
140.580797864245
-194.554563492064
-157.680222988817
51.249188311688
-40.735111297123
-171.374105874594
-167.00687468998
-184.384461946474
-27.565087256494
-37.464888843795
-196.81518519458
-158.892877575983
-186.360487548476
-148.17593555533
100.40194565634
-26.335137085137
-0.186340243957
-190.997642440025
-32.245830937725
-162.673098169192
-175.376803751804
-104.733147603265
-112.414494414006
-141.366883116883
33.886080390963
-158.875172624684
99.476030534136
-190.981413605925
55.305205021758
-38.375713750225
-199.886183261183
-164.462961084055
-36.904068587662
-37.268475773359
-37.857671300054
-144.675525483631
-31.950945701434
-201.438845063357
-40.340728715729
-68.803488991477
94.254942350401
-39.312311874324
55.898739769345
-148.117326304338
-35.309052438447
17.687402061914
16.758755946744
-140.246392496393
135.601383534001
-31.996593304699
39.836680490733
-151.849399407017
-156.142426638032
-39.382596190702
9.59595959596
-85.683601500496
-136.294274356286
-106.273371268488
114.85731301576
-37.161227227633
-153.605158730159
136.19093734499
-156.3357063943
-94.710054648043
107.911185656791
-36.223136780754
-134.64422263934
21.528138528139
-141.47964578824
-154.770464832477
-169.873224431818
-31.751693131088
3.03373015873
61.330475514069
-143.118957431457
-152.727362914863
-174.358766233766
-95.517213147096
-132.884018759019
-42.412427849928
-141.429731184614
43.757117069129
-36.266942584325
-152.308449308938
-36.936314878698
-184.20758364899
-210.355872480384
-32.189564098011
-189.277306406701
-104.060335497836
-152.355630101236
-187.215195340684
14.00182418493
-194.242604617605
-175.183469742064
-91.555475584528
114.273891960904
-157.533812595824
-33.344163594652
104.533542033054
-102.945867012762
-164.539891098485
-80.203914141414
-38.188131313131
-203.077860073954
-162.636363636364
15.829656075262
-121.535784040179
-43.089293464782
106.540646419553
-32.789223851236
-29.980269350875
-36.708854025749
133.122557184569
-81.669544919057
-162.222582972583
-99.917388167388
-154.468877530889
-130.277507215007
-35.757312945301
-32.079656075262
-159.800876017429
-181.090437719832
-164.317362379374
-40.001352813853
112.921016104122
-184.091880721275
-51.049512987013
-50.744207561102
-166.826741888754
-144.003267186373
-156.525711213699
50.432998370987
-138.463183030078
-177.593692223575
-25.631132756133
-44.91341991342
-171.603465599071
-36.952401385507
-169.58199320211
46.959984893579
-59.644849020337
-195.14698533888
-197.06135574495
-31.247474747475
-94.132106852566
-144.748709190115
-150.085958990012
26.202741702742
-87.153471094877
-191.781447285354
-54.288136668019
-38.948564889971
-156.451937764926
-90.280934343434
-34.316836754825
-29.428460807855
-184.874541311553
17.096402783414
-161.815375786323
-28.855339105339
-82.730241167253
-33.067029812635
-0.166646233541
-38.833501025884
-165.792846855835
-169.545627170139
-117.44724025974
-104.585608456214
-174.894689078283
-115.963211213699
-81.087994904401
-87.517135642136
-37.114009796627
-93.926517547123
-38.264950706845
6.281024531025
-33.806266839714
-44.114378297484
-40.676316738817
-34.462293836806
-173.950404575893
-206.68253968254
-163.725128658234
-28.223407343525
-165.958992830087
-35.859425730519
-89.768408484961
-171.644099335994
-38.081730742131
-1.254447375541
-40.512203508297
-33.496933621934
-163.594446840052
-183.138528138528
-94.468802844291
104.342444746009
-145.873564749053
-73.818751127345
-163.38896110942
-36.112303982909
-103.776705743258
-37.530475654987
68.812056812545
-111.149337966721
-79.091367779356
-31.03228469122
103.423252826817
-34.994289998196
-75.467614904627
-69.816280128292
-121.604256854257
-37.511085323097
-37.950667388167
-176.089819089331
-147.614267676768
-75.626984126984
-50.213842526831
-30.543047664141
-29.826411788082
-159.421106291712
-22.016973234014
-61.059273679879
-152.049172669778
-5.772887214782
-92.171248266707
96.94066678222
49.918563072128
-183.839375901876
-90.588724155619
-114.667560792072
-176.329918887536
-112.275051716946
-35.469503911887
-186.920183982684
9.933802308802
-176.619318181818
-147.098186102092
-44.475190662202
-174.005789972831
-165.787345412834
-139.02311620671
-30.316571124188
10.803700016346
-32.894009148404
-39.41847041847
-35.040654170049
17.446907693001
-79.722933506381
-151.25477994228
-202.785624098124
-86.522258367717
-33.506575943588
103.176767676768
64.796626984127
-195.180813435696
-199.094217495829
-108.076579480632
-141.976208443249
-197.532938903544
-32.773982148494
-151.475719105114
-153.383269074675
-118.184794372294
-38.960698643804
-164.953630896014
216.88483044733
-155.073044197556
109.804022366522
137.368588930601
-144.90482390873
-157.310773753157
14.453816203328
-182.208341083829
-154.050587487599
-104.296717171717
-34.900412467307
-148.12528852983
-34.108413233902
-153.282274474657
-29.402617835723
-115.472472351867
-23.416556045951
-148.476170043065
-132.769668645157
-133.734549738456
-117.11153386544
-161.413517851506
-30.10292447353
-160.454996392496
-32.227973794868
-15.215375715864
-42.972840852724
-32.733397732909
-27.229720474838
-170.302226365215
105.387376132982
-164.877983940972
-11.318632756133
-30.790146160263
-168.870580808081
-39.102932224026
-171.26118572725
143.058330937726
-160.152519897637
-34.415223665224
107.261932945527
-24.969789623354
-126.250450937951
-192.84326171875
49.919289857278
-128.816656379645
-36.145129799671
-33.750729251218
-169.313123562635
-87.242313621708
-151.876345063357
106.234206955154
-66.102551040539
7.90204852656
-97.070526695527
-191.886752570346
27.208305149711
-77.726530793425
-113.395361962256
6.290043290043
-34.501422568317
-197.305375180375
17.911525974026
-29.15854978355
-37.293228039322
-21.816210373828
-29.28737923318
-192.606954731466
-189.707153144165
-49.020903087798
-31.710116652011
-2.686507936508
-86.800082296176
-83.770472582973
-185.497016059028
-174.29032160331
-26.335567589962
-88.976350418245
-40.179022366522
-114.148371268488
-30.617514430014
-36.197531255637
-6.016885512491
106.956810360863
-85.840929524035
-209.212502395608
90.644060231218
-31.065538194444
-107.77580140129
-143.369117373512
-197.267697200803
46.504078874684
-157.846938976822
114.585490085002
-40.636925195031
13.158359191806
-183.347209539592
-159.037961224973
-52.644217707206
8.392568613028
-19.435183306277
-33.961461715368
-41.34422559862
141.629522062139
-39.227272727273
-106.561848253743
-55.248987503382
-15.326819393714
8.260371572872
-189.538267721861
-79.022997835498
-30.499270748782
-90.024781154176
12.19496513686
-165.162878787879
-160.391053391053
-179.788066913555
-52.467159034542
-198.717159034542
-114.328561141549
-164.602515106421
-38.784341038736
-103.129710187816
-161.548258111246
-165.887195757801
-176.266754458649
-28.426267417478
-36.839556277056
-32.278597216585
-185.867792743281
-139.601904226416
-159.882021949405
-202.638966393849
